Id,UserId,Date,RequestType
9198F3FF-E6B9-498C-7BAD-08DC8574DF88,157e4c9d-980e-4897-ad5f-f4c5c301f195,2024-05-03,1
1C8DFD41-D95F-4275-7BAE-08DC8574DF88,157e4c9d-980e-4897-ad5f-f4c5c301f195,2024-05-04,1
CF71D8AA-F337-41A6-7BAF-08DC8574DF88,157e4c9d-980e-4897-ad5f-f4c5c301f195,2024-05-05,1
90FA4D4B-6457-46DF-40A5-08DC86DE2C24,38b41087-0565-4dea-8ddf-e3b522a14368,2024-05-27,1
778818AC-5A5C-46AA-40A9-08DC86DE2C24,477951d3-95b8-4933-ad3b-ae6f86eafc55,2024-05-03,1
639D6E57-8D79-4A84-40AA-08DC86DE2C24,477951d3-95b8-4933-ad3b-ae6f86eafc55,2024-05-04,1
76B884B0-8C04-4A54-40AB-08DC86DE2C24,477951d3-95b8-4933-ad3b-ae6f86eafc55,2024-05-05,1
8AA665E9-3BC1-4746-40AC-08DC86DE2C24,ff7cc517-15bb-4dc9-a941-2902d92fc311,2024-05-02,1
0F56313A-FD99-4CA5-40AD-08DC86DE2C24,ff7cc517-15bb-4dc9-a941-2902d92fc311,2024-05-22,1
5B714FE5-1752-4D43-D427-08DC894A93BF,157e4c9d-980e-4897-ad5f-f4c5c301f195,2024-06-14,1
82163C7C-EA19-4FCA-D428-08DC894A93BF,157e4c9d-980e-4897-ad5f-f4c5c301f195,2024-06-15,1
A5B8CBEB-CCA7-4F1A-D429-08DC894A93BF,157e4c9d-980e-4897-ad5f-f4c5c301f195,2024-06-16,1
BC6EABEC-2148-4F0B-D42A-08DC894A93BF,157e4c9d-980e-4897-ad5f-f4c5c301f195,2024-06-17,1
D02F2E56-B4C5-42F1-D42B-08DC894A93BF,157e4c9d-980e-4897-ad5f-f4c5c301f195,2024-06-18,1
43670FF8-6543-407D-D42C-08DC894A93BF,157e4c9d-980e-4897-ad5f-f4c5c301f195,2024-06-19,1
81355C98-AEA3-49F9-D42D-08DC894A93BF,157e4c9d-980e-4897-ad5f-f4c5c301f195,2024-06-20,1
FD48D8E1-E03A-4915-D42E-08DC894A93BF,157e4c9d-980e-4897-ad5f-f4c5c301f195,2024-06-21,1
8A79C0E3-7D4D-4E28-D42F-08DC894A93BF,157e4c9d-980e-4897-ad5f-f4c5c301f195,2024-07-01,2
B22D97F8-5EAD-44FB-D430-08DC894A93BF,157e4c9d-980e-4897-ad5f-f4c5c301f195,2024-07-03,2
411D4071-5E95-4F03-D431-08DC894A93BF,157e4c9d-980e-4897-ad5f-f4c5c301f195,2024-07-02,2
AF333E2E-1CE6-4EA0-D432-08DC894A93BF,157e4c9d-980e-4897-ad5f-f4c5c301f195,2024-07-05,2
3B1D9CA2-B6D3-4A93-D433-08DC894A93BF,157e4c9d-980e-4897-ad5f-f4c5c301f195,2024-07-06,2
9D731E8A-B893-4414-D436-08DC894A93BF,157e4c9d-980e-4897-ad5f-f4c5c301f195,2024-06-30,2
1B22DB39-B935-4FA1-D437-08DC894A93BF,157e4c9d-980e-4897-ad5f-f4c5c301f195,2024-06-30,2
8BBD2053-ECEC-48FB-D53A-08DC8ABF494E,157e4c9d-980e-4897-ad5f-f4c5c301f195,2024-06-27,2
A13C62FB-5503-4E71-23A4-08DD023F5558,157e4c9d-980e-4897-ad5f-f4c5c301f195,2024-11-14,1
D24ACAC5-987D-44B9-23A5-08DD023F5558,157e4c9d-980e-4897-ad5f-f4c5c301f195,2024-11-15,1
2DB12A17-041A-4257-23A6-08DD023F5558,157e4c9d-980e-4897-ad5f-f4c5c301f195,2024-11-16,1
5ED04B6C-6CE2-4FF6-23A7-08DD023F5558,157e4c9d-980e-4897-ad5f-f4c5c301f195,2024-11-17,1
8B81E7A9-5D5E-4CDD-23A8-08DD023F5558,157e4c9d-980e-4897-ad5f-f4c5c301f195,2024-11-18,1
7B26754D-F976-45A7-23A9-08DD023F5558,157e4c9d-980e-4897-ad5f-f4c5c301f195,2024-11-19,1
2E592575-92DE-4CF4-23AA-08DD023F5558,157e4c9d-980e-4897-ad5f-f4c5c301f195,2024-11-21,2
AD922899-FD4B-42E1-CF50-08DD0A534CDF,78732633-0af4-4912-9602-d3923d7c10d0,2024-12-30,1
D374FAB8-C2DB-4637-CF51-08DD0A534CDF,78732633-0af4-4912-9602-d3923d7c10d0,2024-12-31,1
32026D43-74E5-4A3F-CF52-08DD0A534CDF,78732633-0af4-4912-9602-d3923d7c10d0,2025-01-01,1
C0CC5FAE-AFB0-4703-CF53-08DD0A534CDF,78732633-0af4-4912-9602-d3923d7c10d0,2025-01-02,1
09A0BF7A-C7EC-4CA8-CF54-08DD0A534CDF,78732633-0af4-4912-9602-d3923d7c10d0,2025-01-03,1
8D9DFD1E-DB4A-4789-CF55-08DD0A534CDF,78732633-0af4-4912-9602-d3923d7c10d0,2025-01-14,2
DEFCD436-64A4-4BAF-40F7-08DD0D72F62E,157e4c9d-980e-4897-ad5f-f4c5c301f195,2024-12-11,2
30BFF083-BE07-46D3-40F8-08DD0D72F62E,157e4c9d-980e-4897-ad5f-f4c5c301f195,2024-12-12,2
12D97F9C-D47C-4F09-E1AF-08DD0DECB7AB,0fac737b-0e61-46db-a27a-52730d65cb9a,2024-12-10,2
B9368B5B-F62F-4CC4-E1B0-08DD0DECB7AB,0fac737b-0e61-46db-a27a-52730d65cb9a,2024-12-12,2
45241DE6-E415-4114-E1B1-08DD0DECB7AB,0fac737b-0e61-46db-a27a-52730d65cb9a,2024-12-13,2
93BDE2F1-30AD-4E11-E1B2-08DD0DECB7AB,0fac737b-0e61-46db-a27a-52730d65cb9a,2025-02-18,2
642AE6A3-F84E-44BD-ADDA-08DD0F162B01,23585a8f-5bb9-44d7-a5f9-d7498c60ab2c,2024-12-15,2
D37008DB-85C5-469B-46D9-08DD0F36921F,57f57d9a-735a-4bcc-afb6-f2799bd738a4,2024-12-14,2
1D4DAE5F-2E9E-4B1A-46DA-08DD0F36921F,57f57d9a-735a-4bcc-afb6-f2799bd738a4,2024-12-15,2
D1CA1DD4-685F-4165-E48F-08DD0F8F1F2B,b5ca6829-6ac9-4e18-96d7-3282ff6f3250,2024-12-12,2
A62B89EE-4D0F-4C80-E490-08DD0F8F1F2B,b5ca6829-6ac9-4e18-96d7-3282ff6f3250,2024-12-18,2
2994B063-9E66-4EE5-1AC9-08DD0FA67C38,f03ea971-0ec2-4be7-aae9-364f3922b741,2024-12-12,2
4805D3C9-30D4-4CAA-1ACA-08DD0FA67C38,f03ea971-0ec2-4be7-aae9-364f3922b741,2024-12-14,2
32933DF4-F387-4410-93F0-08DD0FB1DAA1,c720feeb-93e1-4d88-b275-525f95f377ee,2024-12-09,2
DF4AF2FC-A0BC-4DF1-93F1-08DD0FB1DAA1,c720feeb-93e1-4d88-b275-525f95f377ee,2024-12-10,2
B0CB431B-9C9A-4A15-430F-08DD0FC50F77,23585a8f-5bb9-44d7-a5f9-d7498c60ab2c,2025-01-20,2
D5DCC421-56A4-489F-E181-08DD0FE79564,6663d684-ce88-47ff-a4f7-e40d3b82a13f,2024-12-09,2
0A9DAC1A-920D-4561-E182-08DD0FE79564,6663d684-ce88-47ff-a4f7-e40d3b82a13f,2024-12-10,2
E3EB1FE3-5597-4557-4F3D-08DD0FED0025,6663d684-ce88-47ff-a4f7-e40d3b82a13f,2024-12-14,2
C041210E-B424-46AA-798F-08DD10435DF7,38b41087-0565-4dea-8ddf-e3b522a14368,2024-12-09,2
FE2C27BA-3267-4D41-1EFF-08DD105B2202,27e0791f-5767-4877-b1e4-c80aceb86623,2024-12-10,2
AF5F4D1E-CC17-4E3E-1F00-08DD105B2202,27e0791f-5767-4877-b1e4-c80aceb86623,2024-12-11,2
397FBA53-D4DA-4811-1F01-08DD105B2202,27e0791f-5767-4877-b1e4-c80aceb86623,2024-12-12,2
AFE4FC7C-0938-49CD-1F02-08DD105B2202,27e0791f-5767-4877-b1e4-c80aceb86623,2024-12-18,2
5E2F36C1-04DD-4688-1F03-08DD105B2202,27e0791f-5767-4877-b1e4-c80aceb86623,2024-12-19,2
D5728E39-3887-434C-B026-08DD107142D6,8b9bd17e-0e24-43f0-81f3-854b0464555f,2024-12-20,2
41EFDB56-9CB0-4A37-7D4A-08DD107621A8,57f57d9a-735a-4bcc-afb6-f2799bd738a4,2024-12-09,2
D8449535-D8F9-41D3-7D4B-08DD107621A8,57f57d9a-735a-4bcc-afb6-f2799bd738a4,2024-12-10,2
8080D8AC-997F-4ADC-7D4D-08DD107621A8,57f57d9a-735a-4bcc-afb6-f2799bd738a4,2024-12-18,2
8B3C4C8B-6A0A-4B02-7D4E-08DD107621A8,57f57d9a-735a-4bcc-afb6-f2799bd738a4,2024-12-19,2
E1186C3F-9EB1-4B9A-24CA-08DD10A57E19,ff7cc517-15bb-4dc9-a941-2902d92fc311,2024-12-12,2
6CCC9C4B-D9A5-4A9C-24CB-08DD10A57E19,ff7cc517-15bb-4dc9-a941-2902d92fc311,2024-12-11,2
24E5751B-F440-4A35-24CC-08DD10A57E19,b8eaaef1-8890-4d24-8c6c-3db23f8812a0,2024-12-14,2
3FF38B16-9FED-44CF-661F-08DD10B48FD6,b8eaaef1-8890-4d24-8c6c-3db23f8812a0,2024-12-13,2
4683E139-7E33-428B-E37F-08DD10BDC3E3,7afecb62-aa18-4106-a82b-a906fa7e488d,2024-12-10,1
50BCC53E-2CD5-466B-FEB5-08DD1120E723,6663d684-ce88-47ff-a4f7-e40d3b82a13f,2024-12-17,2
855FD21D-4D4D-4967-FEB6-08DD1120E723,6663d684-ce88-47ff-a4f7-e40d3b82a13f,2024-12-18,2
B1C4F3AA-00F0-49D3-FEB9-08DD1120E723,6663d684-ce88-47ff-a4f7-e40d3b82a13f,2024-12-21,2
C2FC61DF-094D-461E-FEBA-08DD1120E723,6663d684-ce88-47ff-a4f7-e40d3b82a13f,2025-01-07,2
08C5BDA2-0299-410D-FEBB-08DD1120E723,6663d684-ce88-47ff-a4f7-e40d3b82a13f,2025-01-14,2
E2BB71AA-50C2-4043-0ED2-08DD112778ED,ab577efb-8d05-4666-a51a-6b95edc5ec45,2024-12-16,2
DE06C3FA-A2F1-4722-0ED4-08DD112778ED,ab577efb-8d05-4666-a51a-6b95edc5ec45,2024-12-20,2
1C55D326-E040-473B-67AB-08DD11347B80,1ddcffe7-c2ad-4836-a35b-75b12da1d336,2024-12-16,2
BB0CB4D0-5330-44D8-67AC-08DD11347B80,1ddcffe7-c2ad-4836-a35b-75b12da1d336,2024-12-18,2
C8A6E555-F73C-48E0-269C-08DD114667C4,fafe9819-8c58-4398-a1cc-77584270b6ed,2024-12-20,2
FBA0D960-9306-40EA-168F-08DD11893071,2c075776-4fd8-49f3-b781-7842bd8156de,2024-12-11,2
C38B00B1-E4EA-4F65-66D5-08DD11D00A3E,1641a578-00b2-4973-955d-095bc254d709,2024-12-12,2
26CA94B5-93CC-4D4F-66D6-08DD11D00A3E,1641a578-00b2-4973-955d-095bc254d709,2024-12-09,2
1544F1FF-C03A-4739-66D7-08DD11D00A3E,1641a578-00b2-4973-955d-095bc254d709,2024-12-14,2
9D5437EC-D3A8-4109-66DB-08DD11D00A3E,f03ea971-0ec2-4be7-aae9-364f3922b741,2024-12-16,2
C2A3E622-EDE2-4069-00FD-08DD122C1602,43072b87-23d4-4ad6-88f8-7999ef3c86ca,2024-12-09,2
E77875A5-A41F-4343-00FE-08DD122C1602,43072b87-23d4-4ad6-88f8-7999ef3c86ca,2024-12-13,2
21CBAE5D-8A99-4C0A-3DF0-08DD12324B8A,ff7cc517-15bb-4dc9-a941-2902d92fc311,2024-12-14,2
EA718209-E0B3-4D8B-3DF1-08DD12324B8A,ff7cc517-15bb-4dc9-a941-2902d92fc311,2024-12-14,2
3E7A7DC4-ABEE-42E1-3DF2-08DD12324B8A,ff7cc517-15bb-4dc9-a941-2902d92fc311,2024-12-14,2
007D1E88-FD86-42FE-3DF3-08DD12324B8A,4da65404-40f7-408c-8831-dec60d86d60b,2024-12-10,2
DCE881C5-28A1-43C9-3DF5-08DD12324B8A,4da65404-40f7-408c-8831-dec60d86d60b,2024-12-13,2
F35668FD-B55D-459B-5BC0-08DD123C9B02,c280d18d-86b9-4bba-85e6-2c00472efd9d,2024-12-09,2
6A315FF5-7AF2-410E-5BC1-08DD123C9B02,c280d18d-86b9-4bba-85e6-2c00472efd9d,2024-12-11,2
D17AB9D7-6046-4198-5BC2-08DD123C9B02,c280d18d-86b9-4bba-85e6-2c00472efd9d,2024-12-14,2
ACED9CDB-89D6-44CC-5BC3-08DD123C9B02,c280d18d-86b9-4bba-85e6-2c00472efd9d,2024-12-15,2
69006B05-3764-4E5B-1F97-08DD12A985C2,c720feeb-93e1-4d88-b275-525f95f377ee,2025-01-05,2
026CA80D-184E-4A64-57B9-08DD136EFD48,1b96029f-d249-4657-97e1-ce4086f265fc,2024-12-21,2
D2DD7BB1-F632-4B69-57BA-08DD136EFD48,1b96029f-d249-4657-97e1-ce4086f265fc,2024-12-23,2
B6661016-8D30-407D-57BB-08DD136EFD48,0fac737b-0e61-46db-a27a-52730d65cb9a,2025-02-22,1
4A96B67C-D5E3-4330-57BC-08DD136EFD48,0fac737b-0e61-46db-a27a-52730d65cb9a,2025-02-23,1
7CB1451D-3E0B-45B6-57BD-08DD136EFD48,0fac737b-0e61-46db-a27a-52730d65cb9a,2025-02-24,1
F8FB98BF-B2F1-4740-57BE-08DD136EFD48,0fac737b-0e61-46db-a27a-52730d65cb9a,2025-02-25,1
E0DE392E-EE34-4A8B-57BF-08DD136EFD48,0fac737b-0e61-46db-a27a-52730d65cb9a,2025-02-26,1
0FE28487-DA19-4726-57C0-08DD136EFD48,0fac737b-0e61-46db-a27a-52730d65cb9a,2025-02-27,1
4C719B1B-814B-4F32-57C1-08DD136EFD48,0fac737b-0e61-46db-a27a-52730d65cb9a,2025-02-28,1
4A215BF4-0722-452D-57C2-08DD136EFD48,0fac737b-0e61-46db-a27a-52730d65cb9a,2025-03-01,1
F8F07F82-BB63-40EE-57C3-08DD136EFD48,0fac737b-0e61-46db-a27a-52730d65cb9a,2025-03-02,1
2B6F378D-AA1F-42C8-5AA1-08DD139EE8DC,1641a578-00b2-4973-955d-095bc254d709,2024-12-16,2
3BF91226-87D4-4AB3-5AA2-08DD139EE8DC,1641a578-00b2-4973-955d-095bc254d709,2024-12-18,2
16E06B2C-5D75-4220-4D8C-08DD1446E370,144bc00f-b27f-49a9-8664-9bcd79ea6975,2024-12-17,2
593D43AA-20DD-42B3-F03B-08DD14508766,b5ca6829-6ac9-4e18-96d7-3282ff6f3250,2024-12-16,2
42809840-44ED-4B6B-21C1-08DD14565199,1a75df7a-e558-47c6-8af0-033582318b99,2024-12-18,2
62059C6F-92A4-4037-6CF6-08DD150A0447,ff7cc517-15bb-4dc9-a941-2902d92fc311,2024-12-16,2
1091F448-B179-4342-6CF7-08DD150A0447,ff7cc517-15bb-4dc9-a941-2902d92fc311,2024-12-17,2
12C424D3-4212-4493-6CF8-08DD150A0447,ff7cc517-15bb-4dc9-a941-2902d92fc311,2024-12-18,2
2E7EF91A-7045-4EBF-A444-08DD1794FCA3,d71b50b4-750e-4644-9786-becc6520c6d7,2024-12-16,2
0F6C5A30-FA9E-42BD-A445-08DD1794FCA3,d71b50b4-750e-4644-9786-becc6520c6d7,2024-12-17,2
866EF6F3-FC7D-41FA-A446-08DD1794FCA3,d71b50b4-750e-4644-9786-becc6520c6d7,2024-12-21,2
508B3732-543C-426B-A447-08DD1794FCA3,d71b50b4-750e-4644-9786-becc6520c6d7,2024-12-23,2
E92389FB-3A33-46A1-A448-08DD1794FCA3,d71b50b4-750e-4644-9786-becc6520c6d7,2024-12-28,2
BF486944-1908-4D82-A449-08DD1794FCA3,d71b50b4-750e-4644-9786-becc6520c6d7,2024-12-30,2
E5C1DB3C-FFB4-4574-A44A-08DD1794FCA3,d71b50b4-750e-4644-9786-becc6520c6d7,2024-12-31,2
642465CE-1522-414E-A44B-08DD1794FCA3,d71b50b4-750e-4644-9786-becc6520c6d7,2025-01-01,2
74BB1FE2-3A9B-4BE5-A44C-08DD1794FCA3,d71b50b4-750e-4644-9786-becc6520c6d7,2025-01-04,2
512DDF1F-88A9-402B-A44D-08DD1794FCA3,d71b50b4-750e-4644-9786-becc6520c6d7,2025-01-09,2
ECD3D027-A484-4BC5-A44E-08DD1794FCA3,d71b50b4-750e-4644-9786-becc6520c6d7,2025-01-11,2
C29C4B90-1739-468F-5A9B-08DD185EAD93,8982ec1f-1303-4c68-a89f-db4b125e1e3b,2024-12-26,2
CCB3D355-DBD8-4EB6-5A9C-08DD185EAD93,8982ec1f-1303-4c68-a89f-db4b125e1e3b,2024-12-25,2
A8B48C7E-E875-4430-23AD-08DD186ED59C,b8eaaef1-8890-4d24-8c6c-3db23f8812a0,2025-01-02,1
8C48E269-0021-4953-23AE-08DD186ED59C,b8eaaef1-8890-4d24-8c6c-3db23f8812a0,2025-01-03,1
9BE41D73-6BFE-4D25-23AF-08DD186ED59C,b8eaaef1-8890-4d24-8c6c-3db23f8812a0,2025-01-04,1
2BAECB10-FD29-4F2E-1A5D-08DD18753203,ff7cc517-15bb-4dc9-a941-2902d92fc311,2024-12-24,2
06B6A420-706A-4ED5-1A5F-08DD18753203,ff7cc517-15bb-4dc9-a941-2902d92fc311,2025-01-09,2
6BABCA3C-5E21-4D3D-1A60-08DD18753203,477951d3-95b8-4933-ad3b-ae6f86eafc55,2024-12-24,2
4FBFCBE2-437B-4C58-1A61-08DD18753203,477951d3-95b8-4933-ad3b-ae6f86eafc55,2024-12-29,2
7BC6CC0D-8432-462F-53EC-08DD18AFE0E4,0fac737b-0e61-46db-a27a-52730d65cb9a,2024-12-28,2
394412DD-7C88-4528-53EE-08DD18AFE0E4,0fac737b-0e61-46db-a27a-52730d65cb9a,2024-12-29,2
BC350ED1-73A8-4BC8-53EF-08DD18AFE0E4,0fac737b-0e61-46db-a27a-52730d65cb9a,2024-12-31,2
922A715F-073C-466D-53F0-08DD18AFE0E4,0fac737b-0e61-46db-a27a-52730d65cb9a,2025-01-02,2
8FCFE1F4-7B50-4B86-53F1-08DD18AFE0E4,0fac737b-0e61-46db-a27a-52730d65cb9a,2025-01-03,2
70EE3ED5-E429-4E25-53F2-08DD18AFE0E4,0fac737b-0e61-46db-a27a-52730d65cb9a,2025-01-07,2
3424FD18-9DA3-49CA-53F3-08DD18AFE0E4,0fac737b-0e61-46db-a27a-52730d65cb9a,2025-01-09,2
C49AF45E-D85E-49B8-53F4-08DD18AFE0E4,0fac737b-0e61-46db-a27a-52730d65cb9a,2025-01-10,2
F70A8E2C-79FA-41E8-53F5-08DD18AFE0E4,0fac737b-0e61-46db-a27a-52730d65cb9a,2025-01-13,2
94EA8DFE-0508-46ED-53F6-08DD18AFE0E4,0fac737b-0e61-46db-a27a-52730d65cb9a,2025-01-16,2
B970AC2C-2C76-4799-53F7-08DD18AFE0E4,0fac737b-0e61-46db-a27a-52730d65cb9a,2025-01-17,2
81DF3966-3985-4A9B-53F8-08DD18AFE0E4,0fac737b-0e61-46db-a27a-52730d65cb9a,2024-12-14,1
0A013128-7AA6-4C37-53F9-08DD18AFE0E4,0fac737b-0e61-46db-a27a-52730d65cb9a,2024-12-15,1
431FCBE4-5306-4442-53FA-08DD18AFE0E4,0fac737b-0e61-46db-a27a-52730d65cb9a,2024-12-16,1
D9FFFFBB-BB77-4AE2-53FB-08DD18AFE0E4,0fac737b-0e61-46db-a27a-52730d65cb9a,2024-12-17,1
DBA3A6EF-8A1E-4390-53FC-08DD18AFE0E4,0fac737b-0e61-46db-a27a-52730d65cb9a,2024-12-18,1
40F91961-D07A-400E-53FD-08DD18AFE0E4,0fac737b-0e61-46db-a27a-52730d65cb9a,2024-12-19,1
DCFCC2DF-5967-4A9E-53FE-08DD18AFE0E4,0fac737b-0e61-46db-a27a-52730d65cb9a,2024-12-20,1
BF135DB2-2514-481B-B2A6-08DD18B681B0,0fac737b-0e61-46db-a27a-52730d65cb9a,2024-12-23,2
22F640CD-3493-4B74-3520-08DD19273860,38b41087-0565-4dea-8ddf-e3b522a14368,2024-12-31,2
18E702F4-642D-415A-3521-08DD19273860,38b41087-0565-4dea-8ddf-e3b522a14368,2025-01-01,2
BA90077E-C6FF-4DE1-3522-08DD19273860,38b41087-0565-4dea-8ddf-e3b522a14368,2025-01-02,2
1B74A0A4-C42F-4BE6-3523-08DD19273860,57f57d9a-735a-4bcc-afb6-f2799bd738a4,2024-12-31,2
E9E57D1E-E8D0-4063-3524-08DD19273860,57f57d9a-735a-4bcc-afb6-f2799bd738a4,2025-01-01,2
628E2183-CABE-483D-2E9F-08DD1936CF4E,925fe8e4-a2de-433d-8c9d-b07fd34a8c36,2024-12-23,2
A0045A7E-7D50-4610-2EA0-08DD1936CF4E,925fe8e4-a2de-433d-8c9d-b07fd34a8c36,2024-12-24,2
E40F22E1-C86F-439B-2EA1-08DD1936CF4E,925fe8e4-a2de-433d-8c9d-b07fd34a8c36,2024-12-31,2
A947E8D9-19C1-4B00-2EA2-08DD1936CF4E,925fe8e4-a2de-433d-8c9d-b07fd34a8c36,2025-01-01,2
6E4BBB7C-FFFA-4036-61DB-08DD19B462D9,9964c775-c7f7-42d2-9d2c-a75cb68487d1,2025-01-01,1
B8205BC7-5967-4367-61DC-08DD19B462D9,6663d684-ce88-47ff-a4f7-e40d3b82a13f,2024-12-31,2
AA6C4B22-BCD0-41D6-61DD-08DD19B462D9,6663d684-ce88-47ff-a4f7-e40d3b82a13f,2025-01-01,2
76E827DF-1BDD-416F-61DE-08DD19B462D9,6663d684-ce88-47ff-a4f7-e40d3b82a13f,2025-01-02,2
9932F298-87FF-4B7B-CC1B-08DD19D6C3AE,ff7cc517-15bb-4dc9-a941-2902d92fc311,2024-12-24,2
419CD95D-3A3D-4066-CC1C-08DD19D6C3AE,ff7cc517-15bb-4dc9-a941-2902d92fc311,2024-12-25,2
CA6AEC03-4777-4BC3-CC1D-08DD19D6C3AE,ff7cc517-15bb-4dc9-a941-2902d92fc311,2025-01-01,2
199A5BAA-4A0B-46A9-89F6-08DD19F38AAD,c720feeb-93e1-4d88-b275-525f95f377ee,2025-01-03,2
C0890309-59F5-4AF7-A2B3-08DD1A05095E,7afecb62-aa18-4106-a82b-a906fa7e488d,2024-12-24,2
88196291-9611-4F72-273D-08DD1D52265F,c280d18d-86b9-4bba-85e6-2c00472efd9d,2024-12-28,2
7B9867CC-BF5C-4E60-754E-08DD1E925881,38b41087-0565-4dea-8ddf-e3b522a14368,2025-01-13,2
A9F1F23C-2BB6-4854-E486-08DD27403898,c280d18d-86b9-4bba-85e6-2c00472efd9d,2025-01-08,2
33508E63-1354-48A2-BD95-08DD2804CEAA,8b9bd17e-0e24-43f0-81f3-854b0464555f,2025-01-20,2
78A2A88F-1815-4491-F3C4-08DD2856A847,c280d18d-86b9-4bba-85e6-2c00472efd9d,2025-01-09,2
D02E04B4-5BF2-4366-F3C5-08DD2856A847,c280d18d-86b9-4bba-85e6-2c00472efd9d,2025-01-12,2
85ABE070-2927-4901-3950-08DD28C97D8A,57f57d9a-735a-4bcc-afb6-f2799bd738a4,2025-01-15,2
A631D49B-25D5-48CC-90F9-08DD28FFD3FE,b5ca6829-6ac9-4e18-96d7-3282ff6f3250,2025-01-16,2
DEA7F293-7C9B-414F-7863-08DD2974FE14,c720feeb-93e1-4d88-b275-525f95f377ee,2025-01-21,2
9AF1B06F-41A3-4AE1-7864-08DD2974FE14,c720feeb-93e1-4d88-b275-525f95f377ee,2025-01-23,2
08AF3D2F-F2E8-4CF3-7865-08DD2974FE14,c720feeb-93e1-4d88-b275-525f95f377ee,2025-01-15,2
521AC302-4D90-4DC6-7866-08DD2974FE14,c720feeb-93e1-4d88-b275-525f95f377ee,2025-01-17,1
411369DD-4C26-4AD4-77B9-08DD29BF59A8,1641a578-00b2-4973-955d-095bc254d709,2025-01-13,2
1BBE1532-8F84-497D-77BA-08DD29BF59A8,1641a578-00b2-4973-955d-095bc254d709,2025-01-14,2
72276984-800A-430F-77BB-08DD29BF59A8,1641a578-00b2-4973-955d-095bc254d709,2025-01-16,2
0B542A60-4FB2-49E0-5768-08DD2B3017FB,1a75df7a-e558-47c6-8af0-033582318b99,2025-01-18,1
1C2DB2F3-35A5-4450-5769-08DD2B3017FB,1a75df7a-e558-47c6-8af0-033582318b99,2025-01-19,1
9760A6C7-2CC6-4007-576A-08DD2B3017FB,1a75df7a-e558-47c6-8af0-033582318b99,2025-01-20,1
0D503158-5C1C-4FF0-1B40-08DD2B495411,23585a8f-5bb9-44d7-a5f9-d7498c60ab2c,2025-02-01,2
87A0C2CC-5A8B-4F49-1B41-08DD2B495411,23585a8f-5bb9-44d7-a5f9-d7498c60ab2c,2025-03-20,2
32135C84-3560-4180-EDC4-08DD2B522C69,57f57d9a-735a-4bcc-afb6-f2799bd738a4,2025-01-18,2
42D7F7BB-1439-450E-EDC5-08DD2B522C69,57f57d9a-735a-4bcc-afb6-f2799bd738a4,2025-01-19,2
4F5C4692-73E5-4DD1-EDC6-08DD2B522C69,925fe8e4-a2de-433d-8c9d-b07fd34a8c36,2025-01-17,2
C74EFA85-7702-456B-EDC7-08DD2B522C69,925fe8e4-a2de-433d-8c9d-b07fd34a8c36,2025-01-18,2
7494BE9A-3104-44D8-7FC9-08DD2BC017FA,6663d684-ce88-47ff-a4f7-e40d3b82a13f,2025-01-18,2
E2A87880-B78E-4B7B-C642-08DD2C162EB1,43072b87-23d4-4ad6-88f8-7999ef3c86ca,2025-01-16,2
7B8775C8-8359-4D36-C644-08DD2C162EB1,43072b87-23d4-4ad6-88f8-7999ef3c86ca,2025-01-18,2
18D69FD7-A927-48BD-3515-08DD2C7FC537,ff7cc517-15bb-4dc9-a941-2902d92fc311,2025-01-16,2
A5847152-DF6C-4DBD-3516-08DD2C7FC537,ff7cc517-15bb-4dc9-a941-2902d92fc311,2025-01-17,2
5BAA8809-10FD-46CE-5741-08DD2CF517AE,d71b50b4-750e-4644-9786-becc6520c6d7,2025-01-14,2
568102FE-5F8D-4B3F-5742-08DD2CF517AE,d71b50b4-750e-4644-9786-becc6520c6d7,2025-01-16,2
50339F56-2EDB-4B25-5743-08DD2CF517AE,d71b50b4-750e-4644-9786-becc6520c6d7,2025-01-18,2
55FFCD6A-829A-46A1-DACE-08DD2D4E656B,38b41087-0565-4dea-8ddf-e3b522a14368,2025-01-18,2
E040B097-C713-49B6-DACF-08DD2D4E656B,38b41087-0565-4dea-8ddf-e3b522a14368,2025-01-19,2
A60244FA-6700-499D-DAD0-08DD2D4E656B,38b41087-0565-4dea-8ddf-e3b522a14368,2025-01-24,2
7E457E42-567E-48C1-DAD2-08DD2D4E656B,38b41087-0565-4dea-8ddf-e3b522a14368,2025-01-29,2
6620F17D-7F3F-4D95-DAD3-08DD2D4E656B,38b41087-0565-4dea-8ddf-e3b522a14368,2025-01-30,2
42F00F12-C7CF-409D-9D70-08DD2D82F61B,8b9bd17e-0e24-43f0-81f3-854b0464555f,2025-01-18,2
CF66F49D-DE6D-421E-9D71-08DD2D82F61B,8b9bd17e-0e24-43f0-81f3-854b0464555f,2025-01-24,2
22F0A832-97AC-4FA7-5B0F-08DD2EF278FC,1b96029f-d249-4657-97e1-ce4086f265fc,2025-01-22,2
2803503A-A140-4687-5B10-08DD2EF278FC,1b96029f-d249-4657-97e1-ce4086f265fc,2025-01-29,2
6F7D7E42-C753-44C9-5B11-08DD2EF278FC,1b96029f-d249-4657-97e1-ce4086f265fc,2025-01-30,2
CD1E1C9C-6972-458C-5B12-08DD2EF278FC,27e0791f-5767-4877-b1e4-c80aceb86623,2025-01-24,2
F5A701CB-B0FC-42EF-5B13-08DD2EF278FC,0fac737b-0e61-46db-a27a-52730d65cb9a,2025-01-20,2
391CD9ED-6EE8-4E8F-5B14-08DD2EF278FC,0fac737b-0e61-46db-a27a-52730d65cb9a,2025-01-22,2
BA60654C-8205-4CF8-5B15-08DD2EF278FC,0fac737b-0e61-46db-a27a-52730d65cb9a,2025-01-24,2
8B0CDF36-47E3-466C-5B16-08DD2EF278FC,0fac737b-0e61-46db-a27a-52730d65cb9a,2025-02-17,2
F1535FF0-2BC6-4E76-5B17-08DD2EF278FC,0fac737b-0e61-46db-a27a-52730d65cb9a,2025-02-21,2
2B0ECBC2-3C52-45D4-7DE3-08DD3147357D,ff7cc517-15bb-4dc9-a941-2902d92fc311,2025-01-23,2
CA42AF73-2DAC-4C9A-7DE4-08DD3147357D,ff7cc517-15bb-4dc9-a941-2902d92fc311,2025-01-24,2
AAAA7842-233A-4BD5-FCDD-08DD3150ACC7,925fe8e4-a2de-433d-8c9d-b07fd34a8c36,2025-01-22,2
3C43BE77-97A4-4385-5C49-08DD328DD92F,ab577efb-8d05-4666-a51a-6b95edc5ec45,2025-01-22,2
8ED09A6B-1276-486F-D7A8-08DD32EB84FD,c280d18d-86b9-4bba-85e6-2c00472efd9d,2025-01-22,2
2C910D22-4CF9-4FB6-D7A9-08DD32EB84FD,c280d18d-86b9-4bba-85e6-2c00472efd9d,2025-01-24,2
A7BD97F2-E3C6-48D7-D7AA-08DD32EB84FD,c280d18d-86b9-4bba-85e6-2c00472efd9d,2025-01-25,2
4473D91A-2D8C-44B6-386E-08DD331AE3D3,d71b50b4-750e-4644-9786-becc6520c6d7,2025-01-22,2
0A83100C-24F3-4342-386F-08DD331AE3D3,d71b50b4-750e-4644-9786-becc6520c6d7,2025-01-23,2
D27CF475-84B4-4CBE-3870-08DD331AE3D3,d71b50b4-750e-4644-9786-becc6520c6d7,2025-01-25,2
35B802AF-1A47-4C93-3871-08DD331AE3D3,d71b50b4-750e-4644-9786-becc6520c6d7,2025-02-01,2
9CD7EC21-D053-4F35-0CB6-08DD367ECC57,1a75df7a-e558-47c6-8af0-033582318b99,2025-01-29,2
7D225EAD-B110-4F5A-0CB7-08DD367ECC57,1a75df7a-e558-47c6-8af0-033582318b99,2025-01-30,2
4E9184FC-D272-4729-572D-08DD37151A31,23585a8f-5bb9-44d7-a5f9-d7498c60ab2c,2025-02-11,2
41F8B253-4033-49FC-9E27-08DD3733932F,27e0791f-5767-4877-b1e4-c80aceb86623,2025-01-29,2
973F7B0D-E6B4-48EF-9E28-08DD3733932F,27e0791f-5767-4877-b1e4-c80aceb86623,2025-01-31,2
8913D634-2F9C-4854-9E29-08DD3733932F,27e0791f-5767-4877-b1e4-c80aceb86623,2025-02-01,2
5535FE61-6925-48AD-9E2A-08DD3733932F,27e0791f-5767-4877-b1e4-c80aceb86623,2025-02-04,2
A8B91DD7-F351-4350-9E2B-08DD3733932F,27e0791f-5767-4877-b1e4-c80aceb86623,2025-02-08,2
A5D115DB-8FA2-4CFF-9E2C-08DD3733932F,b5ca6829-6ac9-4e18-96d7-3282ff6f3250,2025-02-01,2
4AB9BABD-3EA1-48F3-FEDD-08DD37A31705,57f57d9a-735a-4bcc-afb6-f2799bd738a4,2025-01-27,2
007E6CD3-2749-48FC-FEDE-08DD37A31705,57f57d9a-735a-4bcc-afb6-f2799bd738a4,2025-02-02,2
4DE3E736-F0EE-4029-FEDF-08DD37A31705,1641a578-00b2-4973-955d-095bc254d709,2025-01-29,2
CE9E9953-B278-4286-FEE0-08DD37A31705,1641a578-00b2-4973-955d-095bc254d709,2025-01-27,2
D278BACF-97D9-460A-FEE1-08DD37A31705,1641a578-00b2-4973-955d-095bc254d709,2025-01-30,2
769A1633-5527-4BD9-5777-08DD37EFFBE6,b8eaaef1-8890-4d24-8c6c-3db23f8812a0,2025-01-28,2
A15E3F8D-4976-49D2-5407-08DD385433F8,ab577efb-8d05-4666-a51a-6b95edc5ec45,2025-01-27,2
C456F0B4-A3AC-41A0-5408-08DD385433F8,ab577efb-8d05-4666-a51a-6b95edc5ec45,2025-01-29,2
F812B274-7051-4298-540A-08DD385433F8,ab577efb-8d05-4666-a51a-6b95edc5ec45,2025-01-28,2
384D65AD-E28E-4FC4-8E87-08DD3A153B92,27e0791f-5767-4877-b1e4-c80aceb86623,2025-02-07,2
E1B121EE-B279-4A7D-467C-08DD3A235803,c720feeb-93e1-4d88-b275-525f95f377ee,2025-02-05,2
114AF412-61F8-4E44-467F-08DD3A235803,c720feeb-93e1-4d88-b275-525f95f377ee,2025-02-07,2
75918C4D-24DD-41C5-4611-08DD3A3CD306,413e6437-7712-4672-8d5f-80a6c94ef119,2025-02-04,2
DB933A93-9795-4C70-C582-08DD3AEA9722,b5ca6829-6ac9-4e18-96d7-3282ff6f3250,2025-02-07,2
741972FA-3EAB-4AF1-C583-08DD3AEA9722,b5ca6829-6ac9-4e18-96d7-3282ff6f3250,2025-02-08,2
3AC86D0F-9087-45FE-C584-08DD3AEA9722,b5ca6829-6ac9-4e18-96d7-3282ff6f3250,2025-02-12,2
F35F9AC2-BFC6-4496-03AA-08DD3B767E7B,0fac737b-0e61-46db-a27a-52730d65cb9a,2025-02-13,1
01622BA2-114D-453B-18A9-08DD3C143CE5,38b41087-0565-4dea-8ddf-e3b522a14368,2025-02-03,2
0FDC1D6B-CD4A-4FCE-18AA-08DD3C143CE5,38b41087-0565-4dea-8ddf-e3b522a14368,2025-02-04,2
ED236432-D14A-402C-18AB-08DD3C143CE5,38b41087-0565-4dea-8ddf-e3b522a14368,2025-02-15,2
D407E24E-A638-4B83-18AC-08DD3C143CE5,38b41087-0565-4dea-8ddf-e3b522a14368,2025-02-11,2
11E35217-21F7-4BFD-18AD-08DD3C143CE5,38b41087-0565-4dea-8ddf-e3b522a14368,2025-02-16,2
90EF8F41-59D6-40AD-18AE-08DD3C143CE5,38b41087-0565-4dea-8ddf-e3b522a14368,2025-02-21,2
ADE91479-5883-42D4-18AF-08DD3C143CE5,38b41087-0565-4dea-8ddf-e3b522a14368,2025-02-22,2
A1610688-F167-4294-18B0-08DD3C143CE5,38b41087-0565-4dea-8ddf-e3b522a14368,2025-02-26,2
27AC02BB-F571-450A-18B1-08DD3C143CE5,38b41087-0565-4dea-8ddf-e3b522a14368,2025-02-27,2
3CDD5A3E-7342-4D5B-F99F-08DD3C723495,ff7cc517-15bb-4dc9-a941-2902d92fc311,2025-02-06,2
E24BD725-7A34-45FC-F9A0-08DD3C723495,ff7cc517-15bb-4dc9-a941-2902d92fc311,2025-02-07,2
546EEF8C-8DF3-4E8D-F9A1-08DD3C723495,ff7cc517-15bb-4dc9-a941-2902d92fc311,2025-02-09,2
D686E168-0AB8-40B2-93AC-08DD3D155F93,ab577efb-8d05-4666-a51a-6b95edc5ec45,2025-02-06,2
E55D549C-EC99-4774-2B2C-08DD3D5B30B9,6663d684-ce88-47ff-a4f7-e40d3b82a13f,2025-02-04,2
EA4A63B4-41BF-4E7A-2B2D-08DD3D5B30B9,6663d684-ce88-47ff-a4f7-e40d3b82a13f,2025-02-07,2
A210D4F2-9F4E-4759-0115-08DD3E0CD3BD,1b96029f-d249-4657-97e1-ce4086f265fc,2025-02-08,2
A0A0DA6C-7547-422A-0116-08DD3E0CD3BD,1b96029f-d249-4657-97e1-ce4086f265fc,2025-02-11,2
83BFB8D8-2D43-49A6-0118-08DD3E0CD3BD,1b96029f-d249-4657-97e1-ce4086f265fc,2025-02-12,2
1096FFD8-69E5-4399-0119-08DD3E0CD3BD,d71b50b4-750e-4644-9786-becc6520c6d7,2025-02-05,2
515D065D-707E-44DF-011A-08DD3E0CD3BD,d71b50b4-750e-4644-9786-becc6520c6d7,2025-02-08,2
B5C9E9BB-1C99-4892-FE09-08DD3EB33E60,c5ce5a45-2b0a-40ff-a82f-ea5df6501805,2025-01-29,1
9EDB7E58-C6BB-4953-FE0A-08DD3EB33E60,c5ce5a45-2b0a-40ff-a82f-ea5df6501805,2025-01-28,1
96447C62-E185-4D9D-B4BF-08DD3EC27B25,2320cb1b-d64f-4486-aabe-9754c12a1d06,2025-01-27,1
9BBC9CE1-2CA8-4E0A-B4C0-08DD3EC27B25,95bf29ca-f6b4-4fbb-88b1-46de45dcf625,2025-01-28,1
FFD96C57-929A-41F4-B4C1-08DD3EC27B25,0fac737b-0e61-46db-a27a-52730d65cb9a,2025-01-28,1
84B19CD7-B0E0-482A-B4C2-08DD3EC27B25,2320cb1b-d64f-4486-aabe-9754c12a1d06,2025-01-28,1
096D3812-1EBE-40F3-23E4-08DD3EDAA353,1b96029f-d249-4657-97e1-ce4086f265fc,2025-04-29,1
13CDFB4C-BEAE-4114-23E5-08DD3EDAA353,1b96029f-d249-4657-97e1-ce4086f265fc,2025-04-30,1
6E6CDB77-D8BD-49E1-23E6-08DD3EDAA353,1b96029f-d249-4657-97e1-ce4086f265fc,2025-05-01,1
FEDDAEE3-4E18-43AA-23E7-08DD3EDAA353,1b96029f-d249-4657-97e1-ce4086f265fc,2025-05-02,1
9AB7498A-AC86-4303-23E8-08DD3EDAA353,1b96029f-d249-4657-97e1-ce4086f265fc,2025-05-03,1
E339EC80-8F5D-42F9-23E9-08DD3EDAA353,1b96029f-d249-4657-97e1-ce4086f265fc,2025-05-04,1
F4143F6C-6498-42EA-23EA-08DD3EDAA353,1b96029f-d249-4657-97e1-ce4086f265fc,2025-05-05,1
879AF422-B6CE-47CD-23EB-08DD3EDAA353,1b96029f-d249-4657-97e1-ce4086f265fc,2025-05-06,1
6667E442-D0FB-497E-23EC-08DD3EDAA353,1b96029f-d249-4657-97e1-ce4086f265fc,2025-05-07,1
0EAD6A00-2242-453E-10EB-08DD40856FD0,ff7cc517-15bb-4dc9-a941-2902d92fc311,2025-02-13,2
D8395951-F300-4EB0-10EC-08DD40856FD0,ff7cc517-15bb-4dc9-a941-2902d92fc311,2025-02-14,2
06407A41-A4A4-486D-10ED-08DD40856FD0,ff7cc517-15bb-4dc9-a941-2902d92fc311,2025-02-15,2
160AF61D-38FC-48A4-1A07-08DD4122736D,c71ec1ec-5e2b-4c33-8c89-de5897a207a6,2025-02-14,2
F3915222-ABAF-4581-4D50-08DD4206ECBE,4d71f5cd-5e03-4e0e-b17d-593586b88b99,2025-02-14,1
58C3EAAA-5CB4-4CDC-7D29-08DD42FD492F,6663d684-ce88-47ff-a4f7-e40d3b82a13f,2025-02-11,2
A25A0654-DE78-49CB-7D2A-08DD42FD492F,6663d684-ce88-47ff-a4f7-e40d3b82a13f,2025-02-10,2
14E76740-8BB6-4F96-7D2B-08DD42FD492F,6663d684-ce88-47ff-a4f7-e40d3b82a13f,2025-02-16,2
731BD6D9-232B-4662-371F-08DD432D80F3,0fac737b-0e61-46db-a27a-52730d65cb9a,2025-02-11,2
D27B7E2F-72F9-43C7-3720-08DD432D80F3,0fac737b-0e61-46db-a27a-52730d65cb9a,2025-02-14,2
EE6B0B72-0E2B-4222-3723-08DD432D80F3,0fac737b-0e61-46db-a27a-52730d65cb9a,2025-02-15,2
D616BAD7-C007-40C3-310B-08DD43599458,ab577efb-8d05-4666-a51a-6b95edc5ec45,2025-02-12,2
C8969C34-22B9-43AB-310C-08DD43599458,ab577efb-8d05-4666-a51a-6b95edc5ec45,2025-02-15,2
B64BF4C5-3819-4A65-CDF4-08DD437D3370,1641a578-00b2-4973-955d-095bc254d709,2025-02-10,2
B3DA5863-E010-4D06-CDF5-08DD437D3370,1641a578-00b2-4973-955d-095bc254d709,2025-02-11,2
08956ADD-2E84-41DB-CDF6-08DD437D3370,1641a578-00b2-4973-955d-095bc254d709,2025-02-14,2
E7244FC8-53FF-498D-1078-08DD43AFFA81,b8eaaef1-8890-4d24-8c6c-3db23f8812a0,2025-02-13,2
10D46801-D09C-4DF7-1C47-08DD453583E1,8b9bd17e-0e24-43f0-81f3-854b0464555f,2025-02-18,2
BEC97174-7C99-42A4-8A23-08DD45C07174,27e0791f-5767-4877-b1e4-c80aceb86623,2025-02-20,2
4FB986E1-ADC9-4646-8A24-08DD45C07174,27e0791f-5767-4877-b1e4-c80aceb86623,2025-02-24,2
F3F52229-48A1-42BF-58A6-08DD45D309CC,66d45786-61fa-43a9-af9f-7a5341abfc6e,2025-02-18,1
E93935BE-5D07-4D84-58A7-08DD45D309CC,66d45786-61fa-43a9-af9f-7a5341abfc6e,2025-02-19,1
4BC4EDF4-6FC9-4A15-58AB-08DD45D309CC,66d45786-61fa-43a9-af9f-7a5341abfc6e,2025-03-03,1
34F6F259-EF8A-4E93-58AC-08DD45D309CC,66d45786-61fa-43a9-af9f-7a5341abfc6e,2025-03-04,1
B79AED98-AD14-48C3-58AD-08DD45D309CC,66d45786-61fa-43a9-af9f-7a5341abfc6e,2025-03-05,1
C34AC375-03A5-4053-58AE-08DD45D309CC,66d45786-61fa-43a9-af9f-7a5341abfc6e,2025-03-06,1
3BFDBA18-9E41-4B15-2CCF-08DD474762CB,c720feeb-93e1-4d88-b275-525f95f377ee,2025-02-20,2
E20C348C-C2BC-4A8D-674F-08DD4764F640,ff7cc517-15bb-4dc9-a941-2902d92fc311,2025-02-19,2
07C6EABD-6942-4ABC-6CC5-08DD4834CCEB,b8eaaef1-8890-4d24-8c6c-3db23f8812a0,2025-02-23,2
0A254023-4F2A-44FA-0814-08DD48D902C1,57f57d9a-735a-4bcc-afb6-f2799bd738a4,2025-02-22,2
C23CB507-3C0A-4D0C-0815-08DD48D902C1,57f57d9a-735a-4bcc-afb6-f2799bd738a4,2025-02-23,2
13D4227C-83F3-4890-0816-08DD48D902C1,d71b50b4-750e-4644-9786-becc6520c6d7,2025-02-20,2
0A3BF689-F215-41AE-0817-08DD48D902C1,d71b50b4-750e-4644-9786-becc6520c6d7,2025-02-22,2
657F2D5C-EDE8-4646-D9BD-08DD4C3CD47A,66d45786-61fa-43a9-af9f-7a5341abfc6e,2025-02-12,1
34B39021-C5EE-41B7-89D8-08DD4CEF1E4E,23585a8f-5bb9-44d7-a5f9-d7498c60ab2c,2025-04-12,1
66BB0D21-AD50-4F24-89D9-08DD4CEF1E4E,23585a8f-5bb9-44d7-a5f9-d7498c60ab2c,2025-04-13,1
80E06E82-5BE7-4908-89DB-08DD4CEF1E4E,23585a8f-5bb9-44d7-a5f9-d7498c60ab2c,2025-04-15,2
45AE9C0C-9849-4BC4-F47F-08DD4D8FE0F6,27e0791f-5767-4877-b1e4-c80aceb86623,2025-02-25,2
8A72C301-FF1D-4F09-F480-08DD4D8FE0F6,27e0791f-5767-4877-b1e4-c80aceb86623,2025-02-27,2
8F2066D4-9FFE-44EA-EBC1-08DD4E49C903,23585a8f-5bb9-44d7-a5f9-d7498c60ab2c,2025-03-04,2
26E65E58-325D-4C72-FED8-08DD4FE563D1,0fac737b-0e61-46db-a27a-52730d65cb9a,2025-03-04,2
69ECA866-7415-4A6A-FED9-08DD4FE563D1,0fac737b-0e61-46db-a27a-52730d65cb9a,2025-03-06,2
5E561438-10B7-4848-FEDA-08DD4FE563D1,0fac737b-0e61-46db-a27a-52730d65cb9a,2025-03-08,2
7A5DF833-3B74-4EB4-ED2B-08DD510E3869,8b9bd17e-0e24-43f0-81f3-854b0464555f,2025-03-05,2
345730B9-3F4D-410F-ED2C-08DD510E3869,8b9bd17e-0e24-43f0-81f3-854b0464555f,2025-03-18,2
2FA3B3AF-6466-41A8-5F45-08DD51B3F6D1,57f57d9a-735a-4bcc-afb6-f2799bd738a4,2025-03-07,2
DF3AD6EA-2E44-495C-5F46-08DD51B3F6D1,57f57d9a-735a-4bcc-afb6-f2799bd738a4,2025-03-08,2
C9349820-101C-4367-5F47-08DD51B3F6D1,57f57d9a-735a-4bcc-afb6-f2799bd738a4,2025-03-08,2
54D79674-2028-4A8F-5F48-08DD51B3F6D1,57f57d9a-735a-4bcc-afb6-f2799bd738a4,2025-03-09,2
A59C3880-7EB9-488E-FBFA-08DD51C6B735,c720feeb-93e1-4d88-b275-525f95f377ee,2025-03-03,2
E1B68753-8EF8-4D56-FBFB-08DD51C6B735,c720feeb-93e1-4d88-b275-525f95f377ee,2025-03-04,2
2879C835-3234-41D2-FBFC-08DD51C6B735,c720feeb-93e1-4d88-b275-525f95f377ee,2025-03-08,2
63F08979-AEAB-4165-FBFD-08DD51C6B735,c720feeb-93e1-4d88-b275-525f95f377ee,2025-03-09,2
3B913B78-B438-46C3-36DF-08DD534540C1,b8eaaef1-8890-4d24-8c6c-3db23f8812a0,2025-03-03,2
22E3E41B-012B-485B-36E0-08DD534540C1,b8eaaef1-8890-4d24-8c6c-3db23f8812a0,2025-04-19,1
F457D136-7D04-4354-36E1-08DD534540C1,b8eaaef1-8890-4d24-8c6c-3db23f8812a0,2025-04-20,1
455CCFAC-9A1B-4FEC-36E2-08DD534540C1,b8eaaef1-8890-4d24-8c6c-3db23f8812a0,2025-04-21,1
6A013F60-D32A-447E-36E3-08DD534540C1,b8eaaef1-8890-4d24-8c6c-3db23f8812a0,2025-04-22,1
C620C589-8651-4EAE-A5A5-08DD53A159D4,ab577efb-8d05-4666-a51a-6b95edc5ec45,2025-03-03,2
E16CFC96-CC5B-4BFA-A5A6-08DD53A159D4,ab577efb-8d05-4666-a51a-6b95edc5ec45,2025-03-06,2
70C42550-E01A-4490-A5A7-08DD53A159D4,ab577efb-8d05-4666-a51a-6b95edc5ec45,2025-03-04,2
48B128AA-C4A8-4D11-5ED6-08DD540DF472,413e6437-7712-4672-8d5f-80a6c94ef119,2025-03-08,2
2D50BDA2-B58F-4563-B4D1-08DD5411A520,413e6437-7712-4672-8d5f-80a6c94ef119,2025-03-09,2
AA76E386-CC8C-4B3E-6273-08DD541FA8B9,413e6437-7712-4672-8d5f-80a6c94ef119,2025-03-07,2
940F1CC8-67B2-417E-29E5-08DD54D040FB,4d71f5cd-5e03-4e0e-b17d-593586b88b99,2025-04-21,1
433259F3-094B-4C75-29E6-08DD54D040FB,4d71f5cd-5e03-4e0e-b17d-593586b88b99,2025-04-22,1
E2ED6AB3-3D79-4701-29E7-08DD54D040FB,4d71f5cd-5e03-4e0e-b17d-593586b88b99,2025-04-23,1
DD8DD344-F30F-44C1-29E8-08DD54D040FB,4d71f5cd-5e03-4e0e-b17d-593586b88b99,2025-04-24,1
23ECCB46-5D16-47EA-29E9-08DD54D040FB,4d71f5cd-5e03-4e0e-b17d-593586b88b99,2025-04-25,1
D635F8D6-67AD-4DB9-29EA-08DD54D040FB,4d71f5cd-5e03-4e0e-b17d-593586b88b99,2025-04-26,1
951AAE96-6C13-4522-29EB-08DD54D040FB,4d71f5cd-5e03-4e0e-b17d-593586b88b99,2025-04-27,1
AA3721D5-2A74-42BF-9FC9-08DD568EC8AB,ab577efb-8d05-4666-a51a-6b95edc5ec45,2025-03-15,1
4F93ADA4-4DA3-49F0-9FCA-08DD568EC8AB,ab577efb-8d05-4666-a51a-6b95edc5ec45,2025-03-16,1
7B8B411A-FAE5-4C41-BF70-08DD5820E830,78732633-0af4-4912-9602-d3923d7c10d0,2025-03-10,2
D4A7F23B-4839-4CFD-675F-08DD585D708E,57f57d9a-735a-4bcc-afb6-f2799bd738a4,2025-03-11,2
A67F7225-810F-434C-6760-08DD585D708E,57f57d9a-735a-4bcc-afb6-f2799bd738a4,2025-03-15,2
B26A0CCA-D4A2-4AF0-6761-08DD585D708E,57f57d9a-735a-4bcc-afb6-f2799bd738a4,2025-03-16,2
FC4407EA-A8C2-4D0D-EE29-08DD5890CF56,ab577efb-8d05-4666-a51a-6b95edc5ec45,2025-03-11,2
2BE7167E-7DAE-4040-0A9C-08DD58965142,144bc00f-b27f-49a9-8664-9bcd79ea6975,2025-03-13,2
82A7422C-3559-4046-0A9D-08DD58965142,144bc00f-b27f-49a9-8664-9bcd79ea6975,2025-03-14,2
DA51B9AB-3A61-4350-0A9E-08DD58965142,144bc00f-b27f-49a9-8664-9bcd79ea6975,2025-05-31,1
D6B512DD-DC02-461C-0A9F-08DD58965142,144bc00f-b27f-49a9-8664-9bcd79ea6975,2025-06-01,1
6FABBB9E-D0D6-4F8D-0AA0-08DD58965142,144bc00f-b27f-49a9-8664-9bcd79ea6975,2025-06-02,1
1F3D6F6C-E237-4677-0AA1-08DD58965142,27e0791f-5767-4877-b1e4-c80aceb86623,2025-03-24,1
FC58313C-869B-4387-0AA2-08DD58965142,27e0791f-5767-4877-b1e4-c80aceb86623,2025-03-25,1
7E8FBD66-34F4-4CC0-0AA3-08DD58965142,27e0791f-5767-4877-b1e4-c80aceb86623,2025-03-26,1
DAD2ADF1-3C1C-49FC-0AA4-08DD58965142,27e0791f-5767-4877-b1e4-c80aceb86623,2025-03-27,1
60ADEAE2-A8FC-47F9-0AA5-08DD58965142,27e0791f-5767-4877-b1e4-c80aceb86623,2025-03-28,1
35E7C54F-D36B-4FAE-0AA6-08DD58965142,27e0791f-5767-4877-b1e4-c80aceb86623,2025-03-29,1
1DD539A7-FDB5-498E-0AA7-08DD58965142,27e0791f-5767-4877-b1e4-c80aceb86623,2025-03-30,1
A692C749-BE7A-4EF8-0559-08DD58B5683A,1641a578-00b2-4973-955d-095bc254d709,2025-03-10,2
98E18F8B-5D4E-4D41-055A-08DD58B5683A,1641a578-00b2-4973-955d-095bc254d709,2025-03-11,2
2D441BD3-E9C3-4CD1-055B-08DD58B5683A,1641a578-00b2-4973-955d-095bc254d709,2025-03-13,2
2B8E915B-5CE1-4E93-055C-08DD58B5683A,9c1113fb-90f9-4b8b-8fdd-bcc7b6b5365b,2025-03-11,1
C0C5B743-7038-47D2-3316-08DD58CDC84A,f03ea971-0ec2-4be7-aae9-364f3922b741,2025-03-12,2
DE11DF59-E81D-492A-3317-08DD58CDC84A,f03ea971-0ec2-4be7-aae9-364f3922b741,2025-03-15,2
9D439073-7139-49A5-EE22-08DD58F1D53E,b8eaaef1-8890-4d24-8c6c-3db23f8812a0,2025-03-11,2
F482E7C9-2E95-47C5-04DC-08DD590BED9A,9964c775-c7f7-42d2-9d2c-a75cb68487d1,2025-03-16,2
CF6E05F9-65E3-4B68-24D9-08DD5910A989,b5ca6829-6ac9-4e18-96d7-3282ff6f3250,2025-03-28,2
E09D4E0E-3984-47CC-24DA-08DD5910A989,b5ca6829-6ac9-4e18-96d7-3282ff6f3250,2025-03-12,2
21D27B88-EB31-44A5-24DB-08DD5910A989,b5ca6829-6ac9-4e18-96d7-3282ff6f3250,2025-03-29,2
183EF222-488D-449E-24DC-08DD5910A989,b5ca6829-6ac9-4e18-96d7-3282ff6f3250,2025-03-30,2
59B0C993-8743-4B98-24DD-08DD5910A989,b5ca6829-6ac9-4e18-96d7-3282ff6f3250,2025-03-21,2
096643EA-2FDF-4460-24DE-08DD5910A989,b5ca6829-6ac9-4e18-96d7-3282ff6f3250,2025-03-22,2
0B8B611A-1B84-41A0-24DF-08DD5910A989,b5ca6829-6ac9-4e18-96d7-3282ff6f3250,2025-03-23,2
E09CD341-6D0F-475D-C785-08DD5954CC07,1ddcffe7-c2ad-4836-a35b-75b12da1d336,2025-03-11,2
7919C7FE-6743-4D32-C786-08DD5954CC07,1ddcffe7-c2ad-4836-a35b-75b12da1d336,2025-03-13,2
2F5C3C0D-7131-41FB-C788-08DD5954CC07,4d71f5cd-5e03-4e0e-b17d-593586b88b99,2025-03-10,2
9B532B28-E462-4905-C789-08DD5954CC07,4d71f5cd-5e03-4e0e-b17d-593586b88b99,2025-03-12,2
1EE05D8C-72D1-4986-C78A-08DD5954CC07,4d71f5cd-5e03-4e0e-b17d-593586b88b99,2025-03-14,2
C00A7151-473E-423B-C78B-08DD5954CC07,1ddcffe7-c2ad-4836-a35b-75b12da1d336,2025-03-20,1
9EA5387E-A89B-440B-C78C-08DD5954CC07,1ddcffe7-c2ad-4836-a35b-75b12da1d336,2025-03-21,1
A498BA72-1B8A-4E21-C78D-08DD5954CC07,1ddcffe7-c2ad-4836-a35b-75b12da1d336,2025-03-22,1
3E802866-2A52-4007-C78E-08DD5954CC07,1ddcffe7-c2ad-4836-a35b-75b12da1d336,2025-03-23,1
58C4B2BA-5A94-4E48-C78F-08DD5954CC07,38b41087-0565-4dea-8ddf-e3b522a14368,2025-03-15,2
26DD644A-A489-4BC2-C790-08DD5954CC07,38b41087-0565-4dea-8ddf-e3b522a14368,2025-03-16,2
601737E9-D174-4158-5EA1-08DD5963C109,4da65404-40f7-408c-8831-dec60d86d60b,2025-03-10,2
93F8CC1C-B8D4-4A31-5EA2-08DD5963C109,4da65404-40f7-408c-8831-dec60d86d60b,2025-03-12,2
2B1EC514-139F-46F3-5EA3-08DD5963C109,4da65404-40f7-408c-8831-dec60d86d60b,2025-03-14,2
9BD4AE72-166D-4CEE-F6CF-08DD59820899,8b9bd17e-0e24-43f0-81f3-854b0464555f,2025-03-19,1
35E0D0C7-032E-413C-F6D0-08DD59820899,8b9bd17e-0e24-43f0-81f3-854b0464555f,2025-03-20,1
E9AC08DE-5CCE-4F9A-F6D1-08DD59820899,8b9bd17e-0e24-43f0-81f3-854b0464555f,2025-03-21,1
8CDF3705-AE63-479E-F6D2-08DD59820899,8b9bd17e-0e24-43f0-81f3-854b0464555f,2025-03-22,1
99C708C3-EAC8-46A3-F6D3-08DD59820899,8b9bd17e-0e24-43f0-81f3-854b0464555f,2025-03-23,1
4AF03419-8BA3-46E5-F6D4-08DD59820899,8b9bd17e-0e24-43f0-81f3-854b0464555f,2025-03-24,1
99385713-8677-4DC5-F6D5-08DD59820899,8b9bd17e-0e24-43f0-81f3-854b0464555f,2025-03-25,1
FCEA1084-9CDE-4F8D-F07D-08DD598B9189,c71ec1ec-5e2b-4c33-8c89-de5897a207a6,2025-03-14,2
8B920830-F232-47E4-F07E-08DD598B9189,c71ec1ec-5e2b-4c33-8c89-de5897a207a6,2025-03-15,2
A42AF4F9-2B38-4407-F07F-08DD598B9189,477951d3-95b8-4933-ad3b-ae6f86eafc55,2025-03-14,1
F5E1A226-6447-4E38-F080-08DD598B9189,477951d3-95b8-4933-ad3b-ae6f86eafc55,2025-03-16,2
037BF347-6B28-4633-C829-08DD599F756D,c280d18d-86b9-4bba-85e6-2c00472efd9d,2025-03-10,2
251F7B8E-F2F9-45E8-C82A-08DD599F756D,c280d18d-86b9-4bba-85e6-2c00472efd9d,2025-03-14,2
C782E1D8-4209-4FAA-C82B-08DD599F756D,c280d18d-86b9-4bba-85e6-2c00472efd9d,2025-03-15,2
4DFB7F14-0C74-4EB4-78CC-08DD59DFF58E,ff7cc517-15bb-4dc9-a941-2902d92fc311,2025-03-09,1
7CF0445C-F182-48E3-78CD-08DD59DFF58E,ff7cc517-15bb-4dc9-a941-2902d92fc311,2025-03-10,1
5D71F7AF-D2ED-4D8A-78CE-08DD59DFF58E,ff7cc517-15bb-4dc9-a941-2902d92fc311,2025-03-11,1
F1300FBC-C6E3-494F-78CF-08DD59DFF58E,ff7cc517-15bb-4dc9-a941-2902d92fc311,2025-03-12,1
067F247E-7A50-4F59-78D0-08DD59DFF58E,ff7cc517-15bb-4dc9-a941-2902d92fc311,2025-03-13,1
C27D946C-317B-4D67-78D1-08DD59DFF58E,ff7cc517-15bb-4dc9-a941-2902d92fc311,2025-03-14,1
3C79DBB2-4A57-42AE-78D2-08DD59DFF58E,ff7cc517-15bb-4dc9-a941-2902d92fc311,2025-03-15,2
9A8DFF56-2A0B-4C2B-0338-08DD5A2823CA,b5ca6829-6ac9-4e18-96d7-3282ff6f3250,2025-03-29,2
8E92CF53-92BB-44E6-0339-08DD5A2823CA,c720feeb-93e1-4d88-b275-525f95f377ee,2025-03-28,1
16408A16-C54F-47E2-033B-08DD5A2823CA,c720feeb-93e1-4d88-b275-525f95f377ee,2025-03-29,2
81B95A66-C0D3-4DF8-033D-08DD5A2823CA,c720feeb-93e1-4d88-b275-525f95f377ee,2025-03-30,2
7C8EE1EA-19A9-4F5B-033E-08DD5A2823CA,c720feeb-93e1-4d88-b275-525f95f377ee,2025-03-29,2
D4FE7B00-EE83-4618-033F-08DD5A2823CA,c720feeb-93e1-4d88-b275-525f95f377ee,2025-03-21,2
471A999F-4896-496D-0340-08DD5A2823CA,c720feeb-93e1-4d88-b275-525f95f377ee,2025-03-23,2
95998CA1-ED60-4D13-FC90-08DD5A43FE74,4afd5d07-d782-4b98-92cb-eea7ca0104bf,2025-03-27,1
D36820F7-9D5A-42A0-FC91-08DD5A43FE74,4afd5d07-d782-4b98-92cb-eea7ca0104bf,2025-03-28,1
6B384206-6A70-4A10-FC92-08DD5A43FE74,4afd5d07-d782-4b98-92cb-eea7ca0104bf,2025-03-29,1
58097B80-CB9F-4A6E-FC93-08DD5A43FE74,4afd5d07-d782-4b98-92cb-eea7ca0104bf,2025-03-30,1
77D38EEC-D06A-4E3F-FC94-08DD5A43FE74,4afd5d07-d782-4b98-92cb-eea7ca0104bf,2025-03-31,1
13F038B6-02F1-4073-2E83-08DD5A56066D,95bf29ca-f6b4-4fbb-88b1-46de45dcf625,2025-03-10,2
BA5EB99E-8615-42F3-2E84-08DD5A56066D,95bf29ca-f6b4-4fbb-88b1-46de45dcf625,2025-03-12,1
E407610D-29AE-455C-2E85-08DD5A56066D,d71b50b4-750e-4644-9786-becc6520c6d7,2025-03-13,2
7CC4A52B-CDB8-4D9D-2E86-08DD5A56066D,d71b50b4-750e-4644-9786-becc6520c6d7,2025-03-14,2
1131F72F-6DE8-4697-2E87-08DD5A56066D,d71b50b4-750e-4644-9786-becc6520c6d7,2025-03-15,2
206A0845-B615-4440-2E88-08DD5A56066D,d71b50b4-750e-4644-9786-becc6520c6d7,2025-03-16,1
FA0E506A-7235-4C2D-36D9-08DD5A5BA3F8,1ddcffe7-c2ad-4836-a35b-75b12da1d336,2025-03-14,2
310ED3A0-9083-4103-C581-08DD5A6B50DA,0fac737b-0e61-46db-a27a-52730d65cb9a,2025-03-14,2
6E8D9917-2805-4503-C582-08DD5A6B50DA,0fac737b-0e61-46db-a27a-52730d65cb9a,2025-03-16,2
BA6E580C-2622-405D-3716-08DD5A7D01C0,43072b87-23d4-4ad6-88f8-7999ef3c86ca,2025-03-10,2
9E9EA2C4-9704-48FD-3718-08DD5A7D01C0,43072b87-23d4-4ad6-88f8-7999ef3c86ca,2025-03-15,2
589A0B23-B1B7-4D08-AB1A-08DD5C832D8C,0fac737b-0e61-46db-a27a-52730d65cb9a,2025-03-12,2
FBBD4CD2-A570-4070-673C-08DD5CC08E2F,38b41087-0565-4dea-8ddf-e3b522a14368,2025-03-21,2
C1EADEF0-E31D-4EB2-673D-08DD5CC08E2F,38b41087-0565-4dea-8ddf-e3b522a14368,2025-03-22,2
425DC065-8090-46E4-673E-08DD5CC08E2F,38b41087-0565-4dea-8ddf-e3b522a14368,2025-03-26,2
846EA8AF-FA16-454E-673F-08DD5CC08E2F,38b41087-0565-4dea-8ddf-e3b522a14368,2025-03-27,2
93E9E27F-38B2-48A4-895D-08DD5D56FC90,78732633-0af4-4912-9602-d3923d7c10d0,2025-05-01,1
7071A4B8-A599-4472-895E-08DD5D56FC90,78732633-0af4-4912-9602-d3923d7c10d0,2025-05-02,1
F41F5317-F371-4731-895F-08DD5D56FC90,78732633-0af4-4912-9602-d3923d7c10d0,2025-05-03,1
3A012F78-CE04-4A56-8960-08DD5D56FC90,78732633-0af4-4912-9602-d3923d7c10d0,2025-05-04,1
4429C66E-E5F3-463A-8961-08DD5D56FC90,95bf29ca-f6b4-4fbb-88b1-46de45dcf625,2025-03-20,2
28813EE1-5E74-4587-8962-08DD5D56FC90,95bf29ca-f6b4-4fbb-88b1-46de45dcf625,2025-03-22,2
4C9FFD5A-EF33-4CD2-8963-08DD5D56FC90,925fe8e4-a2de-433d-8c9d-b07fd34a8c36,2025-03-17,2
F42BACFF-9FD6-45FA-46F6-08DD5D9CFF7F,f488e272-24db-42ce-9d36-80a013657223,2025-05-11,2
64B08559-BA4E-4680-1F7A-08DD5E08C577,477951d3-95b8-4933-ad3b-ae6f86eafc55,2025-03-26,2
C84E6625-8730-4325-1F7B-08DD5E08C577,477951d3-95b8-4933-ad3b-ae6f86eafc55,2025-03-27,2
89403BF6-D7B2-41C5-9A8E-08DD5E141D0D,1641a578-00b2-4973-955d-095bc254d709,2025-03-17,2
8FF87FA8-C43E-4EAA-9A8F-08DD5E141D0D,1641a578-00b2-4973-955d-095bc254d709,2025-03-20,2
F6FA1949-B874-48E1-9A90-08DD5E141D0D,1641a578-00b2-4973-955d-095bc254d709,2025-03-22,2
28795C34-4FA0-4D5D-9A91-08DD5E141D0D,1641a578-00b2-4973-955d-095bc254d709,2025-03-26,1
578C7413-774A-4B14-9A92-08DD5E141D0D,1641a578-00b2-4973-955d-095bc254d709,2025-03-27,1
FDE0A079-1696-4186-9A93-08DD5E141D0D,1641a578-00b2-4973-955d-095bc254d709,2025-03-28,1
8F1E88FA-3690-40AE-9A94-08DD5E141D0D,1641a578-00b2-4973-955d-095bc254d709,2025-03-29,1
19B7F6F7-FDB0-4EFE-9A95-08DD5E141D0D,1641a578-00b2-4973-955d-095bc254d709,2025-03-30,1
245304B7-725B-41C3-9A96-08DD5E141D0D,1641a578-00b2-4973-955d-095bc254d709,2025-03-31,1
CD3269C9-CDB1-45D6-9A97-08DD5E141D0D,1641a578-00b2-4973-955d-095bc254d709,2025-04-01,1
0B4A5B37-1DAF-492D-7556-08DD5E1CFC53,b8eaaef1-8890-4d24-8c6c-3db23f8812a0,2025-03-21,2
B2EDB07E-EC35-40D8-7557-08DD5E1CFC53,b8eaaef1-8890-4d24-8c6c-3db23f8812a0,2025-03-19,2
6DD03D69-CEE0-49EF-8EDB-08DD5E47A172,6663d684-ce88-47ff-a4f7-e40d3b82a13f,2025-03-18,2
192D7B68-13A3-4E80-8EDC-08DD5E47A172,6663d684-ce88-47ff-a4f7-e40d3b82a13f,2025-03-21,2
B9310484-A82E-4610-8EDE-08DD5E47A172,6663d684-ce88-47ff-a4f7-e40d3b82a13f,2025-03-23,2
E7778A04-D63A-4559-5ECC-08DD5E5EB32A,ab577efb-8d05-4666-a51a-6b95edc5ec45,2025-03-17,2
E664F851-3B49-41B3-3C9B-08DD5EDCAA5C,1a75df7a-e558-47c6-8af0-033582318b99,2025-03-22,2
671222C7-09D2-48CB-3C9C-08DD5EDCAA5C,1a75df7a-e558-47c6-8af0-033582318b99,2025-03-23,2
31022D28-BF81-4DD1-6D5A-08DD5F3AAE6A,413e6437-7712-4672-8d5f-80a6c94ef119,2025-03-21,2
5775B7E6-85AF-4A78-6D5B-08DD5F3AAE6A,413e6437-7712-4672-8d5f-80a6c94ef119,2025-03-22,2
815B0A9A-BA28-4593-6D5C-08DD5F3AAE6A,413e6437-7712-4672-8d5f-80a6c94ef119,2025-03-23,2
B768F4C9-10F2-4886-2E96-08DD5F549697,9964c775-c7f7-42d2-9d2c-a75cb68487d1,2025-03-20,2
68F6668A-E645-409C-EC09-08DD5F5A3BFB,1b96029f-d249-4657-97e1-ce4086f265fc,2025-03-22,2
2CEDDA0F-DC52-4DE6-EC0A-08DD5F5A3BFB,1b96029f-d249-4657-97e1-ce4086f265fc,2025-03-23,2
540B33BE-7C67-4639-5DE4-08DD5F77E73E,0fac737b-0e61-46db-a27a-52730d65cb9a,2025-03-18,2
0B6D903F-3CD1-4270-5DE5-08DD5F77E73E,0fac737b-0e61-46db-a27a-52730d65cb9a,2025-03-20,2
B41CA76E-3D4D-4D4C-5DE6-08DD5F77E73E,0fac737b-0e61-46db-a27a-52730d65cb9a,2025-03-22,2
8DEB0562-3676-4E63-656A-08DD5FB42A70,57f57d9a-735a-4bcc-afb6-f2799bd738a4,2025-03-17,2
F4736F13-93BC-429F-656B-08DD5FB42A70,57f57d9a-735a-4bcc-afb6-f2799bd738a4,2025-03-17,2
680559E7-69F4-4DFB-656C-08DD5FB42A70,57f57d9a-735a-4bcc-afb6-f2799bd738a4,2025-03-18,2
AE252138-3A01-4B2A-656D-08DD5FB42A70,57f57d9a-735a-4bcc-afb6-f2799bd738a4,2025-03-22,2
0B453CBC-0B8C-4F29-656E-08DD5FB42A70,57f57d9a-735a-4bcc-afb6-f2799bd738a4,2025-03-23,2
26F39377-FBB0-4558-64B7-08DD5FC7A12B,144bc00f-b27f-49a9-8664-9bcd79ea6975,2025-03-19,2
9C748918-4653-4FC7-64B8-08DD5FC7A12B,144bc00f-b27f-49a9-8664-9bcd79ea6975,2025-03-20,2
827C62E2-122B-4C81-64B9-08DD5FC7A12B,925fe8e4-a2de-433d-8c9d-b07fd34a8c36,2025-03-22,2
4190AAAE-C69E-4603-64BA-08DD5FC7A12B,925fe8e4-a2de-433d-8c9d-b07fd34a8c36,2025-03-23,2
A6F972F6-FC60-487A-64BB-08DD5FC7A12B,144bc00f-b27f-49a9-8664-9bcd79ea6975,2025-03-23,2
5272D3EF-E4EE-452D-C4C5-08DD5FD08D8A,c280d18d-86b9-4bba-85e6-2c00472efd9d,2025-03-17,2
D6243299-79D6-4359-C4C6-08DD5FD08D8A,c280d18d-86b9-4bba-85e6-2c00472efd9d,2025-03-21,2
35267AB2-0D5F-43A9-C4C7-08DD5FD08D8A,c280d18d-86b9-4bba-85e6-2c00472efd9d,2025-03-23,2
D92B926E-34AD-4A37-A3D9-08DD5FF253DA,43072b87-23d4-4ad6-88f8-7999ef3c86ca,2025-03-20,2
B4470CC5-C024-4905-A3DA-08DD5FF253DA,43072b87-23d4-4ad6-88f8-7999ef3c86ca,2025-03-22,2
FA6AC966-CE3D-4D59-A3DB-08DD5FF253DA,43072b87-23d4-4ad6-88f8-7999ef3c86ca,2025-03-23,2
16FB692A-C56C-493B-08A7-08DD5FF883CC,4da65404-40f7-408c-8831-dec60d86d60b,2025-03-17,2
59658A52-1D98-41B9-08A8-08DD5FF883CC,4da65404-40f7-408c-8831-dec60d86d60b,2025-03-19,2
B85F3B3B-800D-415B-08A9-08DD5FF883CC,4da65404-40f7-408c-8831-dec60d86d60b,2025-03-22,2
9463D9F8-BAF7-4489-4280-08DD609EC09E,78732633-0af4-4912-9602-d3923d7c10d0,2025-04-30,2
99F308F4-C1B7-4209-C610-08DD625B27BF,b5ca6829-6ac9-4e18-96d7-3282ff6f3250,2025-03-27,2
13C0FA08-8FAB-4FEC-C151-08DD62783220,d71b50b4-750e-4644-9786-becc6520c6d7,2025-03-29,2
C1DFF8F3-67E0-4591-C152-08DD62783220,d71b50b4-750e-4644-9786-becc6520c6d7,2025-03-30,2
CB501A20-12E4-4E57-C153-08DD62783220,d71b50b4-750e-4644-9786-becc6520c6d7,2025-03-25,1
21A81185-5F8F-4316-E268-08DD62C9B2DA,4d71f5cd-5e03-4e0e-b17d-593586b88b99,2025-03-26,2
47BFE7EF-1FBC-438E-E269-08DD62C9B2DA,4d71f5cd-5e03-4e0e-b17d-593586b88b99,2025-03-27,2
80BFC17F-F5BA-477F-E26A-08DD62C9B2DA,4d71f5cd-5e03-4e0e-b17d-593586b88b99,2025-03-28,2
CBBD89BA-AF17-48D6-E26B-08DD62C9B2DA,4d71f5cd-5e03-4e0e-b17d-593586b88b99,2025-03-29,2
02107F7B-2F96-4DDE-3358-08DD62E8082B,1ddcffe7-c2ad-4836-a35b-75b12da1d336,2025-03-27,2
4E6CFDE4-9485-4B31-3359-08DD62E8082B,1ddcffe7-c2ad-4836-a35b-75b12da1d336,2025-03-29,2
89BD7C8E-AB5B-41E0-0A1B-08DD630107D6,c720feeb-93e1-4d88-b275-525f95f377ee,2025-03-27,2
113DBA1C-6CD1-4EE4-1AB6-08DD632626AE,b8eaaef1-8890-4d24-8c6c-3db23f8812a0,2025-03-29,2
3E80CC13-1A34-4E13-5459-08DD645C87BE,2c075776-4fd8-49f3-b781-7842bd8156de,2025-03-24,2
99C6C963-9360-4324-545A-08DD645C87BE,2c075776-4fd8-49f3-b781-7842bd8156de,2025-03-26,2
5703AA7B-2678-4853-558C-08DD6473FB58,925fe8e4-a2de-433d-8c9d-b07fd34a8c36,2025-03-29,2
5745D2DA-58E1-4ACC-558E-08DD6473FB58,925fe8e4-a2de-433d-8c9d-b07fd34a8c36,2025-03-30,2
911F80AA-1CFF-4BBF-6FDE-08DD64840EE9,c71ec1ec-5e2b-4c33-8c89-de5897a207a6,2025-03-28,2
DA68EDAB-FD0E-4D2D-6FDF-08DD64840EE9,1b96029f-d249-4657-97e1-ce4086f265fc,2025-03-30,2
E0B4AEA3-6C26-47BD-EBFF-08DD6487A31B,c280d18d-86b9-4bba-85e6-2c00472efd9d,2025-03-24,2
AB742953-DFA8-4091-EC00-08DD6487A31B,c280d18d-86b9-4bba-85e6-2c00472efd9d,2025-03-29,2
41963EB0-CCB7-4FEB-EC01-08DD6487A31B,c280d18d-86b9-4bba-85e6-2c00472efd9d,2025-03-30,2
145E2A6B-AA3B-4692-7295-08DD64B1A884,f488e272-24db-42ce-9d36-80a013657223,2025-03-29,2
294D4A25-8995-4CDF-7296-08DD64B1A884,6663d684-ce88-47ff-a4f7-e40d3b82a13f,2025-03-25,2
47556BDD-B5F1-49FC-7297-08DD64B1A884,6663d684-ce88-47ff-a4f7-e40d3b82a13f,2025-03-30,2
B5C2AA87-2D4C-49E6-7298-08DD64B1A884,6663d684-ce88-47ff-a4f7-e40d3b82a13f,2025-04-26,1
9F7042B5-56C4-4860-7299-08DD64B1A884,6663d684-ce88-47ff-a4f7-e40d3b82a13f,2025-04-27,1
836D4332-FB3D-48EF-729A-08DD64B1A884,6663d684-ce88-47ff-a4f7-e40d3b82a13f,2025-04-28,1
23722C4A-6F95-4809-729B-08DD64B1A884,6663d684-ce88-47ff-a4f7-e40d3b82a13f,2025-04-29,1
CDA31E9C-8174-4A66-729C-08DD64B1A884,6663d684-ce88-47ff-a4f7-e40d3b82a13f,2025-04-30,1
4E3B0BE1-29E2-4961-4D43-08DD64C8CF74,38b41087-0565-4dea-8ddf-e3b522a14368,2025-03-28,2
EB3B48E2-9CA4-45E7-8904-08DD652797C7,144bc00f-b27f-49a9-8664-9bcd79ea6975,2025-03-27,2
B3CC833D-53B2-4886-8905-08DD652797C7,144bc00f-b27f-49a9-8664-9bcd79ea6975,2025-03-26,2
AD051050-3146-475F-B145-08DD652F42A4,43072b87-23d4-4ad6-88f8-7999ef3c86ca,2025-03-27,2
E2B375EE-AE0D-47D2-B146-08DD652F42A4,43072b87-23d4-4ad6-88f8-7999ef3c86ca,2025-03-29,2
56965170-D009-4955-B147-08DD652F42A4,43072b87-23d4-4ad6-88f8-7999ef3c86ca,2025-03-30,2
90869CD6-B8AF-48A4-3CF6-08DD65775D56,7afecb62-aa18-4106-a82b-a906fa7e488d,2025-03-28,2
753A3A3E-9E4E-4183-3CF7-08DD65775D56,7afecb62-aa18-4106-a82b-a906fa7e488d,2025-05-31,1
842EC7F1-A2E7-417E-3CF8-08DD65775D56,7afecb62-aa18-4106-a82b-a906fa7e488d,2025-06-01,1
44DCE89F-C25D-4568-3CF9-08DD65775D56,7afecb62-aa18-4106-a82b-a906fa7e488d,2025-06-02,1
F6957690-6D54-4EC3-16F5-08DD659AE782,9964c775-c7f7-42d2-9d2c-a75cb68487d1,2025-03-26,2
C93AC16E-CE8A-4258-16F6-08DD659AE782,9964c775-c7f7-42d2-9d2c-a75cb68487d1,2025-03-28,2
204C8494-6936-40CA-16F7-08DD659AE782,9964c775-c7f7-42d2-9d2c-a75cb68487d1,2025-03-30,2
599AF8EF-2456-4D3C-3ECD-08DD66DAAB63,c71ec1ec-5e2b-4c33-8c89-de5897a207a6,2025-03-31,2
0D6900CB-5FBC-4E1C-3ECE-08DD66DAAB63,c71ec1ec-5e2b-4c33-8c89-de5897a207a6,2025-04-05,2
FD00CACA-2F68-4E89-3ECF-08DD66DAAB63,1a75df7a-e558-47c6-8af0-033582318b99,2025-04-02,2
D16CF912-FEC6-4CF2-3ED0-08DD66DAAB63,1a75df7a-e558-47c6-8af0-033582318b99,2025-04-02,2
1362B9AC-77CD-435F-3ED1-08DD66DAAB63,1a75df7a-e558-47c6-8af0-033582318b99,2025-04-03,2
3AB1FBF7-74CD-4D2D-3ED2-08DD66DAAB63,c71ec1ec-5e2b-4c33-8c89-de5897a207a6,2025-04-01,2
D1BABBEB-4A8D-4A2A-7BE5-08DD66FE45FC,c5ce5a45-2b0a-40ff-a82f-ea5df6501805,2025-05-20,1
A3B7CD52-D4EB-42FD-7BE6-08DD66FE45FC,c5ce5a45-2b0a-40ff-a82f-ea5df6501805,2025-05-21,1
09AC7055-D9D6-4B0B-7BE7-08DD66FE45FC,c5ce5a45-2b0a-40ff-a82f-ea5df6501805,2025-05-22,1
AC7EF13D-9D3E-4D4B-7BE8-08DD66FE45FC,c5ce5a45-2b0a-40ff-a82f-ea5df6501805,2025-05-23,1
DCDFC808-B904-4E95-7BE9-08DD66FE45FC,c5ce5a45-2b0a-40ff-a82f-ea5df6501805,2025-05-24,1
5D3B3152-D07D-45CF-86E5-08DD67C25FD5,1b96029f-d249-4657-97e1-ce4086f265fc,2025-04-02,2
1BE53019-5D97-4445-86E6-08DD67C25FD5,1b96029f-d249-4657-97e1-ce4086f265fc,2025-04-03,2
91EEF079-9D16-49A1-0DCD-08DD67D1A812,c720feeb-93e1-4d88-b275-525f95f377ee,2025-04-02,2
5BA74D32-CAE0-4BC2-0DCE-08DD67D1A812,c720feeb-93e1-4d88-b275-525f95f377ee,2025-04-03,2
0B9A2ACE-F989-4146-0DCF-08DD67D1A812,c720feeb-93e1-4d88-b275-525f95f377ee,2025-04-04,2
9595A61D-0942-4913-1E93-08DD68525386,b5ca6829-6ac9-4e18-96d7-3282ff6f3250,2025-04-09,2
2D8A8877-559B-4AC8-1E94-08DD68525386,b5ca6829-6ac9-4e18-96d7-3282ff6f3250,2025-04-10,2
4E0A1C52-9622-4579-1E95-08DD68525386,b5ca6829-6ac9-4e18-96d7-3282ff6f3250,2025-04-11,2
46EE419D-1264-4A15-95E9-08DD68635C7E,95bf29ca-f6b4-4fbb-88b1-46de45dcf625,2025-03-31,2
2413F310-557C-44FC-0CA5-08DD6888B8BC,9c1113fb-90f9-4b8b-8fdd-bcc7b6b5365b,2025-04-16,1
77E97795-A6C3-4606-B98F-08DD6890FE44,27e0791f-5767-4877-b1e4-c80aceb86623,2025-03-31,2
703B9EFB-F304-435A-B990-08DD6890FE44,27e0791f-5767-4877-b1e4-c80aceb86623,2025-04-03,2
9D95D5AE-97BC-46C5-5299-08DD692831DE,57f57d9a-735a-4bcc-afb6-f2799bd738a4,2025-04-01,2
CF7ABDD3-EE61-47FD-529A-08DD692831DE,57f57d9a-735a-4bcc-afb6-f2799bd738a4,2025-04-06,2
CED1515A-F7F2-48F4-3194-08DD69371C52,144bc00f-b27f-49a9-8664-9bcd79ea6975,2025-04-02,2
95AB0543-1159-4BE4-3195-08DD69371C52,144bc00f-b27f-49a9-8664-9bcd79ea6975,2025-04-04,2
2602F347-63C9-4CAF-3196-08DD69371C52,27e0791f-5767-4877-b1e4-c80aceb86623,2025-04-05,2
B0CEA6F1-2152-45C1-319A-08DD69371C52,f03ea971-0ec2-4be7-aae9-364f3922b741,2025-04-01,1
9DB7FEFF-60F7-451D-319B-08DD69371C52,ab577efb-8d05-4666-a51a-6b95edc5ec45,2025-04-03,2
F2F0FB71-2823-43D9-58DC-08DD69714727,ab577efb-8d05-4666-a51a-6b95edc5ec45,2025-03-31,2
77E672D0-AA99-494C-6004-08DD69D57493,4d71f5cd-5e03-4e0e-b17d-593586b88b99,2025-03-31,2
89965480-41AC-4FB3-2D97-08DD6A2F4255,b5ca6829-6ac9-4e18-96d7-3282ff6f3250,2025-04-05,2
030A25CA-7856-43C5-A613-08DD6A44FD34,6663d684-ce88-47ff-a4f7-e40d3b82a13f,2025-04-01,2
530E55DD-2FFC-4012-A614-08DD6A44FD34,6663d684-ce88-47ff-a4f7-e40d3b82a13f,2025-04-04,2
B90D32B5-6353-4D8B-A615-08DD6A44FD34,6663d684-ce88-47ff-a4f7-e40d3b82a13f,2025-04-05,2
5BD14742-E89B-4061-ED3A-08DD6A8B062B,b8eaaef1-8890-4d24-8c6c-3db23f8812a0,2025-04-03,2
B67C352A-2046-472F-23E9-08DD6ACB4AE0,c280d18d-86b9-4bba-85e6-2c00472efd9d,2025-04-01,2
EE02E615-01FC-4E5A-23EA-08DD6ACB4AE0,c280d18d-86b9-4bba-85e6-2c00472efd9d,2025-04-02,2
4064C437-DA20-451B-23EB-08DD6ACB4AE0,c280d18d-86b9-4bba-85e6-2c00472efd9d,2025-04-05,2
2B1D35F6-B331-497B-23EC-08DD6ACB4AE0,0fac737b-0e61-46db-a27a-52730d65cb9a,2025-04-01,2
EB9C395C-262D-4C3D-23ED-08DD6ACB4AE0,0fac737b-0e61-46db-a27a-52730d65cb9a,2025-04-04,2
9E27ABFD-01F6-4329-23EE-08DD6ACB4AE0,0fac737b-0e61-46db-a27a-52730d65cb9a,2025-04-05,2
7788A694-9618-4F0B-23EF-08DD6ACB4AE0,9964c775-c7f7-42d2-9d2c-a75cb68487d1,2025-04-03,2
C3E156DD-C333-4DF9-8214-08DD6AEECC01,144bc00f-b27f-49a9-8664-9bcd79ea6975,2025-03-31,1
215BC018-91B6-4DE2-8215-08DD6AEECC01,d71b50b4-750e-4644-9786-becc6520c6d7,2025-04-03,2
28153BFC-2C77-4246-8216-08DD6AEECC01,d71b50b4-750e-4644-9786-becc6520c6d7,2025-04-05,2
1A559A3D-9E4C-48BD-8217-08DD6AEECC01,23585a8f-5bb9-44d7-a5f9-d7498c60ab2c,2025-05-21,1
2B0BBC16-B146-4CD1-8218-08DD6AEECC01,23585a8f-5bb9-44d7-a5f9-d7498c60ab2c,2025-05-22,1
48149EAD-0780-450B-8219-08DD6AEECC01,23585a8f-5bb9-44d7-a5f9-d7498c60ab2c,2025-05-23,1
43396543-D5A5-4E1D-821A-08DD6AEECC01,4da65404-40f7-408c-8831-dec60d86d60b,2025-03-31,2
4250F9B9-AD08-4DDE-278B-08DD6AFD66A5,43072b87-23d4-4ad6-88f8-7999ef3c86ca,2025-03-31,2
B87BA848-2234-413E-278C-08DD6AFD66A5,43072b87-23d4-4ad6-88f8-7999ef3c86ca,2025-04-05,2
BD7B40C7-DA1D-4759-4D26-08DD6B6A0B8E,f488e272-24db-42ce-9d36-80a013657223,2025-04-08,2
2727BFD5-A517-4D9C-6C87-08DD6BBCCA24,c720feeb-93e1-4d88-b275-525f95f377ee,2025-04-18,2
2809CB59-F389-44D2-6C88-08DD6BBCCA24,c720feeb-93e1-4d88-b275-525f95f377ee,2025-04-19,2
FEF0B356-C8BC-4804-05FE-08DD6BC2999D,1ddcffe7-c2ad-4836-a35b-75b12da1d336,2025-04-08,2
370CD4F4-693D-4C1D-9C88-08DD6C3FB8FB,1a75df7a-e558-47c6-8af0-033582318b99,2025-04-08,2
70F891BD-F154-4443-ADB1-08DD6C987D40,c5ce5a45-2b0a-40ff-a82f-ea5df6501805,2025-04-08,2
4A560175-A539-4A5B-ED14-08DD6D1D07A8,0fac737b-0e61-46db-a27a-52730d65cb9a,2025-04-07,2
19E31E17-93B3-471D-ED15-08DD6D1D07A8,0fac737b-0e61-46db-a27a-52730d65cb9a,2025-04-09,2
14BF5F98-6CF3-41FA-ED16-08DD6D1D07A8,0fac737b-0e61-46db-a27a-52730d65cb9a,2025-04-11,2
496E9686-6AB9-4626-F655-08DD6D26207A,8b9bd17e-0e24-43f0-81f3-854b0464555f,2025-04-17,2
DF3F4361-344C-4BBC-A390-08DD6D45E2BB,e83cca08-16dc-4650-8002-6ee0c1b791b5,2025-03-28,1
F9A681B5-782F-4B05-A391-08DD6D45E2BB,e83cca08-16dc-4650-8002-6ee0c1b791b5,2025-03-29,1
C476B1F5-B392-4088-A392-08DD6D45E2BB,d7aa3072-d6e8-444b-9d5b-f872b3a689c4,2025-03-28,1
2B11CDC8-733A-427B-A393-08DD6D45E2BB,d7aa3072-d6e8-444b-9d5b-f872b3a689c4,2025-03-29,1
23A5B623-F1D0-4EB9-F34E-08DD6DD0E01C,38b41087-0565-4dea-8ddf-e3b522a14368,2025-04-12,2
BDBAE4DD-9E66-4295-F34F-08DD6DD0E01C,38b41087-0565-4dea-8ddf-e3b522a14368,2025-04-13,2
0EE076D7-1183-4A09-F350-08DD6DD0E01C,38b41087-0565-4dea-8ddf-e3b522a14368,2025-04-18,2
D6A4EE66-FF2F-4E57-F351-08DD6DD0E01C,38b41087-0565-4dea-8ddf-e3b522a14368,2025-04-19,2
EFFDD862-6E99-432B-F352-08DD6DD0E01C,38b41087-0565-4dea-8ddf-e3b522a14368,2025-04-28,2
37EC103C-70CF-4EBA-F353-08DD6DD0E01C,38b41087-0565-4dea-8ddf-e3b522a14368,2025-04-29,2
5E8113D8-EB3D-4A27-2276-08DD6DE32552,95bf29ca-f6b4-4fbb-88b1-46de45dcf625,2025-03-31,1
86376418-F9F9-4472-2277-08DD6DE32552,477951d3-95b8-4933-ad3b-ae6f86eafc55,2025-03-31,1
1B636EF5-6486-478B-2278-08DD6DE32552,f03ea971-0ec2-4be7-aae9-364f3922b741,2025-03-31,1
5A733268-84CC-4EC3-99BC-08DD6E0028E5,b8eaaef1-8890-4d24-8c6c-3db23f8812a0,2025-04-13,2
DF611ECA-D8DC-4198-F74F-08DD6E84FA0D,ab577efb-8d05-4666-a51a-6b95edc5ec45,2025-04-10,2
66EF0629-0B04-40A2-FBD2-08DD6E916FD0,57f57d9a-735a-4bcc-afb6-f2799bd738a4,2025-04-07,2
0F2FD5F2-F428-49F3-FBD3-08DD6E916FD0,57f57d9a-735a-4bcc-afb6-f2799bd738a4,2025-04-09,2
D86BE12D-5264-4D11-FBD4-08DD6E916FD0,8b9bd17e-0e24-43f0-81f3-854b0464555f,2025-04-09,2
3A6B79F6-D934-4A0A-FBD5-08DD6E916FD0,95bf29ca-f6b4-4fbb-88b1-46de45dcf625,2025-04-12,2
727873FF-70E3-4CC9-FBD6-08DD6E916FD0,95bf29ca-f6b4-4fbb-88b1-46de45dcf625,2025-04-12,2
98ED82D9-C8ED-4A5E-FBD8-08DD6E916FD0,95bf29ca-f6b4-4fbb-88b1-46de45dcf625,2025-04-13,2
9C0BAC95-0AC5-4297-4AB8-08DD6EBBAC46,fa431862-6ab2-46f0-91f3-97ae1452fc85,2025-04-11,2
53473CE0-030A-4F13-40A8-08DD6ED53CF1,4d71f5cd-5e03-4e0e-b17d-593586b88b99,2025-04-07,2
8FC2756F-C55B-478C-40A9-08DD6ED53CF1,4d71f5cd-5e03-4e0e-b17d-593586b88b99,2025-04-09,2
A46A09D2-112B-4F06-40AA-08DD6ED53CF1,4d71f5cd-5e03-4e0e-b17d-593586b88b99,2025-04-11,2
CD6C87AE-C55E-47F5-40AB-08DD6ED53CF1,4d71f5cd-5e03-4e0e-b17d-593586b88b99,2025-04-12,2
01CF2380-DD62-4AD2-DECD-08DD6F13EED0,477951d3-95b8-4933-ad3b-ae6f86eafc55,2025-04-08,2
0673F932-202A-492E-13E4-08DD6F4EA384,d71b50b4-750e-4644-9786-becc6520c6d7,2025-04-12,2
CFDC3202-DF0C-4703-13E5-08DD6F4EA384,c720feeb-93e1-4d88-b275-525f95f377ee,2025-04-15,2
C9373BCB-B62E-45F8-FC34-08DD6F82B09D,f03ea971-0ec2-4be7-aae9-364f3922b741,2025-04-10,2
E68CF4C3-6D47-4A1B-FC35-08DD6F82B09D,f03ea971-0ec2-4be7-aae9-364f3922b741,2025-04-11,2
7DFF67E8-DD1D-4602-B9C5-08DD6F8CFDD9,6663d684-ce88-47ff-a4f7-e40d3b82a13f,2025-04-08,2
7CFE4417-FF83-43A2-B9C6-08DD6F8CFDD9,6663d684-ce88-47ff-a4f7-e40d3b82a13f,2025-04-12,2
8306B432-D2E4-4B89-5DE8-08DD6FA9627E,2c075776-4fd8-49f3-b781-7842bd8156de,2025-04-07,2
E8C925E3-2088-4572-5DE9-08DD6FA9627E,2c075776-4fd8-49f3-b781-7842bd8156de,2025-04-10,2
FF0AB385-6DF2-421D-C98B-08DD7012EF0F,9964c775-c7f7-42d2-9d2c-a75cb68487d1,2025-04-12,2
01622468-11EE-4EA8-623E-08DD70167018,27e0791f-5767-4877-b1e4-c80aceb86623,2025-04-08,2
4D36C496-8164-41C2-8AA5-08DD704B693F,fafe9819-8c58-4398-a1cc-77584270b6ed,2025-04-12,2
76D89054-2102-4929-E503-08DD706CD5AE,4da65404-40f7-408c-8831-dec60d86d60b,2025-04-08,2
7C317890-EF12-4901-E504-08DD706CD5AE,4da65404-40f7-408c-8831-dec60d86d60b,2025-04-10,2
A224BC23-A22B-4803-A04C-08DD708D0899,c280d18d-86b9-4bba-85e6-2c00472efd9d,2025-04-09,2
6CA533B6-AE1E-4D22-A04D-08DD708D0899,c280d18d-86b9-4bba-85e6-2c00472efd9d,2025-04-10,2
941E8776-1FA8-4B91-A04E-08DD708D0899,c280d18d-86b9-4bba-85e6-2c00472efd9d,2025-04-12,2
A5D2D397-6292-4C18-0EAB-08DD710BF9E3,8b9bd17e-0e24-43f0-81f3-854b0464555f,2025-04-16,2
4513AD69-EFFC-4C41-0EAC-08DD710BF9E3,9249db54-a23a-48e5-847d-cae130c90544,2025-04-15,2
FE46E173-879C-47D4-323D-08DD7120FE52,38b41087-0565-4dea-8ddf-e3b522a14368,2025-04-15,2
88668526-95DF-414A-323E-08DD7120FE52,38b41087-0565-4dea-8ddf-e3b522a14368,2025-04-16,2
1044ACAE-B71E-4370-44E9-08DD71DC7435,1641a578-00b2-4973-955d-095bc254d709,2025-04-08,2
4D24F043-E252-43F6-44EA-08DD71DC7435,1641a578-00b2-4973-955d-095bc254d709,2025-04-10,2
CC5A13EE-D924-4DF0-44EB-08DD71DC7435,144bc00f-b27f-49a9-8664-9bcd79ea6975,2025-04-11,2
97DEC1EA-F118-408F-44EC-08DD71DC7435,144bc00f-b27f-49a9-8664-9bcd79ea6975,2025-04-12,2
60C0DB45-E9A5-467D-44ED-08DD71DC7435,144bc00f-b27f-49a9-8664-9bcd79ea6975,2025-04-13,1
682DBD9E-CDAD-4C18-D993-08DD727EA47D,95bf29ca-f6b4-4fbb-88b1-46de45dcf625,2025-04-07,2
0CA55936-08A0-4D80-D994-08DD727EA47D,95bf29ca-f6b4-4fbb-88b1-46de45dcf625,2025-04-08,2
A8A2BA54-10B5-4847-6CB4-08DD72D07632,ab577efb-8d05-4666-a51a-6b95edc5ec45,2025-04-21,1
F96D4574-4506-4FF0-6CB5-08DD72D07632,ab577efb-8d05-4666-a51a-6b95edc5ec45,2025-04-22,1
E6EF7F31-F867-4D75-D85E-08DD72FA51B0,ff7cc517-15bb-4dc9-a941-2902d92fc311,2025-04-14,2
7DFA7020-4834-4E8A-D85F-08DD72FA51B0,ff7cc517-15bb-4dc9-a941-2902d92fc311,2025-04-17,2
A3DC787E-2709-4AE7-D860-08DD72FA51B0,ff7cc517-15bb-4dc9-a941-2902d92fc311,2025-04-18,2
C39753FF-D671-4EAC-D861-08DD72FA51B0,ff7cc517-15bb-4dc9-a941-2902d92fc311,2025-04-20,1
7233B98C-226A-43BB-D862-08DD72FA51B0,ff7cc517-15bb-4dc9-a941-2902d92fc311,2025-04-21,1
3205C2FC-C96D-4EF9-D863-08DD72FA51B0,ff7cc517-15bb-4dc9-a941-2902d92fc311,2025-04-22,1
E45F70FF-E381-4C65-D864-08DD72FA51B0,ff7cc517-15bb-4dc9-a941-2902d92fc311,2025-04-23,1
ECA7562D-CBDB-4A4C-D865-08DD72FA51B0,ff7cc517-15bb-4dc9-a941-2902d92fc311,2025-04-24,1
3CB902B2-6FB9-4000-D866-08DD72FA51B0,ff7cc517-15bb-4dc9-a941-2902d92fc311,2025-04-25,1
7ECEA1FE-254D-4A0E-D867-08DD72FA51B0,ff7cc517-15bb-4dc9-a941-2902d92fc311,2025-04-26,1
B02EE6A6-722A-4CE0-D868-08DD72FA51B0,ff7cc517-15bb-4dc9-a941-2902d92fc311,2025-04-27,1
919DECCA-A538-4539-1F4B-08DD733FEBF6,2320cb1b-d64f-4486-aabe-9754c12a1d06,2025-04-14,2
57FE4543-579E-4A24-DC3F-08DD73635F7F,27e0791f-5767-4877-b1e4-c80aceb86623,2025-04-20,2
CC87BBC5-1AD7-4031-DC40-08DD73635F7F,27e0791f-5767-4877-b1e4-c80aceb86623,2025-04-21,2
8BADE52D-6575-4BFA-DC42-08DD73635F7F,477951d3-95b8-4933-ad3b-ae6f86eafc55,2025-04-17,2
ED647D67-F188-436C-DF9F-08DD73C248A0,9b1e36ac-7e99-4109-b4c6-9a85c1bf7719,2025-04-14,2
1A77B577-7C44-41BC-DFA0-08DD73C248A0,9b1e36ac-7e99-4109-b4c6-9a85c1bf7719,2025-04-15,2
002EE482-F073-4BC1-DFA1-08DD73C248A0,9b1e36ac-7e99-4109-b4c6-9a85c1bf7719,2025-04-17,2
539D6459-72EE-4459-DFA2-08DD73C248A0,9b1e36ac-7e99-4109-b4c6-9a85c1bf7719,2025-04-18,2
1CE7CB4C-C0B4-4B7B-DFA3-08DD73C248A0,9b1e36ac-7e99-4109-b4c6-9a85c1bf7719,2025-04-19,2
EDA67EFD-D886-4492-A7CE-08DD74619EC1,b8eaaef1-8890-4d24-8c6c-3db23f8812a0,2025-04-14,2
789E57D7-0F15-4FB4-3DF8-08DD7469A692,d71b50b4-750e-4644-9786-becc6520c6d7,2025-04-16,2
EC576E02-29BC-4937-3DF9-08DD7469A692,d71b50b4-750e-4644-9786-becc6520c6d7,2025-04-18,2
038137B8-8DA2-4E78-3DFA-08DD7469A692,d71b50b4-750e-4644-9786-becc6520c6d7,2025-04-19,2
3BDD258E-A4A3-4D00-0A54-08DD74D113D5,1a75df7a-e558-47c6-8af0-033582318b99,2025-04-14,2
B468A125-0251-4E1C-0A55-08DD74D113D5,1a75df7a-e558-47c6-8af0-033582318b99,2025-04-15,1
A805C33F-64A0-43CC-0A56-08DD74D113D5,1a75df7a-e558-47c6-8af0-033582318b99,2025-04-16,2
D9861334-15B6-45E5-0A57-08DD74D113D5,1a75df7a-e558-47c6-8af0-033582318b99,2025-04-19,2
69F22523-2235-476D-0A58-08DD74D113D5,1a75df7a-e558-47c6-8af0-033582318b99,2025-04-19,2
57F7F314-6D67-497E-8B05-08DD74F90082,f03ea971-0ec2-4be7-aae9-364f3922b741,2025-04-17,1
9712E899-7468-4CF2-8B06-08DD74F90082,144bc00f-b27f-49a9-8664-9bcd79ea6975,2025-04-17,2
AE7C6FFF-3CAA-491D-8B07-08DD74F90082,144bc00f-b27f-49a9-8664-9bcd79ea6975,2025-04-18,2
F8C1DCDB-3479-4120-8B08-08DD74F90082,144bc00f-b27f-49a9-8664-9bcd79ea6975,2025-04-19,2
E169B581-FFB3-4802-8B09-08DD74F90082,144bc00f-b27f-49a9-8664-9bcd79ea6975,2025-04-20,2
B5954E57-6DAF-4D88-8B0A-08DD74F90082,144bc00f-b27f-49a9-8664-9bcd79ea6975,2025-04-21,2
6A0B7081-338B-4B45-FAA5-08DD7526CAFA,1641a578-00b2-4973-955d-095bc254d709,2025-04-20,2
373A9975-4A23-4F8C-58A1-08DD75404271,925fe8e4-a2de-433d-8c9d-b07fd34a8c36,2025-04-18,2
A446CD0A-EA84-494B-58A2-08DD75404271,925fe8e4-a2de-433d-8c9d-b07fd34a8c36,2025-04-19,2
1D65F30E-F03A-493A-086D-08DD759C7228,0fac737b-0e61-46db-a27a-52730d65cb9a,2025-04-14,2
960FBBE4-A3A6-4BE4-086E-08DD759C7228,0fac737b-0e61-46db-a27a-52730d65cb9a,2025-04-16,2
BE0A39B1-86F8-46A3-086F-08DD759C7228,0fac737b-0e61-46db-a27a-52730d65cb9a,2025-04-20,2
152D5B19-955D-40E9-0871-08DD759C7228,43072b87-23d4-4ad6-88f8-7999ef3c86ca,2025-04-14,2
34AD533A-3C85-4E84-0873-08DD759C7228,43072b87-23d4-4ad6-88f8-7999ef3c86ca,2025-04-15,2
0A518011-E373-46CA-0874-08DD759C7228,43072b87-23d4-4ad6-88f8-7999ef3c86ca,2025-04-20,2
DBFD241F-1720-49D2-0875-08DD759C7228,9c1113fb-90f9-4b8b-8fdd-bcc7b6b5365b,2025-04-20,2
4DEC0DA7-C5AA-49C6-0876-08DD759C7228,1641a578-00b2-4973-955d-095bc254d709,2025-04-17,1
07C392D7-AE76-4FD2-0877-08DD759C7228,1641a578-00b2-4973-955d-095bc254d709,2025-04-18,1
15D37F1E-EC81-414B-0878-08DD759C7228,1641a578-00b2-4973-955d-095bc254d709,2025-04-21,2
D1FD5A63-5431-49FD-0879-08DD759C7228,9c1113fb-90f9-4b8b-8fdd-bcc7b6b5365b,2025-04-25,1
6E967C16-3831-46DE-087A-08DD759C7228,9c1113fb-90f9-4b8b-8fdd-bcc7b6b5365b,2025-04-26,1
DA3877FB-8DEC-417D-087B-08DD759C7228,9c1113fb-90f9-4b8b-8fdd-bcc7b6b5365b,2025-04-27,1
C8B6DD80-B610-4091-087F-08DD759C7228,c280d18d-86b9-4bba-85e6-2c00472efd9d,2025-04-14,2
5C8C46AD-3294-4667-0880-08DD759C7228,c280d18d-86b9-4bba-85e6-2c00472efd9d,2025-04-15,2
59044AD8-F044-4E5D-0881-08DD759C7228,b5ca6829-6ac9-4e18-96d7-3282ff6f3250,2025-04-20,2
F9519CC1-9DBC-4906-0882-08DD759C7228,b5ca6829-6ac9-4e18-96d7-3282ff6f3250,2025-04-23,2
A86992CF-3784-4977-ABCB-08DD75DD1B16,95bf29ca-f6b4-4fbb-88b1-46de45dcf625,2025-04-21,2
EE737639-18D3-4F51-ABCC-08DD75DD1B16,95bf29ca-f6b4-4fbb-88b1-46de45dcf625,2025-04-19,2
CCEED440-D498-4FA6-ABCD-08DD75DD1B16,95bf29ca-f6b4-4fbb-88b1-46de45dcf625,2025-04-20,2
129AD403-8EC0-47DF-ABCE-08DD75DD1B16,95bf29ca-f6b4-4fbb-88b1-46de45dcf625,2025-04-25,1
CC97ED9F-B27F-42FA-ABCF-08DD75DD1B16,95bf29ca-f6b4-4fbb-88b1-46de45dcf625,2025-04-26,1
4EC792A1-5827-492A-ABD0-08DD75DD1B16,95bf29ca-f6b4-4fbb-88b1-46de45dcf625,2025-04-27,1
F7E5959E-F824-4830-3A28-08DD75ED5079,4da65404-40f7-408c-8831-dec60d86d60b,2025-04-15,2
7A694A82-DDE5-4B34-3A29-08DD75ED5079,4da65404-40f7-408c-8831-dec60d86d60b,2025-04-16,2
D2C8B92D-E1C4-4D15-3A2A-08DD75ED5079,4da65404-40f7-408c-8831-dec60d86d60b,2025-04-18,2
051F1265-8020-4708-D137-08DD7674A34A,d71b50b4-750e-4644-9786-becc6520c6d7,2025-05-02,1
81A3541D-7064-469C-D138-08DD7674A34A,d71b50b4-750e-4644-9786-becc6520c6d7,2025-05-03,1
58BA06A6-05C8-49F7-D139-08DD7674A34A,d71b50b4-750e-4644-9786-becc6520c6d7,2025-05-04,1
4D307A3E-409F-4716-D13A-08DD7674A34A,d71b50b4-750e-4644-9786-becc6520c6d7,2025-05-05,1
C1B80D59-3D7F-495C-A302-08DD76B06932,f538e494-84f3-4ea8-ae3b-f0f142294fbe,2025-04-27,2
5BA5E767-0978-4F63-5DCD-08DD76BD3907,1b96029f-d249-4657-97e1-ce4086f265fc,2025-04-21,2
3FE61E3D-ECF3-4E1D-8A4B-08DD778A299A,38b41087-0565-4dea-8ddf-e3b522a14368,2025-04-23,2
EF443218-7A24-4990-4132-08DD77B06361,2c075776-4fd8-49f3-b781-7842bd8156de,2025-05-04,1
21FC57A1-E562-4DD3-4133-08DD77B06361,2c075776-4fd8-49f3-b781-7842bd8156de,2025-05-05,1
502A40F1-3EF1-46EE-4134-08DD77B06361,2c075776-4fd8-49f3-b781-7842bd8156de,2025-05-06,1
2EBE44CD-6015-4729-4135-08DD77B06361,2c075776-4fd8-49f3-b781-7842bd8156de,2025-05-07,1
3F3AAB84-EF0B-442C-4136-08DD77B06361,2c075776-4fd8-49f3-b781-7842bd8156de,2025-05-08,1
31313685-C055-4851-B76C-08DD77FF58FD,78732633-0af4-4912-9602-d3923d7c10d0,2025-04-23,2
453DDA79-C816-4A16-B76D-08DD77FF58FD,c280d18d-86b9-4bba-85e6-2c00472efd9d,2025-04-21,1
CE471B43-A8AC-4763-B76E-08DD77FF58FD,c280d18d-86b9-4bba-85e6-2c00472efd9d,2025-04-22,1
55ED9C59-075A-4150-B76F-08DD77FF58FD,c280d18d-86b9-4bba-85e6-2c00472efd9d,2025-04-23,1
DC914762-5DA8-44B4-B770-08DD77FF58FD,c280d18d-86b9-4bba-85e6-2c00472efd9d,2025-04-24,1
6EF2BD5E-341A-4E61-B771-08DD77FF58FD,c280d18d-86b9-4bba-85e6-2c00472efd9d,2025-04-25,1
CC9B51AA-E005-458A-B772-08DD77FF58FD,c280d18d-86b9-4bba-85e6-2c00472efd9d,2025-04-26,1
FB8CB78C-91B1-4B60-B773-08DD77FF58FD,c280d18d-86b9-4bba-85e6-2c00472efd9d,2025-04-27,1
6153EE4E-8F09-4FE6-95EE-08DD7858A8AF,413e6437-7712-4672-8d5f-80a6c94ef119,2025-04-23,2
65D8B258-7CF1-4B59-0970-08DD78660146,413e6437-7712-4672-8d5f-80a6c94ef119,2025-05-14,2
C390557D-7080-450D-0971-08DD78660146,413e6437-7712-4672-8d5f-80a6c94ef119,2025-05-19,2
6BF364D1-344B-4F21-0973-08DD78660146,413e6437-7712-4672-8d5f-80a6c94ef119,2025-05-16,2
357D452A-5E39-42C5-0974-08DD78660146,413e6437-7712-4672-8d5f-80a6c94ef119,2025-05-17,2
3ABC3057-887E-44D3-0975-08DD78660146,413e6437-7712-4672-8d5f-80a6c94ef119,2025-05-18,2
3832D17B-DA1B-4213-0976-08DD78660146,413e6437-7712-4672-8d5f-80a6c94ef119,2025-05-02,2
30F6711E-7B97-4E55-AC0A-08DD78E42B9F,f488e272-24db-42ce-9d36-80a013657223,2025-08-08,1
E5F0B8D9-651B-4DC2-AC0B-08DD78E42B9F,f488e272-24db-42ce-9d36-80a013657223,2025-08-09,1
62AF97CE-447C-43BF-AC0C-08DD78E42B9F,f488e272-24db-42ce-9d36-80a013657223,2025-08-10,1
0A65841A-1771-4422-AC0D-08DD78E42B9F,f488e272-24db-42ce-9d36-80a013657223,2025-08-11,1
B9093B0C-288A-4B14-AC0E-08DD78E42B9F,f488e272-24db-42ce-9d36-80a013657223,2025-08-12,1
ACACA73F-2956-4494-AC0F-08DD78E42B9F,f488e272-24db-42ce-9d36-80a013657223,2025-08-13,1
0ED8B203-3F77-44C0-AC10-08DD78E42B9F,f488e272-24db-42ce-9d36-80a013657223,2025-08-14,1
E42DF041-4CAB-42F8-AC11-08DD78E42B9F,f488e272-24db-42ce-9d36-80a013657223,2025-08-24,1
B625A0D0-0397-4AF6-AC12-08DD78E42B9F,f488e272-24db-42ce-9d36-80a013657223,2025-08-25,1
9BFC1CB9-9D1D-472C-AC13-08DD78E42B9F,f488e272-24db-42ce-9d36-80a013657223,2025-08-26,1
F8B1112A-22D9-4579-AC14-08DD78E42B9F,f488e272-24db-42ce-9d36-80a013657223,2025-08-27,1
09588B6F-8277-4BBE-AC15-08DD78E42B9F,f488e272-24db-42ce-9d36-80a013657223,2025-08-28,1
78B67346-1ACC-47D2-AC16-08DD78E42B9F,f488e272-24db-42ce-9d36-80a013657223,2025-08-29,1
0838E6FE-1E6B-4A00-AC17-08DD78E42B9F,f488e272-24db-42ce-9d36-80a013657223,2025-08-30,1
D4F6F55C-F34E-4750-AC18-08DD78E42B9F,f488e272-24db-42ce-9d36-80a013657223,2025-08-31,1
157140E3-228F-49CD-AC19-08DD78E42B9F,f488e272-24db-42ce-9d36-80a013657223,2025-09-01,1
0C2E2AA8-B275-4A97-AC1A-08DD78E42B9F,8b9bd17e-0e24-43f0-81f3-854b0464555f,2025-06-22,1
1E0A325E-31A8-423D-AC1B-08DD78E42B9F,8b9bd17e-0e24-43f0-81f3-854b0464555f,2025-06-23,1
7996FB81-5E26-41A4-AC1C-08DD78E42B9F,8b9bd17e-0e24-43f0-81f3-854b0464555f,2025-06-24,1
980D6F3D-09EC-4687-AC1D-08DD78E42B9F,8b9bd17e-0e24-43f0-81f3-854b0464555f,2025-06-25,1
60C88132-E485-41C6-AC1E-08DD78E42B9F,8b9bd17e-0e24-43f0-81f3-854b0464555f,2025-06-26,1
9D699318-B22F-4C11-AC1F-08DD78E42B9F,8b9bd17e-0e24-43f0-81f3-854b0464555f,2025-06-27,1
D45E4F48-64A5-4D3B-AC20-08DD78E42B9F,8b9bd17e-0e24-43f0-81f3-854b0464555f,2025-06-28,1
1793BD7F-AB80-481F-AC21-08DD78E42B9F,8b9bd17e-0e24-43f0-81f3-854b0464555f,2025-09-08,1
B094F15D-E7FF-491B-AC22-08DD78E42B9F,8b9bd17e-0e24-43f0-81f3-854b0464555f,2025-09-09,1
8D83A8A1-CC36-4DD5-AC23-08DD78E42B9F,8b9bd17e-0e24-43f0-81f3-854b0464555f,2025-09-10,1
87F7F400-E6E1-47E5-AC24-08DD78E42B9F,8b9bd17e-0e24-43f0-81f3-854b0464555f,2025-09-11,1
658952EA-00B6-4CB7-AC25-08DD78E42B9F,8b9bd17e-0e24-43f0-81f3-854b0464555f,2025-09-12,1
84F31711-130E-4321-AC26-08DD78E42B9F,8b9bd17e-0e24-43f0-81f3-854b0464555f,2025-09-13,1
2771F290-8F0A-4B4D-AC27-08DD78E42B9F,8b9bd17e-0e24-43f0-81f3-854b0464555f,2025-09-14,1
BE817E52-C7B2-446B-AC28-08DD78E42B9F,78732633-0af4-4912-9602-d3923d7c10d0,2025-06-21,1
FAEBBF74-792C-41C5-AC29-08DD78E42B9F,78732633-0af4-4912-9602-d3923d7c10d0,2025-06-22,1
02630098-6714-41F2-AC2A-08DD78E42B9F,78732633-0af4-4912-9602-d3923d7c10d0,2025-06-23,1
64C6C367-99FA-42AD-AC2B-08DD78E42B9F,78732633-0af4-4912-9602-d3923d7c10d0,2025-06-24,1
989D2ABE-4B19-4164-AC2C-08DD78E42B9F,78732633-0af4-4912-9602-d3923d7c10d0,2025-06-25,1
84392269-EAC2-4501-AC2D-08DD78E42B9F,78732633-0af4-4912-9602-d3923d7c10d0,2025-06-26,1
57B0B51E-21C2-4BAA-AC2E-08DD78E42B9F,78732633-0af4-4912-9602-d3923d7c10d0,2025-06-27,1
4C852F9B-A6D9-4157-AC2F-08DD78E42B9F,78732633-0af4-4912-9602-d3923d7c10d0,2025-06-28,1
8365CCE8-D5EC-4A69-AC30-08DD78E42B9F,78732633-0af4-4912-9602-d3923d7c10d0,2025-06-29,1
A9568656-2030-4720-AC31-08DD78E42B9F,78732633-0af4-4912-9602-d3923d7c10d0,2025-06-30,1
4B3035C3-2828-44EF-AC32-08DD78E42B9F,78732633-0af4-4912-9602-d3923d7c10d0,2025-07-01,1
35D1718B-3303-40CE-AC33-08DD78E42B9F,78732633-0af4-4912-9602-d3923d7c10d0,2025-07-02,1
33B8A4C8-3124-45B9-AC34-08DD78E42B9F,78732633-0af4-4912-9602-d3923d7c10d0,2025-07-03,1
DDAFD05B-CF53-4A63-AC35-08DD78E42B9F,78732633-0af4-4912-9602-d3923d7c10d0,2025-07-04,1
0C6C1F33-32E8-4299-55CE-08DD78FC9EB3,0fac737b-0e61-46db-a27a-52730d65cb9a,2025-04-22,2
4AE81E74-2DC1-4A5C-55CF-08DD78FC9EB3,0fac737b-0e61-46db-a27a-52730d65cb9a,2025-04-24,2
9C0D7447-1103-465A-55D0-08DD78FC9EB3,0fac737b-0e61-46db-a27a-52730d65cb9a,2025-04-27,2
FEB60167-62CB-4F7E-B027-08DD79108222,1b96029f-d249-4657-97e1-ce4086f265fc,2025-07-30,1
3CCDD73E-F538-4E7A-B028-08DD79108222,1b96029f-d249-4657-97e1-ce4086f265fc,2025-07-31,1
62D68634-FAB6-48A1-B029-08DD79108222,1b96029f-d249-4657-97e1-ce4086f265fc,2025-08-06,1
AB5D0506-0A34-4471-B02A-08DD79108222,1b96029f-d249-4657-97e1-ce4086f265fc,2025-08-07,1
1E3A4A0C-0C69-46E6-B02B-08DD79108222,c720feeb-93e1-4d88-b275-525f95f377ee,2025-06-28,1
2A380D41-B6FE-4333-B02C-08DD79108222,c720feeb-93e1-4d88-b275-525f95f377ee,2025-06-29,1
001F9736-08AD-44AA-B02D-08DD79108222,c720feeb-93e1-4d88-b275-525f95f377ee,2025-06-30,1
91CDFDED-10FE-412C-B02E-08DD79108222,c720feeb-93e1-4d88-b275-525f95f377ee,2025-07-01,1
39792594-5D82-41FE-B02F-08DD79108222,c720feeb-93e1-4d88-b275-525f95f377ee,2025-07-02,1
932D5EDF-79F6-4C31-B030-08DD79108222,c720feeb-93e1-4d88-b275-525f95f377ee,2025-07-03,1
C82BB009-CA79-4378-B031-08DD79108222,c720feeb-93e1-4d88-b275-525f95f377ee,2025-07-04,1
759644C6-E673-4278-B032-08DD79108222,c720feeb-93e1-4d88-b275-525f95f377ee,2025-07-05,1
CDC20701-3181-4EDD-B033-08DD79108222,c720feeb-93e1-4d88-b275-525f95f377ee,2025-07-06,1
FE44E572-4FF1-4A47-B034-08DD79108222,c720feeb-93e1-4d88-b275-525f95f377ee,2025-08-02,1
DF7B5101-B3D4-47EF-B035-08DD79108222,c720feeb-93e1-4d88-b275-525f95f377ee,2025-08-03,1
E3E9A650-E8A1-4B54-B036-08DD79108222,c720feeb-93e1-4d88-b275-525f95f377ee,2025-08-04,1
A7D490AB-7C06-4420-B037-08DD79108222,c720feeb-93e1-4d88-b275-525f95f377ee,2025-08-05,1
88F7EC31-B9EC-4E17-B038-08DD79108222,c720feeb-93e1-4d88-b275-525f95f377ee,2025-08-06,1
B188E1FC-9718-4F10-B039-08DD79108222,c720feeb-93e1-4d88-b275-525f95f377ee,2025-08-07,1
815B685F-C8AC-477D-B03A-08DD79108222,c720feeb-93e1-4d88-b275-525f95f377ee,2025-08-08,1
EE1BF937-F9D4-4F9B-B03B-08DD79108222,c720feeb-93e1-4d88-b275-525f95f377ee,2025-08-09,1
CB13BC11-2987-4636-B03C-08DD79108222,c720feeb-93e1-4d88-b275-525f95f377ee,2025-08-10,1
90DD0F9D-4497-4B46-B03D-08DD79108222,c720feeb-93e1-4d88-b275-525f95f377ee,2025-08-11,1
20A8F23A-857F-4DDE-B03E-08DD79108222,c720feeb-93e1-4d88-b275-525f95f377ee,2025-08-12,1
B10F59C7-EACD-44C9-B03F-08DD79108222,c720feeb-93e1-4d88-b275-525f95f377ee,2025-08-13,1
5CF86BFA-719A-439C-B040-08DD79108222,c720feeb-93e1-4d88-b275-525f95f377ee,2025-08-14,1
9429A297-E473-4CF7-B041-08DD79108222,c720feeb-93e1-4d88-b275-525f95f377ee,2025-08-15,1
4B660A74-64CA-4FBD-B042-08DD79108222,c720feeb-93e1-4d88-b275-525f95f377ee,2025-08-16,1
9A06A79A-E12C-4F63-B043-08DD79108222,ff7cc517-15bb-4dc9-a941-2902d92fc311,2025-05-17,1
3BDD7762-D4E1-405D-B044-08DD79108222,ff7cc517-15bb-4dc9-a941-2902d92fc311,2025-05-18,1
5475F72E-E657-4A0C-B045-08DD79108222,ff7cc517-15bb-4dc9-a941-2902d92fc311,2025-05-24,1
495343C3-1C6C-49C9-B046-08DD79108222,ff7cc517-15bb-4dc9-a941-2902d92fc311,2025-05-25,1
BF958D05-035B-4FA9-B047-08DD79108222,ff7cc517-15bb-4dc9-a941-2902d92fc311,2025-06-14,1
5C2FB016-898A-4D17-B048-08DD79108222,ff7cc517-15bb-4dc9-a941-2902d92fc311,2025-06-15,1
A77A28AF-E422-42C2-B049-08DD79108222,ff7cc517-15bb-4dc9-a941-2902d92fc311,2025-06-16,1
2F1E463B-166F-49F5-B04A-08DD79108222,ff7cc517-15bb-4dc9-a941-2902d92fc311,2025-06-17,1
BB1218DF-719C-41D6-B04B-08DD79108222,ff7cc517-15bb-4dc9-a941-2902d92fc311,2025-06-18,1
9983FD9D-9C5D-4571-B04C-08DD79108222,ff7cc517-15bb-4dc9-a941-2902d92fc311,2025-06-19,1
081A3243-442F-4C4F-B04D-08DD79108222,ff7cc517-15bb-4dc9-a941-2902d92fc311,2025-06-20,1
94CE675B-F275-4950-B04E-08DD79108222,ff7cc517-15bb-4dc9-a941-2902d92fc311,2025-06-21,1
C08CF975-8671-4324-B04F-08DD79108222,ff7cc517-15bb-4dc9-a941-2902d92fc311,2025-07-20,1
1D5380E5-39E2-4CF3-B050-08DD79108222,ff7cc517-15bb-4dc9-a941-2902d92fc311,2025-07-21,1
3AEE9EF3-726F-4129-B051-08DD79108222,ff7cc517-15bb-4dc9-a941-2902d92fc311,2025-07-22,1
C2F45799-DDB6-44D9-B052-08DD79108222,ff7cc517-15bb-4dc9-a941-2902d92fc311,2025-07-23,1
F1C47A79-BA84-4C61-B053-08DD79108222,ff7cc517-15bb-4dc9-a941-2902d92fc311,2025-07-24,1
C1B4F0E0-31B3-409C-B054-08DD79108222,ff7cc517-15bb-4dc9-a941-2902d92fc311,2025-07-25,1
E04F9985-CC3A-4BE1-B055-08DD79108222,ff7cc517-15bb-4dc9-a941-2902d92fc311,2025-07-26,1
356BB2CF-AC45-4642-B056-08DD79108222,ff7cc517-15bb-4dc9-a941-2902d92fc311,2025-07-27,1
63B30762-90C2-410A-B057-08DD79108222,ff7cc517-15bb-4dc9-a941-2902d92fc311,2025-07-28,1
9BEC29F1-BB4A-4844-B058-08DD79108222,ff7cc517-15bb-4dc9-a941-2902d92fc311,2025-07-29,1
7867818B-3EBB-4564-B059-08DD79108222,ff7cc517-15bb-4dc9-a941-2902d92fc311,2025-07-30,1
3F99425D-E7A8-4611-B05A-08DD79108222,ff7cc517-15bb-4dc9-a941-2902d92fc311,2025-07-31,1
D0A6976C-1A45-4452-B05B-08DD79108222,ff7cc517-15bb-4dc9-a941-2902d92fc311,2025-08-01,1
03B42C20-0B9C-45F3-3E9E-08DD7941E7FE,fafe9819-8c58-4398-a1cc-77584270b6ed,2025-06-17,1
703BC31E-770C-4BF0-3E9F-08DD7941E7FE,fafe9819-8c58-4398-a1cc-77584270b6ed,2025-07-30,1
0B289CE4-7EC1-4CA1-3EA0-08DD7941E7FE,fafe9819-8c58-4398-a1cc-77584270b6ed,2025-07-31,1
0A98FFB5-D2EE-451B-30D6-08DD799AE9C0,6663d684-ce88-47ff-a4f7-e40d3b82a13f,2025-04-22,2
F4A33C9B-D888-437D-30D7-08DD799AE9C0,6663d684-ce88-47ff-a4f7-e40d3b82a13f,2025-04-24,2
58305113-75D6-4066-2535-08DD79A14168,2320cb1b-d64f-4486-aabe-9754c12a1d06,2025-05-28,1
38C8F6C6-4CB4-4859-2536-08DD79A14168,2320cb1b-d64f-4486-aabe-9754c12a1d06,2025-05-29,1
DA223057-2B4F-4401-2537-08DD79A14168,2320cb1b-d64f-4486-aabe-9754c12a1d06,2025-05-30,1
1AC4ED96-0FB9-431C-2538-08DD79A14168,2320cb1b-d64f-4486-aabe-9754c12a1d06,2025-05-31,1
E7E20403-6DA0-4033-2539-08DD79A14168,2320cb1b-d64f-4486-aabe-9754c12a1d06,2025-06-01,1
2B8A9A0D-D9C2-4E00-253A-08DD79A14168,2320cb1b-d64f-4486-aabe-9754c12a1d06,2025-06-02,1
151DF66D-67EA-442F-253B-08DD79A14168,2320cb1b-d64f-4486-aabe-9754c12a1d06,2025-06-03,1
E552D3C2-0297-4B14-253C-08DD79A14168,2320cb1b-d64f-4486-aabe-9754c12a1d06,2025-06-04,1
FC10CD0C-65A7-4D2B-253D-08DD79A14168,2320cb1b-d64f-4486-aabe-9754c12a1d06,2025-06-05,1
80AA3AAF-A2BA-4BF7-253E-08DD79A14168,2320cb1b-d64f-4486-aabe-9754c12a1d06,2025-06-06,1
640743AB-B222-4D40-253F-08DD79A14168,2320cb1b-d64f-4486-aabe-9754c12a1d06,2025-06-07,1
85B3418E-8990-4645-2540-08DD79A14168,2320cb1b-d64f-4486-aabe-9754c12a1d06,2025-06-08,1
58C9FE59-F45F-4A31-2541-08DD79A14168,2320cb1b-d64f-4486-aabe-9754c12a1d06,2025-06-09,1
115973B0-F05B-40CD-2542-08DD79A14168,2320cb1b-d64f-4486-aabe-9754c12a1d06,2025-06-10,1
9EC370EC-60CF-4552-2543-08DD79A14168,2320cb1b-d64f-4486-aabe-9754c12a1d06,2025-06-11,1
36BE27C6-4A51-4B10-2544-08DD79A14168,2320cb1b-d64f-4486-aabe-9754c12a1d06,2025-06-12,1
BA510E7A-71DB-4824-2545-08DD79A14168,2320cb1b-d64f-4486-aabe-9754c12a1d06,2025-06-13,1
3AC81384-3DC8-40BA-2546-08DD79A14168,2320cb1b-d64f-4486-aabe-9754c12a1d06,2025-06-14,1
DF2E37E2-C331-422C-2547-08DD79A14168,b5ca6829-6ac9-4e18-96d7-3282ff6f3250,2025-06-21,1
8CD4C98C-F3BE-4DFB-2548-08DD79A14168,b5ca6829-6ac9-4e18-96d7-3282ff6f3250,2025-06-22,1
26826E63-3FE4-4019-2549-08DD79A14168,b5ca6829-6ac9-4e18-96d7-3282ff6f3250,2025-06-23,1
E6A8DAA6-9C04-4750-254A-08DD79A14168,b5ca6829-6ac9-4e18-96d7-3282ff6f3250,2025-06-24,1
CB1A78EC-ACFF-4D73-254B-08DD79A14168,b5ca6829-6ac9-4e18-96d7-3282ff6f3250,2025-06-25,1
279CB240-D350-4234-254C-08DD79A14168,b5ca6829-6ac9-4e18-96d7-3282ff6f3250,2025-06-26,1
B9FB9112-5889-419A-254D-08DD79A14168,b5ca6829-6ac9-4e18-96d7-3282ff6f3250,2025-06-27,1
D2779F7D-43A6-4146-254E-08DD79A14168,b5ca6829-6ac9-4e18-96d7-3282ff6f3250,2025-06-28,1
220102C0-FC83-4653-254F-08DD79A14168,b5ca6829-6ac9-4e18-96d7-3282ff6f3250,2025-06-29,1
65D6850E-A27C-447C-2550-08DD79A14168,b5ca6829-6ac9-4e18-96d7-3282ff6f3250,2025-08-10,1
33BE484B-D73A-486C-2551-08DD79A14168,b5ca6829-6ac9-4e18-96d7-3282ff6f3250,2025-08-11,1
70138493-DD68-4C92-2552-08DD79A14168,b5ca6829-6ac9-4e18-96d7-3282ff6f3250,2025-08-12,1
BA35C9D3-20C7-47CD-2553-08DD79A14168,b5ca6829-6ac9-4e18-96d7-3282ff6f3250,2025-08-13,1
E0BDDB52-8553-4696-2554-08DD79A14168,b5ca6829-6ac9-4e18-96d7-3282ff6f3250,2025-08-14,1
B6AF862A-F892-4841-2555-08DD79A14168,b5ca6829-6ac9-4e18-96d7-3282ff6f3250,2025-08-15,1
33E8D3D0-5A0F-47E2-2556-08DD79A14168,b5ca6829-6ac9-4e18-96d7-3282ff6f3250,2025-08-16,1
BDD29E47-3322-4499-2557-08DD79A14168,b5ca6829-6ac9-4e18-96d7-3282ff6f3250,2025-08-17,1
21B4BE21-C5E1-40FF-2558-08DD79A14168,b5ca6829-6ac9-4e18-96d7-3282ff6f3250,2025-08-18,1
588BFF15-659E-4A48-2559-08DD79A14168,b5ca6829-6ac9-4e18-96d7-3282ff6f3250,2025-08-19,1
29EB92AC-815B-4EA2-255A-08DD79A14168,b5ca6829-6ac9-4e18-96d7-3282ff6f3250,2025-08-20,1
C8E88E6E-63D0-479F-255B-08DD79A14168,b5ca6829-6ac9-4e18-96d7-3282ff6f3250,2025-08-21,1
FDC84722-67CD-416F-255C-08DD79A14168,b5ca6829-6ac9-4e18-96d7-3282ff6f3250,2025-08-22,1
C10B3F44-0877-4276-255D-08DD79A14168,b5ca6829-6ac9-4e18-96d7-3282ff6f3250,2025-08-23,1
DA689C5F-34EA-4CBC-1A8D-08DD79B8BFDA,b8eaaef1-8890-4d24-8c6c-3db23f8812a0,2025-06-21,1
1FE71EF3-5DBA-4ECE-1A8E-08DD79B8BFDA,b8eaaef1-8890-4d24-8c6c-3db23f8812a0,2025-06-22,1
4900816D-6CDB-4E57-1A8F-08DD79B8BFDA,b8eaaef1-8890-4d24-8c6c-3db23f8812a0,2025-06-23,1
720AB776-9102-4FA2-1A90-08DD79B8BFDA,b8eaaef1-8890-4d24-8c6c-3db23f8812a0,2025-06-24,1
8CB9B377-A961-4E7E-1A91-08DD79B8BFDA,b8eaaef1-8890-4d24-8c6c-3db23f8812a0,2025-06-25,1
ACBC9AD8-351E-4148-1A92-08DD79B8BFDA,b8eaaef1-8890-4d24-8c6c-3db23f8812a0,2025-06-26,1
B524B1E3-7220-4E13-1A93-08DD79B8BFDA,b8eaaef1-8890-4d24-8c6c-3db23f8812a0,2025-06-27,1
E6B8FB34-54C8-409F-1A94-08DD79B8BFDA,b8eaaef1-8890-4d24-8c6c-3db23f8812a0,2025-06-28,1
68DC33DF-F548-4ED1-1A95-08DD79B8BFDA,b8eaaef1-8890-4d24-8c6c-3db23f8812a0,2025-06-29,1
E509C431-7120-4605-1A96-08DD79B8BFDA,b8eaaef1-8890-4d24-8c6c-3db23f8812a0,2025-06-30,1
07181091-C724-4A46-1A97-08DD79B8BFDA,b8eaaef1-8890-4d24-8c6c-3db23f8812a0,2025-07-01,1
8021F26C-9132-438E-1A98-08DD79B8BFDA,b8eaaef1-8890-4d24-8c6c-3db23f8812a0,2025-07-02,1
74BC7B01-E931-4714-1A99-08DD79B8BFDA,b8eaaef1-8890-4d24-8c6c-3db23f8812a0,2025-07-20,1
1D43501E-7E67-4CA9-1A9A-08DD79B8BFDA,b8eaaef1-8890-4d24-8c6c-3db23f8812a0,2025-07-21,1
2C04E315-3A1F-4156-1A9B-08DD79B8BFDA,b8eaaef1-8890-4d24-8c6c-3db23f8812a0,2025-07-22,1
54AF8E4E-4F0F-4108-1A9C-08DD79B8BFDA,b8eaaef1-8890-4d24-8c6c-3db23f8812a0,2025-07-23,1
5C04FA2E-E257-455C-1A9D-08DD79B8BFDA,b8eaaef1-8890-4d24-8c6c-3db23f8812a0,2025-07-24,1
87292C47-6618-4A4B-1A9E-08DD79B8BFDA,b8eaaef1-8890-4d24-8c6c-3db23f8812a0,2025-07-25,1
17F08891-8B49-455D-1A9F-08DD79B8BFDA,b8eaaef1-8890-4d24-8c6c-3db23f8812a0,2025-07-26,1
ED9B6D73-3904-4D66-1AA0-08DD79B8BFDA,b8eaaef1-8890-4d24-8c6c-3db23f8812a0,2025-07-27,1
10C301C9-223D-4A62-1AA1-08DD79B8BFDA,b8eaaef1-8890-4d24-8c6c-3db23f8812a0,2025-07-28,1
67277344-A397-49CB-1AA2-08DD79B8BFDA,b8eaaef1-8890-4d24-8c6c-3db23f8812a0,2025-08-31,1
66C2C0E7-EBB4-4DEC-1AA3-08DD79B8BFDA,b8eaaef1-8890-4d24-8c6c-3db23f8812a0,2025-09-01,1
5E195B2C-CEF2-456C-1AA4-08DD79B8BFDA,0fac737b-0e61-46db-a27a-52730d65cb9a,2025-06-27,1
2441F3EE-90FF-4123-1AA5-08DD79B8BFDA,0fac737b-0e61-46db-a27a-52730d65cb9a,2025-06-28,1
0D7BFA7D-6A43-4C19-1AA6-08DD79B8BFDA,0fac737b-0e61-46db-a27a-52730d65cb9a,2025-06-29,1
011E5C13-AF03-4639-1AA7-08DD79B8BFDA,0fac737b-0e61-46db-a27a-52730d65cb9a,2025-06-30,1
D975243A-BADC-4F4B-1AA8-08DD79B8BFDA,0fac737b-0e61-46db-a27a-52730d65cb9a,2025-07-01,1
256F8B09-5E1D-470E-1AA9-08DD79B8BFDA,0fac737b-0e61-46db-a27a-52730d65cb9a,2025-07-02,1
3E51FA77-9660-484C-1AAA-08DD79B8BFDA,0fac737b-0e61-46db-a27a-52730d65cb9a,2025-07-03,1
4FC305FE-5254-4325-1AAB-08DD79B8BFDA,0fac737b-0e61-46db-a27a-52730d65cb9a,2025-07-04,1
4009A713-33B4-4CF5-1AAC-08DD79B8BFDA,0fac737b-0e61-46db-a27a-52730d65cb9a,2025-07-05,1
5D125D43-15C9-4F63-1AAD-08DD79B8BFDA,0fac737b-0e61-46db-a27a-52730d65cb9a,2025-07-06,1
EC518873-3E4A-41CE-1AAE-08DD79B8BFDA,0fac737b-0e61-46db-a27a-52730d65cb9a,2025-07-07,1
1392EAD1-75E7-45AB-1AAF-08DD79B8BFDA,0fac737b-0e61-46db-a27a-52730d65cb9a,2025-07-08,1
854F5284-4B2B-4885-1AB0-08DD79B8BFDA,0fac737b-0e61-46db-a27a-52730d65cb9a,2025-07-09,1
6499767E-D65F-4F17-1AB1-08DD79B8BFDA,0fac737b-0e61-46db-a27a-52730d65cb9a,2025-07-10,1
8C3F00EF-E36D-4645-1AB2-08DD79B8BFDA,0fac737b-0e61-46db-a27a-52730d65cb9a,2025-07-11,1
5E5ECE58-2920-4B15-1AB3-08DD79B8BFDA,0fac737b-0e61-46db-a27a-52730d65cb9a,2025-07-12,1
64366AB4-1237-4707-1AB4-08DD79B8BFDA,0fac737b-0e61-46db-a27a-52730d65cb9a,2025-07-13,1
113A2764-B17D-4E4F-1AB5-08DD79B8BFDA,0fac737b-0e61-46db-a27a-52730d65cb9a,2025-09-01,1
002BFD42-2FB5-4B08-1AB6-08DD79B8BFDA,0fac737b-0e61-46db-a27a-52730d65cb9a,2025-09-02,1
2CED88E0-8144-4773-1AB7-08DD79B8BFDA,0fac737b-0e61-46db-a27a-52730d65cb9a,2025-09-03,1
23A9E64A-D79A-4131-1AB8-08DD79B8BFDA,0fac737b-0e61-46db-a27a-52730d65cb9a,2025-09-04,1
796CC66A-9607-48F8-1AB9-08DD79B8BFDA,0fac737b-0e61-46db-a27a-52730d65cb9a,2025-09-05,1
D78C1BE5-1CC4-4A43-1ABA-08DD79B8BFDA,0fac737b-0e61-46db-a27a-52730d65cb9a,2025-09-06,1
FC45DFD6-3B9E-443D-1ABB-08DD79B8BFDA,0fac737b-0e61-46db-a27a-52730d65cb9a,2025-09-07,1
25743166-994C-4C4E-1ABC-08DD79B8BFDA,0fac737b-0e61-46db-a27a-52730d65cb9a,2025-09-08,1
FF99B9CD-AABE-4A80-8CE1-08DD79C02CD8,8b9bd17e-0e24-43f0-81f3-854b0464555f,2025-05-09,2
36B27A5C-CCE3-46D9-F3BA-08DD79FBF1A2,477951d3-95b8-4933-ad3b-ae6f86eafc55,2025-07-28,1
64D33D41-66BC-4295-F3BB-08DD79FBF1A2,477951d3-95b8-4933-ad3b-ae6f86eafc55,2025-07-29,1
C0E665A2-CAC1-440C-F3BC-08DD79FBF1A2,477951d3-95b8-4933-ad3b-ae6f86eafc55,2025-07-30,1
145F543C-81BC-45D2-F3BD-08DD79FBF1A2,477951d3-95b8-4933-ad3b-ae6f86eafc55,2025-07-31,1
0F48A302-7865-461D-F3BE-08DD79FBF1A2,477951d3-95b8-4933-ad3b-ae6f86eafc55,2025-08-01,1
591DB942-9631-434B-F3BF-08DD79FBF1A2,477951d3-95b8-4933-ad3b-ae6f86eafc55,2025-08-02,1
0DE5229F-A1C8-4C6F-F3C0-08DD79FBF1A2,477951d3-95b8-4933-ad3b-ae6f86eafc55,2025-08-03,1
C5AD739E-B5CE-4527-F3C1-08DD79FBF1A2,477951d3-95b8-4933-ad3b-ae6f86eafc55,2025-08-11,1
67D48E6F-3A50-4A51-F3C2-08DD79FBF1A2,477951d3-95b8-4933-ad3b-ae6f86eafc55,2025-08-12,1
F317E63A-8CAA-4917-F3C3-08DD79FBF1A2,477951d3-95b8-4933-ad3b-ae6f86eafc55,2025-08-13,1
30A96BFD-5207-4A9B-F3C4-08DD79FBF1A2,477951d3-95b8-4933-ad3b-ae6f86eafc55,2025-08-14,1
28A1F3BB-659D-4878-F3C5-08DD79FBF1A2,477951d3-95b8-4933-ad3b-ae6f86eafc55,2025-08-15,1
38DD40B8-D13E-4082-F3C6-08DD79FBF1A2,477951d3-95b8-4933-ad3b-ae6f86eafc55,2025-08-16,1
C35A55A4-AB95-4345-F3C7-08DD79FBF1A2,477951d3-95b8-4933-ad3b-ae6f86eafc55,2025-08-17,1
D0778C7F-624D-4AAA-F3C8-08DD79FBF1A2,477951d3-95b8-4933-ad3b-ae6f86eafc55,2025-08-18,1
8E9D9F09-8C82-4125-F3C9-08DD79FBF1A2,477951d3-95b8-4933-ad3b-ae6f86eafc55,2025-08-19,1
46CCF3A7-3E54-497E-F3CA-08DD79FBF1A2,477951d3-95b8-4933-ad3b-ae6f86eafc55,2025-08-20,1
D7C18275-ADA1-4FBE-F3CB-08DD79FBF1A2,477951d3-95b8-4933-ad3b-ae6f86eafc55,2025-08-21,1
FAD58FD5-82FB-4961-F3CC-08DD79FBF1A2,477951d3-95b8-4933-ad3b-ae6f86eafc55,2025-08-22,1
A42DDA7E-1EDD-4646-F3CD-08DD79FBF1A2,477951d3-95b8-4933-ad3b-ae6f86eafc55,2025-08-23,1
FFA688AF-4306-4C07-F3CE-08DD79FBF1A2,477951d3-95b8-4933-ad3b-ae6f86eafc55,2025-08-24,1
5E8006C6-0279-4D82-F3CF-08DD79FBF1A2,477951d3-95b8-4933-ad3b-ae6f86eafc55,2025-04-23,2
F268494C-FF70-4293-F3D0-08DD79FBF1A2,477951d3-95b8-4933-ad3b-ae6f86eafc55,2025-05-01,2
89D84EE7-B7E2-4F5D-F3D1-08DD79FBF1A2,477951d3-95b8-4933-ad3b-ae6f86eafc55,2025-05-04,2
6BC96BAA-CC80-4892-F3D2-08DD79FBF1A2,57f57d9a-735a-4bcc-afb6-f2799bd738a4,2025-05-01,1
BF1B3D5B-727F-49A0-F3D3-08DD79FBF1A2,57f57d9a-735a-4bcc-afb6-f2799bd738a4,2025-05-02,1
D8A8A92A-4E54-43BA-F3D4-08DD79FBF1A2,57f57d9a-735a-4bcc-afb6-f2799bd738a4,2025-05-03,1
85A2D968-06EB-4FBD-F3D5-08DD79FBF1A2,57f57d9a-735a-4bcc-afb6-f2799bd738a4,2025-05-04,1
45631B9B-E782-453D-F3D6-08DD79FBF1A2,57f57d9a-735a-4bcc-afb6-f2799bd738a4,2025-05-31,1
568C20C3-866C-4AF4-F3D7-08DD79FBF1A2,57f57d9a-735a-4bcc-afb6-f2799bd738a4,2025-06-01,1
1DA7AE81-8023-4BA1-F3D8-08DD79FBF1A2,57f57d9a-735a-4bcc-afb6-f2799bd738a4,2025-06-02,1
AE0153E3-8135-4A7A-F3D9-08DD79FBF1A2,57f57d9a-735a-4bcc-afb6-f2799bd738a4,2025-07-07,1
E8BBDD03-9CA0-412E-F3DA-08DD79FBF1A2,57f57d9a-735a-4bcc-afb6-f2799bd738a4,2025-07-08,1
406C468E-31C1-431F-F3DB-08DD79FBF1A2,57f57d9a-735a-4bcc-afb6-f2799bd738a4,2025-07-09,1
A4C8066C-1E88-42D7-F3DC-08DD79FBF1A2,57f57d9a-735a-4bcc-afb6-f2799bd738a4,2025-07-10,1
6ADC85AC-A92E-49E2-F3DD-08DD79FBF1A2,57f57d9a-735a-4bcc-afb6-f2799bd738a4,2025-07-11,1
DC36EEB8-54C2-41D9-F3DE-08DD79FBF1A2,57f57d9a-735a-4bcc-afb6-f2799bd738a4,2025-07-12,1
BFD3846C-EF45-42FA-F3DF-08DD79FBF1A2,57f57d9a-735a-4bcc-afb6-f2799bd738a4,2025-07-13,1
028432A0-B103-43AA-F3E0-08DD79FBF1A2,57f57d9a-735a-4bcc-afb6-f2799bd738a4,2025-07-14,1
1A5B1F2C-07A4-496F-F3E1-08DD79FBF1A2,57f57d9a-735a-4bcc-afb6-f2799bd738a4,2025-07-15,1
87C61E7C-7691-4017-F3E2-08DD79FBF1A2,57f57d9a-735a-4bcc-afb6-f2799bd738a4,2025-07-16,1
B500CDE5-2906-403E-F3E3-08DD79FBF1A2,57f57d9a-735a-4bcc-afb6-f2799bd738a4,2025-07-17,1
65B0279E-B27C-4502-F3E4-08DD79FBF1A2,57f57d9a-735a-4bcc-afb6-f2799bd738a4,2025-07-18,1
3F9EF2F8-4A3E-474B-F3E5-08DD79FBF1A2,57f57d9a-735a-4bcc-afb6-f2799bd738a4,2025-07-19,1
4E5A2600-EEE8-448B-F3E6-08DD79FBF1A2,57f57d9a-735a-4bcc-afb6-f2799bd738a4,2025-07-20,1
1E185762-9082-4D53-933F-08DD7A88078A,0d2b5c5a-8a41-4997-ad20-a604731bb160,2025-08-25,1
85746EDB-0302-4F4E-9340-08DD7A88078A,0d2b5c5a-8a41-4997-ad20-a604731bb160,2025-08-26,1
00880B33-DE93-4458-9341-08DD7A88078A,0d2b5c5a-8a41-4997-ad20-a604731bb160,2025-08-27,1
04D4C1F3-09C6-4CE7-9342-08DD7A88078A,0d2b5c5a-8a41-4997-ad20-a604731bb160,2025-08-28,1
9B0BA770-6E15-43B4-9343-08DD7A88078A,0d2b5c5a-8a41-4997-ad20-a604731bb160,2025-08-29,1
D222AA3D-734E-437F-9344-08DD7A88078A,0d2b5c5a-8a41-4997-ad20-a604731bb160,2025-08-30,1
C48773C8-B7F4-4658-9345-08DD7A88078A,0d2b5c5a-8a41-4997-ad20-a604731bb160,2025-08-31,1
9AF48EDC-5E93-48F9-9346-08DD7A88078A,c5ce5a45-2b0a-40ff-a82f-ea5df6501805,2025-07-27,1
D7D2CD48-7EAF-4164-9347-08DD7A88078A,c5ce5a45-2b0a-40ff-a82f-ea5df6501805,2025-07-28,1
6B06670A-3DC2-47B9-9348-08DD7A88078A,c5ce5a45-2b0a-40ff-a82f-ea5df6501805,2025-07-29,1
C7CA12F0-ECFA-4641-9349-08DD7A88078A,c5ce5a45-2b0a-40ff-a82f-ea5df6501805,2025-07-30,1
E3775106-EA8A-4494-934A-08DD7A88078A,c5ce5a45-2b0a-40ff-a82f-ea5df6501805,2025-07-31,1
12642E31-781E-4EA5-934B-08DD7A88078A,c5ce5a45-2b0a-40ff-a82f-ea5df6501805,2025-08-01,1
8C249F83-743E-4784-934C-08DD7A88078A,c5ce5a45-2b0a-40ff-a82f-ea5df6501805,2025-08-02,1
04206903-A858-41D5-934D-08DD7A88078A,c5ce5a45-2b0a-40ff-a82f-ea5df6501805,2025-08-03,1
77E25BC6-F437-4114-9359-08DD7A88078A,38b41087-0565-4dea-8ddf-e3b522a14368,2025-07-05,1
8D5942CD-BDDD-4326-935A-08DD7A88078A,38b41087-0565-4dea-8ddf-e3b522a14368,2025-07-06,1
CBFA0B6D-C360-465B-935B-08DD7A88078A,38b41087-0565-4dea-8ddf-e3b522a14368,2025-07-07,1
40C5FA4F-0876-4724-935C-08DD7A88078A,38b41087-0565-4dea-8ddf-e3b522a14368,2025-07-08,1
18B29060-7CFB-4C18-935D-08DD7A88078A,38b41087-0565-4dea-8ddf-e3b522a14368,2025-07-09,1
F07F9473-108B-44E7-935E-08DD7A88078A,38b41087-0565-4dea-8ddf-e3b522a14368,2025-07-10,1
574283EA-0BE8-4677-935F-08DD7A88078A,38b41087-0565-4dea-8ddf-e3b522a14368,2025-07-11,1
17543166-58AA-4229-9360-08DD7A88078A,38b41087-0565-4dea-8ddf-e3b522a14368,2025-07-12,1
1F84DE43-EFD4-49DC-9361-08DD7A88078A,38b41087-0565-4dea-8ddf-e3b522a14368,2025-08-02,1
9ABC8EB6-E26E-4304-9362-08DD7A88078A,38b41087-0565-4dea-8ddf-e3b522a14368,2025-08-03,1
F0727535-BB4D-4AE9-9363-08DD7A88078A,38b41087-0565-4dea-8ddf-e3b522a14368,2025-08-04,1
B649A44F-3DB0-4964-9364-08DD7A88078A,38b41087-0565-4dea-8ddf-e3b522a14368,2025-08-05,1
796BE0F3-0B6E-4FA0-9365-08DD7A88078A,38b41087-0565-4dea-8ddf-e3b522a14368,2025-08-06,1
483F130D-9534-448F-9366-08DD7A88078A,38b41087-0565-4dea-8ddf-e3b522a14368,2025-08-07,1
8C246ABC-9D9D-4201-9367-08DD7A88078A,38b41087-0565-4dea-8ddf-e3b522a14368,2025-08-08,1
3831489F-DA80-4C28-9368-08DD7A88078A,38b41087-0565-4dea-8ddf-e3b522a14368,2025-08-09,1
F10B162C-F65B-4BC1-9369-08DD7A88078A,ff7cc517-15bb-4dc9-a941-2902d92fc311,2025-05-23,2
9FFCE162-C2A2-4B86-936A-08DD7A88078A,ff7cc517-15bb-4dc9-a941-2902d92fc311,2025-05-14,2
261C18F1-D798-404C-936B-08DD7A88078A,ff7cc517-15bb-4dc9-a941-2902d92fc311,2025-05-14,1
ADFED33D-7877-4C7D-ABF9-08DD7AB4CC12,413e6437-7712-4672-8d5f-80a6c94ef119,2025-07-28,1
850D82BF-D3B9-4B05-ABFA-08DD7AB4CC12,413e6437-7712-4672-8d5f-80a6c94ef119,2025-07-29,1
A3BEC415-E5F2-462B-ABFB-08DD7AB4CC12,413e6437-7712-4672-8d5f-80a6c94ef119,2025-07-30,1
09A8B355-D5D2-4942-ABFC-08DD7AB4CC12,413e6437-7712-4672-8d5f-80a6c94ef119,2025-07-31,1
0B436F23-FCDE-4A0B-ABFD-08DD7AB4CC12,413e6437-7712-4672-8d5f-80a6c94ef119,2025-08-01,1
528B9EC8-68E9-40B1-ABFE-08DD7AB4CC12,413e6437-7712-4672-8d5f-80a6c94ef119,2025-08-02,1
EEB77C66-D11C-4821-ABFF-08DD7AB4CC12,413e6437-7712-4672-8d5f-80a6c94ef119,2025-08-03,1
A014778C-504B-4D90-AC00-08DD7AB4CC12,413e6437-7712-4672-8d5f-80a6c94ef119,2025-08-04,1
5C72A1E3-DD79-4E39-AC01-08DD7AB4CC12,413e6437-7712-4672-8d5f-80a6c94ef119,2025-08-05,1
CF4C0A77-EEE1-4FD0-AC02-08DD7AB4CC12,413e6437-7712-4672-8d5f-80a6c94ef119,2025-08-06,1
04F57E33-D878-47EE-AC03-08DD7AB4CC12,413e6437-7712-4672-8d5f-80a6c94ef119,2025-08-07,1
565C645C-7C03-4D93-AC04-08DD7AB4CC12,413e6437-7712-4672-8d5f-80a6c94ef119,2025-08-08,1
D8CEF546-BA6A-427B-AC05-08DD7AB4CC12,413e6437-7712-4672-8d5f-80a6c94ef119,2025-08-09,1
5B116F81-32E6-4574-AC06-08DD7AB4CC12,413e6437-7712-4672-8d5f-80a6c94ef119,2025-08-10,1
149E993B-45CD-47BE-AC07-08DD7AB4CC12,4da65404-40f7-408c-8831-dec60d86d60b,2025-08-17,1
4D9C3A9C-9111-484F-AC08-08DD7AB4CC12,4da65404-40f7-408c-8831-dec60d86d60b,2025-08-18,1
B98EF94C-B28E-4C6A-AC09-08DD7AB4CC12,4da65404-40f7-408c-8831-dec60d86d60b,2025-08-19,1
50E22A7D-99EC-4911-AC0A-08DD7AB4CC12,4da65404-40f7-408c-8831-dec60d86d60b,2025-08-20,1
E041450E-AAA4-49A1-AC0B-08DD7AB4CC12,4da65404-40f7-408c-8831-dec60d86d60b,2025-08-21,1
A8EABA28-4451-4D1D-AC0C-08DD7AB4CC12,4da65404-40f7-408c-8831-dec60d86d60b,2025-08-22,1
FB323542-4A92-4C6A-AC0D-08DD7AB4CC12,4da65404-40f7-408c-8831-dec60d86d60b,2025-08-23,1
7F6AC559-37D5-41A4-AC0E-08DD7AB4CC12,4da65404-40f7-408c-8831-dec60d86d60b,2025-08-24,1
EE678F18-8ABD-4293-AC0F-08DD7AB4CC12,4da65404-40f7-408c-8831-dec60d86d60b,2025-08-25,1
0BC47387-B5EB-44D1-AC10-08DD7AB4CC12,4da65404-40f7-408c-8831-dec60d86d60b,2025-08-26,1
5A52CE33-BBAD-46C9-AC11-08DD7AB4CC12,4da65404-40f7-408c-8831-dec60d86d60b,2025-08-27,1
8504568E-4419-4732-AC12-08DD7AB4CC12,4da65404-40f7-408c-8831-dec60d86d60b,2025-08-28,1
5F61AA31-D0C1-4230-AC13-08DD7AB4CC12,4da65404-40f7-408c-8831-dec60d86d60b,2025-08-29,1
00C6766F-647F-4734-AC14-08DD7AB4CC12,4da65404-40f7-408c-8831-dec60d86d60b,2025-08-30,1
5C3C6B82-10B3-4971-AC15-08DD7AB4CC12,4da65404-40f7-408c-8831-dec60d86d60b,2025-08-31,1
57383E75-70EA-4563-AC16-08DD7AB4CC12,4da65404-40f7-408c-8831-dec60d86d60b,2025-09-01,1
F13F3432-DE64-4995-AC17-08DD7AB4CC12,4da65404-40f7-408c-8831-dec60d86d60b,2025-09-02,1
5D060A49-3275-45ED-AC18-08DD7AB4CC12,4da65404-40f7-408c-8831-dec60d86d60b,2025-09-03,1
5EFFCC86-43C4-43D3-63AE-08DD7B30A58C,ab577efb-8d05-4666-a51a-6b95edc5ec45,2025-06-15,1
B27CB69D-68C2-42EC-63AF-08DD7B30A58C,ab577efb-8d05-4666-a51a-6b95edc5ec45,2025-06-16,1
CE672482-0EA4-405A-63B0-08DD7B30A58C,ab577efb-8d05-4666-a51a-6b95edc5ec45,2025-06-17,1
958B63AF-5AC5-432B-63B1-08DD7B30A58C,ab577efb-8d05-4666-a51a-6b95edc5ec45,2025-06-18,1
33B8E3DA-590D-4B8B-63B2-08DD7B30A58C,ab577efb-8d05-4666-a51a-6b95edc5ec45,2025-06-19,1
0CA575F4-A3C9-42D7-63B3-08DD7B30A58C,ab577efb-8d05-4666-a51a-6b95edc5ec45,2025-06-20,1
F056683F-1F97-4D35-63B4-08DD7B30A58C,ab577efb-8d05-4666-a51a-6b95edc5ec45,2025-06-21,1
7FAA4D0B-8C52-491F-63B5-08DD7B30A58C,ab577efb-8d05-4666-a51a-6b95edc5ec45,2025-06-22,1
F3EECB70-F242-474D-63B6-08DD7B30A58C,ab577efb-8d05-4666-a51a-6b95edc5ec45,2025-06-23,1
C9654A16-DE6E-4519-63B7-08DD7B30A58C,ab577efb-8d05-4666-a51a-6b95edc5ec45,2025-06-24,1
F8CC3F92-7D75-4C41-63B8-08DD7B30A58C,ab577efb-8d05-4666-a51a-6b95edc5ec45,2025-06-25,1
AFFFBE06-8330-40DC-63B9-08DD7B30A58C,ab577efb-8d05-4666-a51a-6b95edc5ec45,2025-06-26,1
A323A253-609B-4390-63BA-08DD7B30A58C,ab577efb-8d05-4666-a51a-6b95edc5ec45,2025-06-27,1
0ECF1DA7-2A82-49F6-63BB-08DD7B30A58C,ab577efb-8d05-4666-a51a-6b95edc5ec45,2025-06-28,1
63BFE600-4630-4E86-63BC-08DD7B30A58C,ab577efb-8d05-4666-a51a-6b95edc5ec45,2025-06-29,1
78A6D37A-5E19-49F4-63BD-08DD7B30A58C,ab577efb-8d05-4666-a51a-6b95edc5ec45,2025-06-30,1
84FBB6E5-1FD3-4080-5B30-08DD7B3EA06A,57f57d9a-735a-4bcc-afb6-f2799bd738a4,2025-04-23,2
97FA6E17-444A-4D3D-5B31-08DD7B3EA06A,57f57d9a-735a-4bcc-afb6-f2799bd738a4,2025-04-26,2
B6AE7678-D41D-446B-5B32-08DD7B3EA06A,57f57d9a-735a-4bcc-afb6-f2799bd738a4,2025-04-27,2
6186BA91-B8AD-4827-CDA0-08DD7B5A39A1,c720feeb-93e1-4d88-b275-525f95f377ee,2025-05-28,2
5632F2AA-B8B6-4B74-CDA1-08DD7B5A39A1,c720feeb-93e1-4d88-b275-525f95f377ee,2025-05-09,2
35AB06A7-98C1-4A39-CDA2-08DD7B5A39A1,c720feeb-93e1-4d88-b275-525f95f377ee,2025-06-21,2
187EDB6A-CAED-474E-CDA4-08DD7B5A39A1,c720feeb-93e1-4d88-b275-525f95f377ee,2025-06-19,2
3A524825-016E-497C-CDA5-08DD7B5A39A1,c720feeb-93e1-4d88-b275-525f95f377ee,2025-06-22,2
B765B10C-4918-4DF4-CDA6-08DD7B5A39A1,c71ec1ec-5e2b-4c33-8c89-de5897a207a6,2025-04-23,2
2BFF9EFE-8308-4992-CDA7-08DD7B5A39A1,144bc00f-b27f-49a9-8664-9bcd79ea6975,2025-04-24,2
1CBE091C-32E9-40BD-CDA8-08DD7B5A39A1,144bc00f-b27f-49a9-8664-9bcd79ea6975,2025-04-23,2
1526E8EE-F722-4AC6-C175-08DD7B6BC58B,c720feeb-93e1-4d88-b275-525f95f377ee,2025-05-14,1
3E3427F0-DE67-47A7-C178-08DD7B6BC58B,43072b87-23d4-4ad6-88f8-7999ef3c86ca,2025-04-23,2
ED97272B-ABBB-4C6E-C179-08DD7B6BC58B,43072b87-23d4-4ad6-88f8-7999ef3c86ca,2025-04-26,2
F7D0A8D7-F604-4FFA-35E3-08DD7B83AEA3,10005f55-8589-4836-800d-4b8bba0bf675,2025-08-11,1
3F5C2A57-73AC-48C1-35E4-08DD7B83AEA3,10005f55-8589-4836-800d-4b8bba0bf675,2025-08-12,1
F3ED9AA4-63DB-47BB-35E5-08DD7B83AEA3,10005f55-8589-4836-800d-4b8bba0bf675,2025-08-13,1
6F10A660-C7A7-4D5E-35E6-08DD7B83AEA3,10005f55-8589-4836-800d-4b8bba0bf675,2025-08-14,1
806C3647-0F63-4190-35E7-08DD7B83AEA3,10005f55-8589-4836-800d-4b8bba0bf675,2025-08-15,1
B3E698CF-F579-4D1F-35E8-08DD7B83AEA3,10005f55-8589-4836-800d-4b8bba0bf675,2025-08-16,1
6C30C937-6345-489B-35E9-08DD7B83AEA3,10005f55-8589-4836-800d-4b8bba0bf675,2025-08-17,1
8BB405A9-EA3F-4DEC-35EA-08DD7B83AEA3,10005f55-8589-4836-800d-4b8bba0bf675,2025-08-18,1
2A9A43AA-6A7C-41E7-35EB-08DD7B83AEA3,10005f55-8589-4836-800d-4b8bba0bf675,2025-08-19,1
C1950DC9-8CDD-4A19-35EC-08DD7B83AEA3,10005f55-8589-4836-800d-4b8bba0bf675,2025-08-20,1
FBAD0BF1-A9A4-4069-35ED-08DD7B83AEA3,10005f55-8589-4836-800d-4b8bba0bf675,2025-08-21,1
1587F71C-7C5C-494A-35EE-08DD7B83AEA3,10005f55-8589-4836-800d-4b8bba0bf675,2025-08-22,1
2D24D3C1-0C34-4263-35EF-08DD7B83AEA3,10005f55-8589-4836-800d-4b8bba0bf675,2025-08-23,1
9C67CAF7-BE31-4C96-35F0-08DD7B83AEA3,10005f55-8589-4836-800d-4b8bba0bf675,2025-08-24,1
197028E3-B759-4DE8-7DDF-08DD7B93AB70,4da65404-40f7-408c-8831-dec60d86d60b,2025-04-24,1
9FC9B6CF-75DD-4722-7DE0-08DD7B93AB70,4da65404-40f7-408c-8831-dec60d86d60b,2025-04-25,1
458BABBD-AB99-4934-7DE1-08DD7B93AB70,4da65404-40f7-408c-8831-dec60d86d60b,2025-04-26,1
6EA6ECB0-1DAD-415E-7DE2-08DD7B93AB70,4da65404-40f7-408c-8831-dec60d86d60b,2025-04-27,1
8C2483AD-E48C-4E97-7DE3-08DD7B93AB70,4da65404-40f7-408c-8831-dec60d86d60b,2025-04-23,2
6C762D70-44D7-4E02-A948-08DD7BE73648,b5ca6829-6ac9-4e18-96d7-3282ff6f3250,2025-05-14,2
CB4D0675-B281-450E-A949-08DD7BE73648,b5ca6829-6ac9-4e18-96d7-3282ff6f3250,2025-05-15,2
A257B478-B7B9-4428-A94A-08DD7BE73648,b5ca6829-6ac9-4e18-96d7-3282ff6f3250,2025-06-14,2
0D470232-1AD3-4316-A94B-08DD7BE73648,b5ca6829-6ac9-4e18-96d7-3282ff6f3250,2025-06-15,2
505CCE86-6A24-4753-A94C-08DD7BE73648,23585a8f-5bb9-44d7-a5f9-d7498c60ab2c,2025-06-03,1
25F0E5CC-6935-4C93-A94D-08DD7BE73648,23585a8f-5bb9-44d7-a5f9-d7498c60ab2c,2025-06-04,1
1DF128D5-A2EF-402E-A94E-08DD7BE73648,23585a8f-5bb9-44d7-a5f9-d7498c60ab2c,2025-06-05,1
898B7C7F-98FA-436D-A94F-08DD7BE73648,23585a8f-5bb9-44d7-a5f9-d7498c60ab2c,2025-06-06,1
D4928008-760D-4213-A950-08DD7BE73648,23585a8f-5bb9-44d7-a5f9-d7498c60ab2c,2025-06-07,1
3A8804FF-F1AE-4D96-A951-08DD7BE73648,23585a8f-5bb9-44d7-a5f9-d7498c60ab2c,2025-06-08,1
FAE51F67-E6DE-4CB1-A952-08DD7BE73648,23585a8f-5bb9-44d7-a5f9-d7498c60ab2c,2025-08-09,1
1E86AE30-4F53-451F-A953-08DD7BE73648,23585a8f-5bb9-44d7-a5f9-d7498c60ab2c,2025-08-10,1
6D64C5DA-F7A1-43D1-A954-08DD7BE73648,23585a8f-5bb9-44d7-a5f9-d7498c60ab2c,2025-08-11,1
3EA97362-11F7-4E1F-A955-08DD7BE73648,23585a8f-5bb9-44d7-a5f9-d7498c60ab2c,2025-08-12,1
6069C611-189A-4C7A-A956-08DD7BE73648,23585a8f-5bb9-44d7-a5f9-d7498c60ab2c,2025-08-13,1
960F65F9-6F21-427A-A957-08DD7BE73648,23585a8f-5bb9-44d7-a5f9-d7498c60ab2c,2025-08-14,1
13ECAD56-5BCD-4E1A-A958-08DD7BE73648,23585a8f-5bb9-44d7-a5f9-d7498c60ab2c,2025-08-15,1
191DA524-D2DC-4CC3-A959-08DD7BE73648,23585a8f-5bb9-44d7-a5f9-d7498c60ab2c,2025-08-16,1
41DF2A6B-CF64-4CF2-A95B-08DD7BE73648,1ddcffe7-c2ad-4836-a35b-75b12da1d336,2025-06-15,2
CCBA74CD-5A6D-408D-A95C-08DD7BE73648,c720feeb-93e1-4d88-b275-525f95f377ee,2025-05-26,2
3AF75800-36FA-4E93-A95D-08DD7BE73648,1ddcffe7-c2ad-4836-a35b-75b12da1d336,2025-07-18,1
EBA0812D-79FE-448F-A95E-08DD7BE73648,1ddcffe7-c2ad-4836-a35b-75b12da1d336,2025-07-19,1
4C618977-1F35-40AF-A95F-08DD7BE73648,1ddcffe7-c2ad-4836-a35b-75b12da1d336,2025-07-20,1
5DA26126-5E6E-4C33-A960-08DD7BE73648,1ddcffe7-c2ad-4836-a35b-75b12da1d336,2025-07-21,1
0D1B5B99-4D0D-4767-A961-08DD7BE73648,1ddcffe7-c2ad-4836-a35b-75b12da1d336,2025-07-22,1
4712F319-6A46-4C28-A962-08DD7BE73648,1ddcffe7-c2ad-4836-a35b-75b12da1d336,2025-07-23,1
89B3447E-B874-46E4-A963-08DD7BE73648,1ddcffe7-c2ad-4836-a35b-75b12da1d336,2025-07-24,1
16A899A6-5D8F-4FF4-A964-08DD7BE73648,1ddcffe7-c2ad-4836-a35b-75b12da1d336,2025-07-25,1
E709C702-9C4A-4196-A965-08DD7BE73648,1ddcffe7-c2ad-4836-a35b-75b12da1d336,2025-07-26,1
8F3721AF-E0F6-4C99-A966-08DD7BE73648,1ddcffe7-c2ad-4836-a35b-75b12da1d336,2025-08-15,1
FAE88879-A333-41CF-A967-08DD7BE73648,1ddcffe7-c2ad-4836-a35b-75b12da1d336,2025-08-16,1
C3E38866-CD70-4490-A968-08DD7BE73648,1ddcffe7-c2ad-4836-a35b-75b12da1d336,2025-08-17,1
6AFC07D9-01BD-4A3D-A969-08DD7BE73648,1ddcffe7-c2ad-4836-a35b-75b12da1d336,2025-08-18,1
20664F81-07F0-44E3-A96A-08DD7BE73648,1ddcffe7-c2ad-4836-a35b-75b12da1d336,2025-08-19,1
8E927B0B-0C42-4810-A96B-08DD7BE73648,1ddcffe7-c2ad-4836-a35b-75b12da1d336,2025-08-20,1
14194A08-6174-4250-A96C-08DD7BE73648,1ddcffe7-c2ad-4836-a35b-75b12da1d336,2025-08-21,1
BDCF1B53-982B-44C1-A96D-08DD7BE73648,1ddcffe7-c2ad-4836-a35b-75b12da1d336,2025-08-22,1
9DF85245-D248-4DFA-A96E-08DD7BE73648,1ddcffe7-c2ad-4836-a35b-75b12da1d336,2025-08-23,1
C4DCE5E3-8511-4479-A96F-08DD7BE73648,1ddcffe7-c2ad-4836-a35b-75b12da1d336,2025-05-14,2
E51C9B1C-8E2C-42B2-A970-08DD7BE73648,c720feeb-93e1-4d88-b275-525f95f377ee,2025-06-14,2
7EDA51C7-E790-431A-A971-08DD7BE73648,b5ca6829-6ac9-4e18-96d7-3282ff6f3250,2025-05-07,2
80CB6BF7-A9D1-4D3B-A972-08DD7BE73648,b5ca6829-6ac9-4e18-96d7-3282ff6f3250,2025-05-08,2
088A041F-0D7E-48AD-A973-08DD7BE73648,6663d684-ce88-47ff-a4f7-e40d3b82a13f,2025-07-14,1
C630103D-260D-4D90-A974-08DD7BE73648,6663d684-ce88-47ff-a4f7-e40d3b82a13f,2025-07-15,1
1EAA5625-11A3-4715-A975-08DD7BE73648,6663d684-ce88-47ff-a4f7-e40d3b82a13f,2025-07-16,1
5BFF6C53-9C72-4A18-A976-08DD7BE73648,6663d684-ce88-47ff-a4f7-e40d3b82a13f,2025-07-17,1
F4F5AA10-6345-4B98-A977-08DD7BE73648,6663d684-ce88-47ff-a4f7-e40d3b82a13f,2025-07-18,1
AF6FC02B-1F3B-4B55-A978-08DD7BE73648,6663d684-ce88-47ff-a4f7-e40d3b82a13f,2025-07-19,1
1A0F76BC-D000-4E6D-A979-08DD7BE73648,6663d684-ce88-47ff-a4f7-e40d3b82a13f,2025-07-20,1
DB798B30-1F64-44DF-A97A-08DD7BE73648,6663d684-ce88-47ff-a4f7-e40d3b82a13f,2025-07-21,1
E86E78E5-193C-4A87-A97B-08DD7BE73648,6663d684-ce88-47ff-a4f7-e40d3b82a13f,2025-07-22,1
F1C93544-4251-48DF-A97C-08DD7BE73648,6663d684-ce88-47ff-a4f7-e40d3b82a13f,2025-07-23,1
141AB318-EE11-4653-A97D-08DD7BE73648,6663d684-ce88-47ff-a4f7-e40d3b82a13f,2025-09-01,1
E0E298F5-2A6C-4082-A97E-08DD7BE73648,6663d684-ce88-47ff-a4f7-e40d3b82a13f,2025-09-02,1
11309277-62A0-4AC9-A97F-08DD7BE73648,6663d684-ce88-47ff-a4f7-e40d3b82a13f,2025-09-03,1
756012E7-BD7A-483F-A980-08DD7BE73648,6663d684-ce88-47ff-a4f7-e40d3b82a13f,2025-09-04,1
93CCA25C-C08B-4763-A981-08DD7BE73648,6663d684-ce88-47ff-a4f7-e40d3b82a13f,2025-09-05,1
F6F1928A-F19B-4AC7-A982-08DD7BE73648,6663d684-ce88-47ff-a4f7-e40d3b82a13f,2025-09-06,1
1613DCB9-2723-446D-A983-08DD7BE73648,6663d684-ce88-47ff-a4f7-e40d3b82a13f,2025-09-07,1
E1153C43-6026-45F9-A984-08DD7BE73648,6663d684-ce88-47ff-a4f7-e40d3b82a13f,2025-09-08,1
6C3EFCC6-CC4C-4EFF-A985-08DD7BE73648,6663d684-ce88-47ff-a4f7-e40d3b82a13f,2025-09-09,1
2A7E3CDA-23A9-41C2-A986-08DD7BE73648,6663d684-ce88-47ff-a4f7-e40d3b82a13f,2025-09-10,1
DA8E8A78-A675-4E41-A987-08DD7BE73648,b5ca6829-6ac9-4e18-96d7-3282ff6f3250,2025-05-29,2
2C286692-35ED-4AE0-A988-08DD7BE73648,b5ca6829-6ac9-4e18-96d7-3282ff6f3250,2025-06-04,2
263F0046-CA9F-4E70-A989-08DD7BE73648,b5ca6829-6ac9-4e18-96d7-3282ff6f3250,2025-06-06,2
D04A5020-2C74-49C2-A98A-08DD7BE73648,b5ca6829-6ac9-4e18-96d7-3282ff6f3250,2025-06-19,2
F61BC7D6-618B-4DA2-A98B-08DD7BE73648,9249db54-a23a-48e5-847d-cae130c90544,2025-07-26,1
7B0A7B51-237F-439A-A98C-08DD7BE73648,9249db54-a23a-48e5-847d-cae130c90544,2025-07-27,1
6272490C-2A43-4966-A98D-08DD7BE73648,9249db54-a23a-48e5-847d-cae130c90544,2025-07-28,1
8439E872-D6E2-4C52-A98E-08DD7BE73648,9249db54-a23a-48e5-847d-cae130c90544,2025-09-01,1
B2CE996A-3783-4FFC-A98F-08DD7BE73648,9249db54-a23a-48e5-847d-cae130c90544,2025-09-02,1
B185C585-8E21-490F-A990-08DD7BE73648,9249db54-a23a-48e5-847d-cae130c90544,2025-09-03,1
F1A1C2C2-3E9A-467E-A991-08DD7BE73648,9249db54-a23a-48e5-847d-cae130c90544,2025-09-04,1
358AE8E7-53E4-4E7F-A992-08DD7BE73648,9249db54-a23a-48e5-847d-cae130c90544,2025-09-05,1
ED06C336-DD58-47B5-A993-08DD7BE73648,9249db54-a23a-48e5-847d-cae130c90544,2025-09-06,1
67660E41-C4DC-41AD-A994-08DD7BE73648,9249db54-a23a-48e5-847d-cae130c90544,2025-09-07,1
CCD4CBA0-B962-4FFC-A995-08DD7BE73648,9249db54-a23a-48e5-847d-cae130c90544,2025-09-08,1
1F66C2D2-B9FA-4806-657E-08DD7CBC7EBE,95bf29ca-f6b4-4fbb-88b1-46de45dcf625,2025-05-03,1
5BA17AC0-B226-4D52-657F-08DD7CBC7EBE,95bf29ca-f6b4-4fbb-88b1-46de45dcf625,2025-05-04,1
D901ABC4-E4FD-4B92-6580-08DD7CBC7EBE,95bf29ca-f6b4-4fbb-88b1-46de45dcf625,2025-05-01,2
A1B2DDD4-F2F7-46C7-6707-08DD7CF77080,27e0791f-5767-4877-b1e4-c80aceb86623,2025-05-05,2
9F5FBEBC-CA86-433A-6708-08DD7CF77080,27e0791f-5767-4877-b1e4-c80aceb86623,2025-05-14,2
497DF04C-C76C-4C4A-6709-08DD7CF77080,27e0791f-5767-4877-b1e4-c80aceb86623,2025-05-15,2
D8653FA8-0084-4395-A588-08DD7CFDF2C5,27e0791f-5767-4877-b1e4-c80aceb86623,2025-06-14,2
A242F3BA-A5E3-4658-A58B-08DD7CFDF2C5,1a75df7a-e558-47c6-8af0-033582318b99,2025-04-28,2
6AAAFC50-1C1B-48C3-A58C-08DD7CFDF2C5,1a75df7a-e558-47c6-8af0-033582318b99,2025-05-07,2
EAD980F6-9062-48C7-A58D-08DD7CFDF2C5,1a75df7a-e558-47c6-8af0-033582318b99,2025-05-10,2
1EC0F28A-51B3-4ABB-A58E-08DD7CFDF2C5,1a75df7a-e558-47c6-8af0-033582318b99,2025-05-11,2
E4B7F8EB-31C3-4F6F-A58F-08DD7CFDF2C5,1ddcffe7-c2ad-4836-a35b-75b12da1d336,2025-05-15,2
86A3C635-E667-43B4-0AC6-08DD7D84C24D,9c1113fb-90f9-4b8b-8fdd-bcc7b6b5365b,2025-05-01,2
6B2BDB62-67C1-4E72-0AC7-08DD7D84C24D,9c1113fb-90f9-4b8b-8fdd-bcc7b6b5365b,2025-05-03,1
D34D36FF-66D7-494F-0AC8-08DD7D84C24D,9c1113fb-90f9-4b8b-8fdd-bcc7b6b5365b,2025-05-04,1
BF380441-4E39-48E2-D62C-08DD7DCA729F,1a75df7a-e558-47c6-8af0-033582318b99,2025-06-28,1
96218867-37A6-4A27-D62D-08DD7DCA729F,1a75df7a-e558-47c6-8af0-033582318b99,2025-06-29,1
375E1736-2316-42A4-D62E-08DD7DCA729F,1a75df7a-e558-47c6-8af0-033582318b99,2025-06-30,1
65C3CA7F-BF7A-4EEE-D62F-08DD7DCA729F,1a75df7a-e558-47c6-8af0-033582318b99,2025-07-01,1
667FA5D8-37A6-457F-D630-08DD7DCA729F,1a75df7a-e558-47c6-8af0-033582318b99,2025-07-02,1
CE7B3E52-E6EA-4968-D631-08DD7DCA729F,1a75df7a-e558-47c6-8af0-033582318b99,2025-07-03,1
CA8C930F-A9A5-4D29-D632-08DD7DCA729F,1a75df7a-e558-47c6-8af0-033582318b99,2025-07-04,1
B2645876-BA8A-4D6E-D633-08DD7DCA729F,1a75df7a-e558-47c6-8af0-033582318b99,2025-07-05,1
C83CC3BA-D61D-48C5-D634-08DD7DCA729F,1a75df7a-e558-47c6-8af0-033582318b99,2025-07-06,1
14833A43-39A4-45A3-2F2F-08DD7E4B93B2,f03ea971-0ec2-4be7-aae9-364f3922b741,2025-05-07,2
D44CDF97-9928-42E7-2F30-08DD7E4B93B2,f03ea971-0ec2-4be7-aae9-364f3922b741,2025-05-13,2
6CFBB8C8-5AE5-429F-2C4D-08DD7E71D3DE,b5ca6829-6ac9-4e18-96d7-3282ff6f3250,2025-05-11,2
F9D559FA-FB9B-422D-B9FA-08DD7EE12103,23585a8f-5bb9-44d7-a5f9-d7498c60ab2c,2025-07-08,2
AD5AFE4F-567B-442B-0F5E-08DD7EFE1DD6,27e0791f-5767-4877-b1e4-c80aceb86623,2025-05-08,2
2DB2B8DA-8755-4CFA-9077-08DD7F068DB9,c720feeb-93e1-4d88-b275-525f95f377ee,2025-05-16,2
DFCF8230-3209-4A2F-5574-08DD7F27330C,6663d684-ce88-47ff-a4f7-e40d3b82a13f,2025-05-01,2
10E2CC9F-1A4F-4DB1-5575-08DD7F27330C,6663d684-ce88-47ff-a4f7-e40d3b82a13f,2025-05-03,2
7AE06E71-20A5-4273-5576-08DD7F27330C,4da65404-40f7-408c-8831-dec60d86d60b,2025-04-28,2
7D3C8DE0-F8E5-49A5-5577-08DD7F27330C,4da65404-40f7-408c-8831-dec60d86d60b,2025-04-30,2
3FD84C5E-A815-491B-142D-08DD7F353342,2c075776-4fd8-49f3-b781-7842bd8156de,2025-04-29,2
40962F8E-A639-42B8-04E7-08DD7FB2D12B,c280d18d-86b9-4bba-85e6-2c00472efd9d,2025-04-29,2
48915C86-DE79-4535-04E8-08DD7FB2D12B,c280d18d-86b9-4bba-85e6-2c00472efd9d,2025-04-30,2
CA9BF91A-0453-4A21-04E9-08DD7FB2D12B,c280d18d-86b9-4bba-85e6-2c00472efd9d,2025-05-03,2
BB7810AA-1B66-4F5B-04EA-08DD7FB2D12B,c280d18d-86b9-4bba-85e6-2c00472efd9d,2025-07-07,1
E23F26F5-CFD9-4FF8-04EB-08DD7FB2D12B,c280d18d-86b9-4bba-85e6-2c00472efd9d,2025-07-08,1
DA1E3FF2-859B-4143-04EC-08DD7FB2D12B,c280d18d-86b9-4bba-85e6-2c00472efd9d,2025-07-09,1
ECD7B20E-6D52-46C6-04ED-08DD7FB2D12B,c280d18d-86b9-4bba-85e6-2c00472efd9d,2025-07-10,1
808D83BD-2347-4D69-04EE-08DD7FB2D12B,c280d18d-86b9-4bba-85e6-2c00472efd9d,2025-07-11,1
1463A2FF-26D5-4FB8-04EF-08DD7FB2D12B,c280d18d-86b9-4bba-85e6-2c00472efd9d,2025-07-12,1
E385BAB8-03E9-4A76-04F0-08DD7FB2D12B,c280d18d-86b9-4bba-85e6-2c00472efd9d,2025-07-13,1
D2AD3D4C-B890-46A0-04F1-08DD7FB2D12B,c280d18d-86b9-4bba-85e6-2c00472efd9d,2025-07-14,1
76EBF335-F0FB-4C6B-04F2-08DD7FB2D12B,c280d18d-86b9-4bba-85e6-2c00472efd9d,2025-07-15,1
102030FD-911B-40D8-04F3-08DD7FB2D12B,c280d18d-86b9-4bba-85e6-2c00472efd9d,2025-07-16,1
42FDE242-1840-44BF-04F4-08DD7FB2D12B,c280d18d-86b9-4bba-85e6-2c00472efd9d,2025-07-17,1
5EE46BFF-EC8D-421A-04F5-08DD7FB2D12B,c280d18d-86b9-4bba-85e6-2c00472efd9d,2025-07-18,1
F278B183-D87E-4867-04F6-08DD7FB2D12B,c280d18d-86b9-4bba-85e6-2c00472efd9d,2025-07-19,1
69388CFE-14CE-4948-04F7-08DD7FB2D12B,c280d18d-86b9-4bba-85e6-2c00472efd9d,2025-07-20,1
67D41332-83DA-43A0-04F8-08DD7FB2D12B,c280d18d-86b9-4bba-85e6-2c00472efd9d,2025-08-25,1
61D040C3-EAB8-4E6A-04F9-08DD7FB2D12B,c280d18d-86b9-4bba-85e6-2c00472efd9d,2025-08-26,1
BFCB6F7A-E794-46BA-04FA-08DD7FB2D12B,c280d18d-86b9-4bba-85e6-2c00472efd9d,2025-08-27,1
3526B1CA-E43F-4C66-04FB-08DD7FB2D12B,c280d18d-86b9-4bba-85e6-2c00472efd9d,2025-08-28,1
23A539D2-5B86-4434-04FC-08DD7FB2D12B,c280d18d-86b9-4bba-85e6-2c00472efd9d,2025-08-29,1
45873B9E-04D7-4EDF-04FD-08DD7FB2D12B,c280d18d-86b9-4bba-85e6-2c00472efd9d,2025-08-30,1
85755D96-D5CD-4B6F-04FE-08DD7FB2D12B,c280d18d-86b9-4bba-85e6-2c00472efd9d,2025-08-31,1
897A4B87-A751-4D0C-04FF-08DD7FB2D12B,c280d18d-86b9-4bba-85e6-2c00472efd9d,2025-09-01,1
62E3D170-BBC3-4613-0500-08DD7FB2D12B,c280d18d-86b9-4bba-85e6-2c00472efd9d,2025-09-02,1
9A1A75EF-5EA7-41A9-6574-08DD7FDEFF90,1641a578-00b2-4973-955d-095bc254d709,2025-05-13,2
F79C98F4-7B22-4C2B-6575-08DD7FDEFF90,1641a578-00b2-4973-955d-095bc254d709,2025-05-14,1
9EDCE981-E25E-40E6-6577-08DD7FDEFF90,1641a578-00b2-4973-955d-095bc254d709,2025-05-16,2
11DD8020-55DD-4F0D-FE40-08DD7FF0A5FD,43072b87-23d4-4ad6-88f8-7999ef3c86ca,2025-04-28,2
4034E151-E585-4E2E-FE41-08DD7FF0A5FD,43072b87-23d4-4ad6-88f8-7999ef3c86ca,2025-05-03,2
C3229169-2BD8-45A4-FE42-08DD7FF0A5FD,43072b87-23d4-4ad6-88f8-7999ef3c86ca,2025-05-01,2
07AFA5ED-30D6-4335-DC9C-08DD7FF79D18,27e0791f-5767-4877-b1e4-c80aceb86623,2025-06-06,2
34BBBF18-DC19-47D1-6B2F-08DD80078065,d71b50b4-750e-4644-9786-becc6520c6d7,2025-04-29,2
F8F92049-F81B-4D66-6B30-08DD80078065,413e6437-7712-4672-8d5f-80a6c94ef119,2025-05-07,2
79A3ECA8-79C1-4001-6B31-08DD80078065,d71b50b4-750e-4644-9786-becc6520c6d7,2025-04-30,2
A7A3B476-5841-4B7E-6B32-08DD80078065,d71b50b4-750e-4644-9786-becc6520c6d7,2025-05-07,2
B68183C2-4810-4143-6B33-08DD80078065,d71b50b4-750e-4644-9786-becc6520c6d7,2025-05-10,2
0E07242A-BC61-4679-6B34-08DD80078065,d71b50b4-750e-4644-9786-becc6520c6d7,2025-05-11,2
400F2EA9-BE5A-489C-6B35-08DD80078065,d71b50b4-750e-4644-9786-becc6520c6d7,2025-05-11,2
8BCC50FB-B09D-414B-F860-08DD80DD4A8B,0fac737b-0e61-46db-a27a-52730d65cb9a,2025-04-28,2
768724D0-77A5-4522-F861-08DD80DD4A8B,0fac737b-0e61-46db-a27a-52730d65cb9a,2025-05-02,2
ADA46822-6947-4571-F862-08DD80DD4A8B,0fac737b-0e61-46db-a27a-52730d65cb9a,2025-05-03,2
A4316AA4-A88E-4E73-9BBD-08DD818829E7,c720feeb-93e1-4d88-b275-525f95f377ee,2025-05-30,1
1437321F-AE1E-4E24-9BBE-08DD818829E7,c720feeb-93e1-4d88-b275-525f95f377ee,2025-05-31,1
2B34B25F-E887-467B-9BBF-08DD818829E7,c720feeb-93e1-4d88-b275-525f95f377ee,2025-06-01,1
30C5654E-1BDC-4708-9BC0-08DD818829E7,c720feeb-93e1-4d88-b275-525f95f377ee,2025-06-02,1
AF531AAD-26D0-4CA2-9BC1-08DD818829E7,c720feeb-93e1-4d88-b275-525f95f377ee,2025-06-03,1
CA42AEEB-CE37-4BD2-9BC2-08DD818829E7,c720feeb-93e1-4d88-b275-525f95f377ee,2025-06-04,1
416BCC93-DB8E-4B63-9BC3-08DD818829E7,27e0791f-5767-4877-b1e4-c80aceb86623,2025-05-06,2
4979EC86-9F55-4719-5290-08DD81A7BF30,9964c775-c7f7-42d2-9d2c-a75cb68487d1,2025-07-22,1
0E013A82-51F8-4E49-5291-08DD81A7BF30,9964c775-c7f7-42d2-9d2c-a75cb68487d1,2025-07-23,1
E1BFF66F-75E6-4DB7-5292-08DD81A7BF30,9964c775-c7f7-42d2-9d2c-a75cb68487d1,2025-07-24,1
4BFA0D65-47F1-4F54-5293-08DD81A7BF30,9964c775-c7f7-42d2-9d2c-a75cb68487d1,2025-07-25,1
94C3F991-0F11-4318-5294-08DD81A7BF30,9964c775-c7f7-42d2-9d2c-a75cb68487d1,2025-07-26,1
F092B95A-4B08-4C0C-5295-08DD81A7BF30,9964c775-c7f7-42d2-9d2c-a75cb68487d1,2025-07-27,1
FEE3BA5F-81D0-4B13-5296-08DD81A7BF30,9964c775-c7f7-42d2-9d2c-a75cb68487d1,2025-07-28,1
163503F3-4F68-4C77-5297-08DD81A7BF30,9964c775-c7f7-42d2-9d2c-a75cb68487d1,2025-07-29,1
A236AF55-D2E1-468E-5298-08DD81A7BF30,9964c775-c7f7-42d2-9d2c-a75cb68487d1,2025-07-30,1
DEC0F651-F771-42FD-5299-08DD81A7BF30,9964c775-c7f7-42d2-9d2c-a75cb68487d1,2025-07-31,1
84F1EC4B-3B66-484F-529A-08DD81A7BF30,9964c775-c7f7-42d2-9d2c-a75cb68487d1,2025-09-01,1
62103AE6-091B-4D49-529B-08DD81A7BF30,9964c775-c7f7-42d2-9d2c-a75cb68487d1,2025-09-02,1
30345CA3-15C8-4980-529C-08DD81A7BF30,9964c775-c7f7-42d2-9d2c-a75cb68487d1,2025-09-03,1
78B4AE12-8A66-43E7-529D-08DD81A7BF30,9964c775-c7f7-42d2-9d2c-a75cb68487d1,2025-09-04,1
BE19858B-13F8-40DB-529E-08DD81A7BF30,9964c775-c7f7-42d2-9d2c-a75cb68487d1,2025-09-05,1
96E6F3DA-B211-490C-529F-08DD81A7BF30,9964c775-c7f7-42d2-9d2c-a75cb68487d1,2025-09-06,1
287B234C-42A1-4E6F-52A0-08DD81A7BF30,9964c775-c7f7-42d2-9d2c-a75cb68487d1,2025-09-07,1
7762D449-E362-49F2-52A1-08DD81A7BF30,9964c775-c7f7-42d2-9d2c-a75cb68487d1,2025-09-08,1
E4AE8F37-088A-4C7A-52A2-08DD81A7BF30,9964c775-c7f7-42d2-9d2c-a75cb68487d1,2025-09-09,1
0C8DB2EB-227C-4E18-52A3-08DD81A7BF30,9964c775-c7f7-42d2-9d2c-a75cb68487d1,2025-09-10,1
3A389E1E-BF86-454A-3D0E-08DD81B885E9,f03ea971-0ec2-4be7-aae9-364f3922b741,2025-05-05,2
A960E100-5866-4139-3D0F-08DD81B885E9,f03ea971-0ec2-4be7-aae9-364f3922b741,2025-05-08,2
04090531-84CD-4275-10D8-08DD81DC2AF6,413e6437-7712-4672-8d5f-80a6c94ef119,2025-11-22,1
C5A16CAA-CCB1-4BF7-10D9-08DD81DC2AF6,413e6437-7712-4672-8d5f-80a6c94ef119,2025-11-23,1
4E449385-A097-4FA9-10DA-08DD81DC2AF6,413e6437-7712-4672-8d5f-80a6c94ef119,2025-11-24,1
972CC02F-D45B-4E3F-10DB-08DD81DC2AF6,413e6437-7712-4672-8d5f-80a6c94ef119,2025-11-25,1
2044B52D-8DE9-4942-10DC-08DD81DC2AF6,413e6437-7712-4672-8d5f-80a6c94ef119,2025-11-26,1
FC11EE2D-6DAC-4926-10DD-08DD81DC2AF6,413e6437-7712-4672-8d5f-80a6c94ef119,2025-11-27,1
3942B394-F30C-4F0C-10DE-08DD81DC2AF6,413e6437-7712-4672-8d5f-80a6c94ef119,2025-11-28,1
E347DFA7-6425-49FE-10DF-08DD81DC2AF6,413e6437-7712-4672-8d5f-80a6c94ef119,2025-11-29,1
A48AA421-5688-4CEC-10E0-08DD81DC2AF6,413e6437-7712-4672-8d5f-80a6c94ef119,2025-11-30,1
42FBD4F0-4E57-47E0-A745-08DD8287239D,ab577efb-8d05-4666-a51a-6b95edc5ec45,2025-05-05,2
BBD17E02-EE08-46D1-A746-08DD8287239D,ab577efb-8d05-4666-a51a-6b95edc5ec45,2025-05-07,2
56573802-C7C9-41DD-A747-08DD8287239D,ab577efb-8d05-4666-a51a-6b95edc5ec45,2025-05-08,2
2E3F67EA-8215-4959-75D6-08DD82FF3171,78732633-0af4-4912-9602-d3923d7c10d0,2025-05-14,2
3D67E864-F34C-40FF-CE9F-08DD830AA82D,b5ca6829-6ac9-4e18-96d7-3282ff6f3250,2025-05-06,2
1DE4ABE2-89B8-4ADA-FCFB-08DD83C5374A,b8eaaef1-8890-4d24-8c6c-3db23f8812a0,2025-05-11,2
535485B5-3054-4F4A-BB87-08DD83F22D99,6663d684-ce88-47ff-a4f7-e40d3b82a13f,2025-05-06,2
76BC27F7-E73B-48D4-BB88-08DD83F22D99,6663d684-ce88-47ff-a4f7-e40d3b82a13f,2025-05-07,2
04EC5627-587A-427D-EF7F-08DD83FE8BDD,925fe8e4-a2de-433d-8c9d-b07fd34a8c36,2025-08-11,1
A3E291EB-67BE-41C0-EF80-08DD83FE8BDD,925fe8e4-a2de-433d-8c9d-b07fd34a8c36,2025-08-12,1
8367F36A-DF65-4237-EF81-08DD83FE8BDD,925fe8e4-a2de-433d-8c9d-b07fd34a8c36,2025-08-13,1
803F5EF6-542F-4758-EF82-08DD83FE8BDD,925fe8e4-a2de-433d-8c9d-b07fd34a8c36,2025-08-14,1
C88E1C7B-BF0B-4968-EF83-08DD83FE8BDD,925fe8e4-a2de-433d-8c9d-b07fd34a8c36,2025-08-15,1
3DD2768F-D650-41D7-EF84-08DD83FE8BDD,925fe8e4-a2de-433d-8c9d-b07fd34a8c36,2025-08-16,1
9E1527E4-D1B4-4C3F-EF85-08DD83FE8BDD,925fe8e4-a2de-433d-8c9d-b07fd34a8c36,2025-08-17,1
63EEBA29-0F3C-4FEC-EF86-08DD83FE8BDD,925fe8e4-a2de-433d-8c9d-b07fd34a8c36,2025-08-18,1
66E00C86-DFBA-4633-EF87-08DD83FE8BDD,925fe8e4-a2de-433d-8c9d-b07fd34a8c36,2025-08-19,1
8A2E09AA-C694-4D3D-EF88-08DD83FE8BDD,925fe8e4-a2de-433d-8c9d-b07fd34a8c36,2025-08-20,1
1F298148-33E5-4E79-EF89-08DD83FE8BDD,925fe8e4-a2de-433d-8c9d-b07fd34a8c36,2025-08-21,1
35503C10-F948-4403-EF8A-08DD83FE8BDD,925fe8e4-a2de-433d-8c9d-b07fd34a8c36,2025-08-22,1
2C69D84D-216D-4D70-EF8B-08DD83FE8BDD,925fe8e4-a2de-433d-8c9d-b07fd34a8c36,2025-08-23,1
1D0EB1AA-DF82-4E10-EF8C-08DD83FE8BDD,925fe8e4-a2de-433d-8c9d-b07fd34a8c36,2025-08-24,1
6F9DEE49-AB21-4CD8-EF8D-08DD83FE8BDD,1641a578-00b2-4973-955d-095bc254d709,2025-05-06,2
52CA35D7-250E-4E09-EF8E-08DD83FE8BDD,1641a578-00b2-4973-955d-095bc254d709,2025-05-10,2
345B3C91-443A-466E-4C6F-08DD8404AFE0,925fe8e4-a2de-433d-8c9d-b07fd34a8c36,2025-05-10,2
77929F8C-918F-421C-AE25-08DD8484804C,fa431862-6ab2-46f0-91f3-97ae1452fc85,2025-05-09,2
D8604876-97C5-47CA-0732-08DD84F38B2E,8b9bd17e-0e24-43f0-81f3-854b0464555f,2025-05-13,2
F84B317A-54BC-48C4-0733-08DD84F38B2E,8b9bd17e-0e24-43f0-81f3-854b0464555f,2025-05-14,2
A883ED7E-2E9D-42AE-0734-08DD84F38B2E,8b9bd17e-0e24-43f0-81f3-854b0464555f,2025-05-17,2
DEB36818-5FBA-45A9-FAAC-08DD850DDB41,144bc00f-b27f-49a9-8664-9bcd79ea6975,2025-06-24,1
E279301D-A036-4ED9-FAAD-08DD850DDB41,144bc00f-b27f-49a9-8664-9bcd79ea6975,2025-06-25,1
0009E7AE-E1DE-4175-FAAE-08DD850DDB41,144bc00f-b27f-49a9-8664-9bcd79ea6975,2025-06-26,1
E01B05FE-FFCE-488D-FAAF-08DD850DDB41,144bc00f-b27f-49a9-8664-9bcd79ea6975,2025-06-27,1
A1A9F342-0423-4E62-FAB0-08DD850DDB41,144bc00f-b27f-49a9-8664-9bcd79ea6975,2025-06-28,1
33885553-9B3A-4440-FAB1-08DD850DDB41,144bc00f-b27f-49a9-8664-9bcd79ea6975,2025-06-29,1
9C4D2999-C8D2-40C9-FAB2-08DD850DDB41,144bc00f-b27f-49a9-8664-9bcd79ea6975,2025-06-30,1
79F1D21E-7F85-4A14-FAB3-08DD850DDB41,144bc00f-b27f-49a9-8664-9bcd79ea6975,2025-07-01,1
4B74AD72-F8EF-4136-FAB4-08DD850DDB41,144bc00f-b27f-49a9-8664-9bcd79ea6975,2025-07-22,1
05045954-C51A-415A-FAB5-08DD850DDB41,144bc00f-b27f-49a9-8664-9bcd79ea6975,2025-07-23,1
53708928-6E22-47C9-FAB6-08DD850DDB41,144bc00f-b27f-49a9-8664-9bcd79ea6975,2025-07-24,1
7FEF29D2-792E-4E46-FAB7-08DD850DDB41,144bc00f-b27f-49a9-8664-9bcd79ea6975,2025-07-25,1
D20DA8BD-563B-4FA3-FAB8-08DD850DDB41,144bc00f-b27f-49a9-8664-9bcd79ea6975,2025-07-26,1
A02EE0B7-4C7E-476A-FAB9-08DD850DDB41,144bc00f-b27f-49a9-8664-9bcd79ea6975,2025-07-27,1
B0C1A0A4-9164-4806-FABA-08DD850DDB41,144bc00f-b27f-49a9-8664-9bcd79ea6975,2025-07-28,1
089AD39D-7A59-40E2-FABB-08DD850DDB41,144bc00f-b27f-49a9-8664-9bcd79ea6975,2025-07-29,1
69984508-78DD-4AF6-FABC-08DD850DDB41,144bc00f-b27f-49a9-8664-9bcd79ea6975,2025-08-28,1
0C0A1332-FFA4-4300-FABD-08DD850DDB41,144bc00f-b27f-49a9-8664-9bcd79ea6975,2025-08-29,1
78E01E98-5E3B-40E7-FABE-08DD850DDB41,144bc00f-b27f-49a9-8664-9bcd79ea6975,2025-08-30,1
48F016FE-D65C-49E8-FABF-08DD850DDB41,144bc00f-b27f-49a9-8664-9bcd79ea6975,2025-08-31,1
6866F5DE-8954-4420-B438-08DD8551EDE1,38b41087-0565-4dea-8ddf-e3b522a14368,2025-05-10,2
D0A2F8DC-8607-4D6E-B439-08DD8551EDE1,38b41087-0565-4dea-8ddf-e3b522a14368,2025-05-11,2
6C059391-1772-4A5A-B43A-08DD8551EDE1,38b41087-0565-4dea-8ddf-e3b522a14368,2025-05-16,2
637166A6-1F93-41AC-B43B-08DD8551EDE1,38b41087-0565-4dea-8ddf-e3b522a14368,2025-05-17,2
88FF5407-CB66-42B2-B43C-08DD8551EDE1,38b41087-0565-4dea-8ddf-e3b522a14368,2025-05-21,2
8383E394-1B70-4A01-B43D-08DD8551EDE1,38b41087-0565-4dea-8ddf-e3b522a14368,2025-05-22,2
89B3824C-E940-4BDB-B43E-08DD8551EDE1,38b41087-0565-4dea-8ddf-e3b522a14368,2025-05-26,2
1C893B99-3275-4492-B43F-08DD8551EDE1,38b41087-0565-4dea-8ddf-e3b522a14368,2025-05-27,2
5FE6B382-13FC-47FA-B440-08DD8551EDE1,38b41087-0565-4dea-8ddf-e3b522a14368,2025-05-20,2
F1340612-A1CD-42C6-B441-08DD8551EDE1,38b41087-0565-4dea-8ddf-e3b522a14368,2025-05-28,2
2D524206-97EC-48E9-420A-08DD855EB9E0,7afecb62-aa18-4106-a82b-a906fa7e488d,2025-05-07,2
76DE5888-8FC7-483C-2AD0-08DD85BFF5EC,4d71f5cd-5e03-4e0e-b17d-593586b88b99,2025-05-05,2
6C1E3C50-7017-4B83-2AD1-08DD85BFF5EC,4d71f5cd-5e03-4e0e-b17d-593586b88b99,2025-05-07,2
6E70DDA3-8661-4295-2AD2-08DD85BFF5EC,4d71f5cd-5e03-4e0e-b17d-593586b88b99,2025-05-09,2
7566460A-8A95-46F8-2AD3-08DD85BFF5EC,4d71f5cd-5e03-4e0e-b17d-593586b88b99,2025-05-10,2
5B71FE81-2E52-438D-A581-08DD86094F67,9964c775-c7f7-42d2-9d2c-a75cb68487d1,2025-05-10,2
0EE28800-2E0C-489A-33C2-08DD860DC3E3,9964c775-c7f7-42d2-9d2c-a75cb68487d1,2025-05-11,2
B70F1DE5-6D76-44FB-035A-08DD8624AB80,95bf29ca-f6b4-4fbb-88b1-46de45dcf625,2025-05-08,2
9CCC55F0-4EB5-4A04-035B-08DD8624AB80,95bf29ca-f6b4-4fbb-88b1-46de45dcf625,2025-05-11,2
D76EE892-2B5A-4555-B034-08DD8629B878,0fac737b-0e61-46db-a27a-52730d65cb9a,2025-05-05,2
A2E36D75-D098-4217-B035-08DD8629B878,0fac737b-0e61-46db-a27a-52730d65cb9a,2025-05-07,2
A4DE8B0B-56C2-4032-B036-08DD8629B878,0fac737b-0e61-46db-a27a-52730d65cb9a,2025-05-09,2
77673390-8DCF-487C-E24C-08DD8651AFC6,144bc00f-b27f-49a9-8664-9bcd79ea6975,2025-05-07,2
A594B785-B365-49B9-E24D-08DD8651AFC6,144bc00f-b27f-49a9-8664-9bcd79ea6975,2025-05-08,2
6E1BAAD9-4693-4AEE-E24E-08DD8651AFC6,144bc00f-b27f-49a9-8664-9bcd79ea6975,2025-05-11,2
F025CD74-A142-4FEB-56D3-08DD865639F7,43072b87-23d4-4ad6-88f8-7999ef3c86ca,2025-05-08,2
0DBEDF33-7098-4A1F-56D4-08DD865639F7,43072b87-23d4-4ad6-88f8-7999ef3c86ca,2025-05-10,2
62C9B5C8-C19F-46A7-2F73-08DD866E49AE,4da65404-40f7-408c-8831-dec60d86d60b,2025-05-05,2
FA687CA1-72AE-4D59-2F74-08DD866E49AE,4da65404-40f7-408c-8831-dec60d86d60b,2025-05-06,2
C751901D-0AB0-4522-2F75-08DD866E49AE,4da65404-40f7-408c-8831-dec60d86d60b,2025-05-08,2
E4631057-8B8F-4F6C-2F77-08DD866E49AE,57f57d9a-735a-4bcc-afb6-f2799bd738a4,2025-05-08,2
413AE291-7569-43FE-2F78-08DD866E49AE,57f57d9a-735a-4bcc-afb6-f2799bd738a4,2025-05-06,2
1BA04B3B-CA44-41EA-2F79-08DD866E49AE,4da65404-40f7-408c-8831-dec60d86d60b,2025-05-10,2
F89A3F3D-C1E4-4311-2F7A-08DD866E49AE,57f57d9a-735a-4bcc-afb6-f2799bd738a4,2025-05-11,2
96525422-EF82-492D-2F7B-08DD866E49AE,57f57d9a-735a-4bcc-afb6-f2799bd738a4,2025-05-10,2
350F1E1C-575B-49C4-2F7C-08DD866E49AE,d71b50b4-750e-4644-9786-becc6520c6d7,2025-05-12,1
39BE670C-603E-4CF5-2F7D-08DD866E49AE,c280d18d-86b9-4bba-85e6-2c00472efd9d,2025-05-08,2
B4043CDF-7077-4BDB-2F7E-08DD866E49AE,c280d18d-86b9-4bba-85e6-2c00472efd9d,2025-05-09,2
CA2DF5DF-BA8E-458C-2F7F-08DD866E49AE,c280d18d-86b9-4bba-85e6-2c00472efd9d,2025-05-10,2
D26E4008-E042-4561-EEDC-08DD86E56CA8,8b9bd17e-0e24-43f0-81f3-854b0464555f,2025-05-23,2
35D6470E-0967-4175-C2FA-08DD87001E87,ab577efb-8d05-4666-a51a-6b95edc5ec45,2025-05-08,1
F8F7A4A0-6927-4F1D-C2FB-08DD87001E87,9964c775-c7f7-42d2-9d2c-a75cb68487d1,2025-05-10,1
5BE76DD5-D82D-4027-06CB-08DD87CE628C,10005f55-8589-4836-800d-4b8bba0bf675,2025-06-05,1
117FC351-CB12-4543-06CC-08DD87CE628C,10005f55-8589-4836-800d-4b8bba0bf675,2025-06-06,1
5324BEBB-1FEC-442E-06CD-08DD87CE628C,10005f55-8589-4836-800d-4b8bba0bf675,2025-06-07,1
7943B7D3-6BA1-4576-281B-08DD88A527DF,d71b50b4-750e-4644-9786-becc6520c6d7,2025-05-14,2
31B95EFF-384C-4F5B-281C-08DD88A527DF,d71b50b4-750e-4644-9786-becc6520c6d7,2025-05-17,2
28302D33-FD22-4DFB-6391-08DD88CE71D6,8b9bd17e-0e24-43f0-81f3-854b0464555f,2025-06-15,2
51C27E28-AB46-44A0-C967-08DD88D64E16,43072b87-23d4-4ad6-88f8-7999ef3c86ca,2025-06-20,1
EE88934A-DD51-4E48-C968-08DD88D64E16,43072b87-23d4-4ad6-88f8-7999ef3c86ca,2025-06-21,1
F6ED46C8-C5A8-4667-C969-08DD88D64E16,43072b87-23d4-4ad6-88f8-7999ef3c86ca,2025-06-22,1
39B50B04-C97C-4ABC-C96A-08DD88D64E16,43072b87-23d4-4ad6-88f8-7999ef3c86ca,2025-06-23,1
4B9843AC-B664-4A9E-C96B-08DD88D64E16,43072b87-23d4-4ad6-88f8-7999ef3c86ca,2025-06-24,1
9A337254-6A2F-4F7A-C96C-08DD88D64E16,43072b87-23d4-4ad6-88f8-7999ef3c86ca,2025-06-25,1
E4219EA1-FD96-4F17-C96D-08DD88D64E16,43072b87-23d4-4ad6-88f8-7999ef3c86ca,2025-06-26,1
8EC9C9A7-33E3-4FCC-C96E-08DD88D64E16,43072b87-23d4-4ad6-88f8-7999ef3c86ca,2025-06-27,1
1E93BDC2-66DE-42FE-C96F-08DD88D64E16,43072b87-23d4-4ad6-88f8-7999ef3c86ca,2025-07-12,1
69FE07D8-8B1C-4A01-C970-08DD88D64E16,43072b87-23d4-4ad6-88f8-7999ef3c86ca,2025-07-13,1
9C2A72C8-02A0-4B13-C971-08DD88D64E16,43072b87-23d4-4ad6-88f8-7999ef3c86ca,2025-07-14,1
9F65DFAC-F26A-485B-C972-08DD88D64E16,43072b87-23d4-4ad6-88f8-7999ef3c86ca,2025-07-15,1
D2D0E79F-B82E-4507-C973-08DD88D64E16,43072b87-23d4-4ad6-88f8-7999ef3c86ca,2025-07-16,1
8BDCD99A-FE54-491C-C974-08DD88D64E16,43072b87-23d4-4ad6-88f8-7999ef3c86ca,2025-07-17,1
0A798618-FC6E-4756-C975-08DD88D64E16,43072b87-23d4-4ad6-88f8-7999ef3c86ca,2025-07-18,1
693ED12B-8C9D-4A44-C976-08DD88D64E16,43072b87-23d4-4ad6-88f8-7999ef3c86ca,2025-07-19,1
E908489C-E285-4056-C977-08DD88D64E16,43072b87-23d4-4ad6-88f8-7999ef3c86ca,2025-09-08,1
0255744A-BAFE-4E30-C978-08DD88D64E16,43072b87-23d4-4ad6-88f8-7999ef3c86ca,2025-09-09,1
BC5F89C3-AB50-464A-C979-08DD88D64E16,43072b87-23d4-4ad6-88f8-7999ef3c86ca,2025-09-10,1
76A9FA6D-3D12-4670-C97A-08DD88D64E16,43072b87-23d4-4ad6-88f8-7999ef3c86ca,2025-09-11,1
8CEA8E88-51AC-44D0-C97B-08DD88D64E16,43072b87-23d4-4ad6-88f8-7999ef3c86ca,2025-09-12,1
1717E028-C572-4034-C97C-08DD88D64E16,43072b87-23d4-4ad6-88f8-7999ef3c86ca,2025-09-13,1
BA8DEA48-3E50-453C-C97D-08DD88D64E16,43072b87-23d4-4ad6-88f8-7999ef3c86ca,2025-09-14,1
E1188A77-BA7A-4254-C97E-08DD88D64E16,43072b87-23d4-4ad6-88f8-7999ef3c86ca,2025-09-15,1
6DEB6165-E108-4366-C97F-08DD88D64E16,43072b87-23d4-4ad6-88f8-7999ef3c86ca,2025-09-16,1
DA19BABA-4EE3-4BA2-C980-08DD88D64E16,43072b87-23d4-4ad6-88f8-7999ef3c86ca,2025-09-17,1
EC381D0B-B458-4BB8-C981-08DD88D64E16,43072b87-23d4-4ad6-88f8-7999ef3c86ca,2025-09-18,1
FD0A6EAC-2E3B-40A0-C982-08DD88D64E16,43072b87-23d4-4ad6-88f8-7999ef3c86ca,2025-09-19,1
9DA20E88-0BE4-4A6B-C983-08DD88D64E16,43072b87-23d4-4ad6-88f8-7999ef3c86ca,2025-09-20,1
6BDA17C3-20C5-486F-C984-08DD88D64E16,43072b87-23d4-4ad6-88f8-7999ef3c86ca,2025-09-21,1
03729DFB-5719-4295-C985-08DD88D64E16,43072b87-23d4-4ad6-88f8-7999ef3c86ca,2025-09-22,1
BF248BC5-F5DF-4886-C986-08DD88D64E16,43072b87-23d4-4ad6-88f8-7999ef3c86ca,2025-09-23,1
6CB2439B-4BE6-4B76-C987-08DD88D64E16,43072b87-23d4-4ad6-88f8-7999ef3c86ca,2025-09-24,1
E067596B-09F6-4EDA-1EA4-08DD8943E602,0fac737b-0e61-46db-a27a-52730d65cb9a,2025-05-12,1
E41B76E0-73D4-406B-1EA5-08DD8943E602,0fac737b-0e61-46db-a27a-52730d65cb9a,2025-05-13,1
D20B94D2-E09D-499C-1EA6-08DD8943E602,0fac737b-0e61-46db-a27a-52730d65cb9a,2025-05-14,1
A20C5CED-9B08-42D3-1EA7-08DD8943E602,0fac737b-0e61-46db-a27a-52730d65cb9a,2025-05-15,1
999F6CD1-31FE-485E-1EA8-08DD8943E602,0fac737b-0e61-46db-a27a-52730d65cb9a,2025-05-16,1
879E9A5B-31A7-4E73-1EA9-08DD8943E602,0fac737b-0e61-46db-a27a-52730d65cb9a,2025-05-17,1
9126CACD-8490-4365-1EAA-08DD8943E602,0fac737b-0e61-46db-a27a-52730d65cb9a,2025-05-18,1
7EA70323-B13B-4C2F-F0C1-08DD896E3A4D,2c075776-4fd8-49f3-b781-7842bd8156de,2025-05-13,2
7C25AEED-E9CB-474F-F0C2-08DD896E3A4D,2c075776-4fd8-49f3-b781-7842bd8156de,2025-05-16,2
D0D134A8-6892-431C-1A64-08DD897CE118,f488e272-24db-42ce-9d36-80a013657223,2025-05-20,2
11F55A7A-6498-4918-2762-08DD898601CB,f488e272-24db-42ce-9d36-80a013657223,2025-05-27,2
32593E3C-02F2-404F-D0FC-08DD89963C78,477951d3-95b8-4933-ad3b-ae6f86eafc55,2025-05-13,2
B82BF74A-1EA2-48EA-D0FD-08DD89963C78,477951d3-95b8-4933-ad3b-ae6f86eafc55,2025-05-18,2
7FBE3D86-C47E-46DD-6EAB-08DD89BF1C71,ab577efb-8d05-4666-a51a-6b95edc5ec45,2025-05-16,1
1847EEA6-543A-42B1-6EAC-08DD89BF1C71,ab577efb-8d05-4666-a51a-6b95edc5ec45,2025-05-17,1
2FA00237-C6CA-4115-6EAD-08DD89BF1C71,ab577efb-8d05-4666-a51a-6b95edc5ec45,2025-05-18,1
546B5358-818C-438E-6EAE-08DD89BF1C71,ab577efb-8d05-4666-a51a-6b95edc5ec45,2025-05-19,1
F2ECCA8F-52FA-40A5-4138-08DD8A51CBBB,b8eaaef1-8890-4d24-8c6c-3db23f8812a0,2025-05-12,2
0A54AF19-AF32-49DA-8246-08DD8AFD179F,f03ea971-0ec2-4be7-aae9-364f3922b741,2025-05-15,1
2C41C47E-059E-45E3-A534-08DD8BA57DEE,6663d684-ce88-47ff-a4f7-e40d3b82a13f,2025-05-13,2
BB89A794-CCC9-4F46-A535-08DD8BA57DEE,6663d684-ce88-47ff-a4f7-e40d3b82a13f,2025-05-14,2
E3ABA5DF-C997-4ADB-A536-08DD8BA57DEE,6663d684-ce88-47ff-a4f7-e40d3b82a13f,2025-05-16,2
EA4933FE-31A7-475E-A537-08DD8BA57DEE,6663d684-ce88-47ff-a4f7-e40d3b82a13f,2025-05-17,1
8A1809EC-AC5C-42C6-A538-08DD8BA57DEE,6663d684-ce88-47ff-a4f7-e40d3b82a13f,2025-05-18,1
DDF3C6DD-C0DB-455C-DC89-08DD8BADFF3E,f538e494-84f3-4ea8-ae3b-f0f142294fbe,2025-05-13,2
565DF50E-3E6C-4AC8-DC8A-08DD8BADFF3E,f538e494-84f3-4ea8-ae3b-f0f142294fbe,2025-05-14,2
CD804168-FBD3-479C-F6A1-08DD8BB428F6,95bf29ca-f6b4-4fbb-88b1-46de45dcf625,2025-05-12,2
69A4600C-A2EF-4223-F6A2-08DD8BB428F6,95bf29ca-f6b4-4fbb-88b1-46de45dcf625,2025-05-13,2
484E5AD1-36C4-4B75-F6A3-08DD8BB428F6,95bf29ca-f6b4-4fbb-88b1-46de45dcf625,2025-05-18,2
07DD4485-444F-4B68-F6A4-08DD8BB428F6,b5ca6829-6ac9-4e18-96d7-3282ff6f3250,2025-05-12,2
2688A6B4-07E5-4012-8436-08DD8BC424D7,7afecb62-aa18-4106-a82b-a906fa7e488d,2025-05-12,2
C8398876-1499-4585-8437-08DD8BC424D7,7afecb62-aa18-4106-a82b-a906fa7e488d,2025-05-14,2
BA0ACC59-9D61-4A7C-8438-08DD8BC424D7,7afecb62-aa18-4106-a82b-a906fa7e488d,2025-05-17,2
23B2B184-FDAA-479C-8439-08DD8BC424D7,144bc00f-b27f-49a9-8664-9bcd79ea6975,2025-05-18,2
5D1F2F60-2C52-4770-843A-08DD8BC424D7,c280d18d-86b9-4bba-85e6-2c00472efd9d,2025-05-12,2
AA2879D4-DD18-4453-843B-08DD8BC424D7,c280d18d-86b9-4bba-85e6-2c00472efd9d,2025-05-17,2
E7E1BD74-A2BA-434D-843C-08DD8BC424D7,c280d18d-86b9-4bba-85e6-2c00472efd9d,2025-05-18,2
B8A641AD-627E-423B-843D-08DD8BC424D7,144bc00f-b27f-49a9-8664-9bcd79ea6975,2025-05-15,2
074FC02B-9C79-4A34-6083-08DD8BE33C04,43072b87-23d4-4ad6-88f8-7999ef3c86ca,2025-05-13,2
14A85EB9-CFA2-4D1E-6084-08DD8BE33C04,43072b87-23d4-4ad6-88f8-7999ef3c86ca,2025-05-14,2
1DE0E819-F031-4220-6085-08DD8BE33C04,43072b87-23d4-4ad6-88f8-7999ef3c86ca,2025-05-15,2
CAEDCB6A-5C35-4781-13D5-08DD8BF5321A,57f57d9a-735a-4bcc-afb6-f2799bd738a4,2025-05-14,2
322BA813-001A-4BF0-13D6-08DD8BF5321A,57f57d9a-735a-4bcc-afb6-f2799bd738a4,2025-05-17,2
258DB3D2-11AD-48E9-1056-08DD8C15FC53,4da65404-40f7-408c-8831-dec60d86d60b,2025-05-16,2
E81B9E68-067E-45FC-1057-08DD8C15FC53,4da65404-40f7-408c-8831-dec60d86d60b,2025-05-18,2
EF632903-C2E7-4848-7887-08DD8C7D2DFB,c720feeb-93e1-4d88-b275-525f95f377ee,2025-06-06,2
072349AC-4706-428F-FFB3-08DD8DFFBCAB,b5ca6829-6ac9-4e18-96d7-3282ff6f3250,2025-05-30,2
68069B5C-0FCB-49F7-1EF4-08DD8E0E2D6E,1ddcffe7-c2ad-4836-a35b-75b12da1d336,2025-05-22,2
8C42CE81-307A-4E5B-5DA4-08DD8E5FAF43,78732633-0af4-4912-9602-d3923d7c10d0,2025-06-08,2
3DF7092B-91EE-4019-FA43-08DD8EBB168A,c720feeb-93e1-4d88-b275-525f95f377ee,2025-10-15,1
5DD87DF7-1A5F-48E2-FA44-08DD8EBB168A,c720feeb-93e1-4d88-b275-525f95f377ee,2025-10-16,1
7F78E968-B11D-4A93-FA45-08DD8EBB168A,c720feeb-93e1-4d88-b275-525f95f377ee,2025-10-17,1
AB1C7A6F-C9AB-4B77-FA46-08DD8EBB168A,c720feeb-93e1-4d88-b275-525f95f377ee,2025-10-18,1
D851D5F2-0D58-43D2-FA47-08DD8EBB168A,c720feeb-93e1-4d88-b275-525f95f377ee,2025-10-19,1
B269C972-3D00-4CF0-FA48-08DD8EBB168A,c720feeb-93e1-4d88-b275-525f95f377ee,2025-10-20,1
DA47648B-886F-4C00-FA49-08DD8EBB168A,c720feeb-93e1-4d88-b275-525f95f377ee,2025-10-21,1
9539E512-6368-4242-FA4A-08DD8EBB168A,c720feeb-93e1-4d88-b275-525f95f377ee,2025-10-22,1
8E03A660-314B-4579-FA4B-08DD8EBB168A,1a75df7a-e558-47c6-8af0-033582318b99,2025-05-19,2
CDA486BE-2899-4C58-FA4C-08DD8EBB168A,0fac737b-0e61-46db-a27a-52730d65cb9a,2025-06-03,2
0EF655BB-D204-4CF0-FA4D-08DD8EBB168A,0fac737b-0e61-46db-a27a-52730d65cb9a,2025-06-05,2
AE90E594-0D81-42E6-FA4E-08DD8EBB168A,0fac737b-0e61-46db-a27a-52730d65cb9a,2025-06-07,2
C8DB97AE-5D96-4BEC-FA4F-08DD8EBB168A,0fac737b-0e61-46db-a27a-52730d65cb9a,2025-06-24,2
AA7801AE-9814-4170-FA50-08DD8EBB168A,0fac737b-0e61-46db-a27a-52730d65cb9a,2025-06-26,2
D5F0B71E-DE67-4E62-FA51-08DD8EBB168A,0fac737b-0e61-46db-a27a-52730d65cb9a,2025-05-21,2
9DD3DD23-1455-4318-FA52-08DD8EBB168A,95bf29ca-f6b4-4fbb-88b1-46de45dcf625,2025-05-19,2
1BDFC4CC-A38F-471A-FA53-08DD8EBB168A,0fac737b-0e61-46db-a27a-52730d65cb9a,2025-05-23,2
9D288CF9-D0F4-4840-FA54-08DD8EBB168A,0fac737b-0e61-46db-a27a-52730d65cb9a,2025-05-25,2
62243FD3-8500-47DB-FA55-08DD8EBB168A,95bf29ca-f6b4-4fbb-88b1-46de45dcf625,2025-05-25,2
CD8A82A2-6EAB-45C4-6387-08DD8ED5CFB8,c720feeb-93e1-4d88-b275-525f95f377ee,2025-05-24,2
68F093D7-6C0C-4E38-6388-08DD8ED5CFB8,c720feeb-93e1-4d88-b275-525f95f377ee,2025-05-25,2
CAE8A0DA-9E31-4735-A9C1-08DD8FA83009,f03ea971-0ec2-4be7-aae9-364f3922b741,2025-05-22,2
D1E65EA6-ACC1-45F2-74B3-08DD8FC343DA,4d71f5cd-5e03-4e0e-b17d-593586b88b99,2025-05-21,2
50CD129D-B4BD-44F6-74B5-08DD8FC343DA,4d71f5cd-5e03-4e0e-b17d-593586b88b99,2025-05-22,2
66A38874-FC4F-4473-74B6-08DD8FC343DA,4d71f5cd-5e03-4e0e-b17d-593586b88b99,2025-05-23,2
6BA5C0E2-84B1-421F-505D-08DD90696F81,fafe9819-8c58-4398-a1cc-77584270b6ed,2025-05-22,2
25D57092-01AA-4815-E22C-08DD9095838D,b8eaaef1-8890-4d24-8c6c-3db23f8812a0,2025-05-25,2
CFDA9C37-0A85-4D2F-2459-08DD90A47962,d71b50b4-750e-4644-9786-becc6520c6d7,2025-05-20,1
7BE2194C-07FA-4640-245A-08DD90A47962,d71b50b4-750e-4644-9786-becc6520c6d7,2025-05-22,2
70F642E3-4791-4580-245B-08DD90A47962,d71b50b4-750e-4644-9786-becc6520c6d7,2025-05-24,2
BEF4D876-2F4F-40BE-245C-08DD90A47962,f538e494-84f3-4ea8-ae3b-f0f142294fbe,2025-06-03,1
12E28907-0CF2-4C1D-245D-08DD90A47962,f538e494-84f3-4ea8-ae3b-f0f142294fbe,2025-06-04,1
EF36003C-7E97-467D-245E-08DD90A47962,f538e494-84f3-4ea8-ae3b-f0f142294fbe,2025-06-05,1
3F2E8C71-BC04-432A-245F-08DD90A47962,f538e494-84f3-4ea8-ae3b-f0f142294fbe,2025-06-06,1
E6C9F214-DA34-4DB3-2460-08DD90A47962,f538e494-84f3-4ea8-ae3b-f0f142294fbe,2025-06-07,1
BD37BC0C-9044-402A-2461-08DD90A47962,f538e494-84f3-4ea8-ae3b-f0f142294fbe,2025-06-08,1
87F14D16-6162-49FB-2462-08DD90A47962,f538e494-84f3-4ea8-ae3b-f0f142294fbe,2025-06-09,1
19B26489-EEDD-4140-2463-08DD90A47962,f538e494-84f3-4ea8-ae3b-f0f142294fbe,2025-06-10,1
8DA702AB-9539-4493-2464-08DD90A47962,f538e494-84f3-4ea8-ae3b-f0f142294fbe,2025-06-11,1
A122B797-DF15-4B5D-2465-08DD90A47962,f538e494-84f3-4ea8-ae3b-f0f142294fbe,2025-06-12,1
C9F065D6-5860-4D90-2466-08DD90A47962,f538e494-84f3-4ea8-ae3b-f0f142294fbe,2025-06-13,1
22AFD1A2-4B69-484C-2467-08DD90A47962,f538e494-84f3-4ea8-ae3b-f0f142294fbe,2025-06-14,1
623B1A19-8C19-4F5E-2468-08DD90A47962,f538e494-84f3-4ea8-ae3b-f0f142294fbe,2025-06-15,1
566495F1-FDDD-476C-2469-08DD90A47962,f538e494-84f3-4ea8-ae3b-f0f142294fbe,2025-06-16,1
3C334E77-5456-44CC-246A-08DD90A47962,f538e494-84f3-4ea8-ae3b-f0f142294fbe,2025-06-17,1
E8679FAB-D5C7-4C77-246B-08DD90A47962,f538e494-84f3-4ea8-ae3b-f0f142294fbe,2025-06-18,1
B9CAA50E-857E-49CA-246C-08DD90A47962,38b41087-0565-4dea-8ddf-e3b522a14368,2025-09-01,1
EC2860E1-E4D9-4B5E-246D-08DD90A47962,38b41087-0565-4dea-8ddf-e3b522a14368,2025-09-02,1
45B667A9-88F6-4F94-246E-08DD90A47962,38b41087-0565-4dea-8ddf-e3b522a14368,2025-09-03,1
6CB5F8B4-050D-4E8A-246F-08DD90A47962,38b41087-0565-4dea-8ddf-e3b522a14368,2025-09-04,1
420A6BC2-5753-481F-2470-08DD90A47962,38b41087-0565-4dea-8ddf-e3b522a14368,2025-09-05,1
1EDDC452-E195-4A9E-2471-08DD90A47962,38b41087-0565-4dea-8ddf-e3b522a14368,2025-09-06,1
C49D6762-F8DE-4B61-2472-08DD90A47962,38b41087-0565-4dea-8ddf-e3b522a14368,2025-09-07,1
E9AA6D3D-8EB0-4C58-68C6-08DD9107B8EC,43072b87-23d4-4ad6-88f8-7999ef3c86ca,2025-05-19,2
5AA3788D-F8F0-48B5-68C7-08DD9107B8EC,43072b87-23d4-4ad6-88f8-7999ef3c86ca,2025-05-20,2
23DA273E-DDE1-42DB-5E00-08DD910ACA53,43072b87-23d4-4ad6-88f8-7999ef3c86ca,2025-05-22,2
E8893294-4FF2-4F4E-1B02-08DD911F0810,477951d3-95b8-4933-ad3b-ae6f86eafc55,2025-05-25,2
E041EB52-0237-4615-6F07-08DD9141CCD9,4da65404-40f7-408c-8831-dec60d86d60b,2025-05-19,2
9417543D-2354-4FC2-6F08-08DD9141CCD9,144bc00f-b27f-49a9-8664-9bcd79ea6975,2025-05-22,2
A3C761E8-F44E-468E-6F09-08DD9141CCD9,144bc00f-b27f-49a9-8664-9bcd79ea6975,2025-05-23,2
A4976360-D172-46FC-6F0A-08DD9141CCD9,144bc00f-b27f-49a9-8664-9bcd79ea6975,2025-05-25,2
6055B046-39FA-4D2B-B71E-08DD91712E2B,57f57d9a-735a-4bcc-afb6-f2799bd738a4,2025-05-20,2
B9D3C498-3686-42F9-B71F-08DD91712E2B,57f57d9a-735a-4bcc-afb6-f2799bd738a4,2025-05-22,2
54AFC4C6-83F4-4143-B720-08DD91712E2B,57f57d9a-735a-4bcc-afb6-f2799bd738a4,2025-05-24,2
81B16513-FEF2-4875-B721-08DD91712E2B,57f57d9a-735a-4bcc-afb6-f2799bd738a4,2025-05-24,2
AB95B9E0-4789-4FB1-B722-08DD91712E2B,fa431862-6ab2-46f0-91f3-97ae1452fc85,2025-05-22,2
5F7CFBE2-D090-4712-B723-08DD91712E2B,fa431862-6ab2-46f0-91f3-97ae1452fc85,2025-05-25,2
33794BEF-3C45-48C8-2448-08DD918D619C,925fe8e4-a2de-433d-8c9d-b07fd34a8c36,2025-05-22,2
18135B17-D370-4446-244A-08DD918D619C,925fe8e4-a2de-433d-8c9d-b07fd34a8c36,2025-05-24,2
8EF82CB0-EC6A-4AD9-C60D-08DD92212F90,27e0791f-5767-4877-b1e4-c80aceb86623,2025-05-26,2
CA2699D0-45A6-44CD-C60E-08DD92212F90,27e0791f-5767-4877-b1e4-c80aceb86623,2025-05-28,2
43E13F29-57BC-4EA9-BC5B-08DD9239C2C7,9964c775-c7f7-42d2-9d2c-a75cb68487d1,2025-05-26,2
A9E923B6-AFE4-404A-C4A2-08DD92B8CA2A,f488e272-24db-42ce-9d36-80a013657223,2025-06-01,2
6ED6CC99-1A6A-4450-7A53-08DD9442B6FE,c71ec1ec-5e2b-4c33-8c89-de5897a207a6,2025-05-28,2
8A077796-1BE1-40E2-7A55-08DD9442B6FE,1b96029f-d249-4657-97e1-ce4086f265fc,2025-05-31,2
3693CFCD-7988-400E-7A56-08DD9442B6FE,1b96029f-d249-4657-97e1-ce4086f265fc,2025-06-01,2
C9AE94D6-E9ED-43BC-15E6-08DD946225B8,925fe8e4-a2de-433d-8c9d-b07fd34a8c36,2025-05-26,2
AABBA855-F838-4909-15E7-08DD946225B8,925fe8e4-a2de-433d-8c9d-b07fd34a8c36,2025-05-30,2
7338C207-D10C-4998-ABA9-08DD9469CB27,6663d684-ce88-47ff-a4f7-e40d3b82a13f,2025-05-27,2
1321FAD4-719E-41F3-98C6-08DD9475824D,f03ea971-0ec2-4be7-aae9-364f3922b741,2025-05-30,2
A0E3B15A-48AF-44B8-45D1-08DD94882318,0d2b5c5a-8a41-4997-ad20-a604731bb160,2025-07-25,2
4C51A659-14DF-4A68-45D2-08DD94882318,0d2b5c5a-8a41-4997-ad20-a604731bb160,2025-07-26,2
A2BED111-05AD-46D3-2863-08DD949FC214,b8eaaef1-8890-4d24-8c6c-3db23f8812a0,2025-05-28,2
FF829EE3-5D5D-4D63-0B5A-08DD950046E2,477951d3-95b8-4933-ad3b-ae6f86eafc55,2025-05-30,2
95F7F1AF-9E24-4EE5-8A0A-08DD95415952,fafe9819-8c58-4398-a1cc-77584270b6ed,2025-06-01,2
B4652FB3-5BAB-4638-B7A0-08DD9567984F,1b96029f-d249-4657-97e1-ce4086f265fc,2025-05-28,2
BF8A696D-EA86-460D-B7A1-08DD9567984F,1b96029f-d249-4657-97e1-ce4086f265fc,2025-05-28,2
8DD3DB28-8992-4A84-F10B-08DD95FC69B4,d71b50b4-750e-4644-9786-becc6520c6d7,2025-05-27,2
AF21D1C1-8B2E-48B1-F10C-08DD95FC69B4,d71b50b4-750e-4644-9786-becc6520c6d7,2025-05-29,2
BD5B872F-4E5C-4758-F10D-08DD95FC69B4,d71b50b4-750e-4644-9786-becc6520c6d7,2025-05-31,2
9D40BCF5-EA66-4239-A3E0-08DD96223DDA,1641a578-00b2-4973-955d-095bc254d709,2025-05-27,2
35834E1C-B5F6-4626-A3E1-08DD96223DDA,1641a578-00b2-4973-955d-095bc254d709,2025-05-28,2
A485E09E-87C2-4F5B-A3E2-08DD96223DDA,1641a578-00b2-4973-955d-095bc254d709,2025-06-10,2
2DBDA50D-7F50-4128-A3E3-08DD96223DDA,1641a578-00b2-4973-955d-095bc254d709,2025-06-15,2
B8256D1E-180D-4037-A3E4-08DD96223DDA,1641a578-00b2-4973-955d-095bc254d709,2025-06-14,2
7D8B91D7-3345-4887-74CF-08DD963EEEEE,925fe8e4-a2de-433d-8c9d-b07fd34a8c36,2025-05-28,2
D71BB9FA-92D4-4FDE-63D9-08DD9643A553,1ddcffe7-c2ad-4836-a35b-75b12da1d336,2025-05-27,2
7231E627-693E-48DA-63DA-08DD9643A553,1ddcffe7-c2ad-4836-a35b-75b12da1d336,2025-05-28,2
E122CD22-8D14-4B18-63DB-08DD9643A553,1ddcffe7-c2ad-4836-a35b-75b12da1d336,2025-05-29,2
EE29BA9F-7682-4BEE-63DC-08DD9643A553,6663d684-ce88-47ff-a4f7-e40d3b82a13f,2025-05-28,2
52629160-7D65-490A-63DD-08DD9643A553,ab577efb-8d05-4666-a51a-6b95edc5ec45,2025-05-28,2
DC521A9C-8730-4AA7-B384-08DD964AFEF2,8982ec1f-1303-4c68-a89f-db4b125e1e3b,2025-05-28,2
4145C933-899E-4BA3-B385-08DD964AFEF2,4d71f5cd-5e03-4e0e-b17d-593586b88b99,2025-05-28,2
5157F79D-3D70-4991-B386-08DD964AFEF2,4d71f5cd-5e03-4e0e-b17d-593586b88b99,2025-05-30,2
5D9A700D-79A3-4334-B387-08DD964AFEF2,8982ec1f-1303-4c68-a89f-db4b125e1e3b,2025-05-29,2
D7BEB182-9401-46D2-B388-08DD964AFEF2,fa431862-6ab2-46f0-91f3-97ae1452fc85,2025-05-28,2
34C87641-914E-4611-F56B-08DD969B189C,78732633-0af4-4912-9602-d3923d7c10d0,2025-05-28,2
536AB441-E3C9-4B69-A3D3-08DD96A727CB,c720feeb-93e1-4d88-b275-525f95f377ee,2025-06-20,2
EF2701E0-AE35-4F67-A3D4-08DD96A727CB,c720feeb-93e1-4d88-b275-525f95f377ee,2025-06-12,2
5D66E038-C679-49BB-A3D5-08DD96A727CB,95bf29ca-f6b4-4fbb-88b1-46de45dcf625,2025-05-29,1
C8EC6B67-FC68-4ED2-A3D6-08DD96A727CB,95bf29ca-f6b4-4fbb-88b1-46de45dcf625,2025-06-01,2
81E05408-3053-4559-A3D7-08DD96A727CB,57f57d9a-735a-4bcc-afb6-f2799bd738a4,2025-05-28,2
1F8463B9-10F8-4B5A-A3D8-08DD96A727CB,57f57d9a-735a-4bcc-afb6-f2799bd738a4,2025-05-29,2
11A1AEEE-BD14-47B3-A3D9-08DD96A727CB,57f57d9a-735a-4bcc-afb6-f2799bd738a4,2025-05-30,2
5FCACD67-36C8-4CF5-A3DA-08DD96A727CB,8b9bd17e-0e24-43f0-81f3-854b0464555f,2025-06-07,2
D237E63E-25A9-4AA0-A3DB-08DD96A727CB,fafe9819-8c58-4398-a1cc-77584270b6ed,2025-05-28,2
258F7DC5-EAB4-449A-BCB7-08DD96C13010,9964c775-c7f7-42d2-9d2c-a75cb68487d1,2025-05-28,2
13B01F0E-88DF-44BB-BCB8-08DD96C13010,4da65404-40f7-408c-8831-dec60d86d60b,2025-05-27,2
F57EC676-C5F1-421B-BCB9-08DD96C13010,4da65404-40f7-408c-8831-dec60d86d60b,2025-05-30,2
BF19EFA7-05B5-48DC-BCBA-08DD96C13010,4da65404-40f7-408c-8831-dec60d86d60b,2025-06-01,2
DE5776E9-7190-481A-DD76-08DD96EAA154,f538e494-84f3-4ea8-ae3b-f0f142294fbe,2025-05-28,1
1732B997-8CBE-4751-DD77-08DD96EAA154,f538e494-84f3-4ea8-ae3b-f0f142294fbe,2025-05-30,2
D67A8672-81B3-4FAA-DD78-08DD96EAA154,9b1e36ac-7e99-4109-b4c6-9a85c1bf7719,2025-05-28,2
4707C8FB-45C8-48D9-DD79-08DD96EAA154,43072b87-23d4-4ad6-88f8-7999ef3c86ca,2025-05-26,2
F6B7D967-4494-4E58-DD7A-08DD96EAA154,9b1e36ac-7e99-4109-b4c6-9a85c1bf7719,2025-05-31,2
A32C5A46-3695-42EB-DD7B-08DD96EAA154,43072b87-23d4-4ad6-88f8-7999ef3c86ca,2025-05-27,2
3B14D43C-183B-44FF-DD7C-08DD96EAA154,43072b87-23d4-4ad6-88f8-7999ef3c86ca,2025-05-30,2
2A5F66A9-CD81-4105-DD7D-08DD96EAA154,144bc00f-b27f-49a9-8664-9bcd79ea6975,2025-05-26,2
0D7E101E-0913-416B-DD7E-08DD96EAA154,1a75df7a-e558-47c6-8af0-033582318b99,2025-05-27,2
D0E977DD-52BB-47CF-DD7F-08DD96EAA154,1a75df7a-e558-47c6-8af0-033582318b99,2025-05-28,2
33D1354D-1F82-48D1-DD21-08DD971487A4,c280d18d-86b9-4bba-85e6-2c00472efd9d,2025-05-26,2
50C6642B-AEBF-49C4-DD22-08DD971487A4,c280d18d-86b9-4bba-85e6-2c00472efd9d,2025-05-29,2
46A5A911-3B74-433C-DD23-08DD971487A4,c280d18d-86b9-4bba-85e6-2c00472efd9d,2025-05-31,2
50827D0C-A769-4AA7-41D5-08DD978D86E5,b5ca6829-6ac9-4e18-96d7-3282ff6f3250,2025-05-30,1
F4BC0EEF-B9A8-4A20-5EEF-08DD9865D2C7,f488e272-24db-42ce-9d36-80a013657223,2025-06-03,2
A61FF459-2A6B-4211-3C09-08DD98F6B4DE,57f57d9a-735a-4bcc-afb6-f2799bd738a4,2025-06-07,2
F81B19C7-FF54-44DB-3C0A-08DD98F6B4DE,57f57d9a-735a-4bcc-afb6-f2799bd738a4,2025-06-08,2
64702618-07A8-4872-D25B-08DD98FC2A1B,477951d3-95b8-4933-ad3b-ae6f86eafc55,2025-06-02,2
2CF0CD42-9CCF-4CAE-D25C-08DD98FC2A1B,477951d3-95b8-4933-ad3b-ae6f86eafc55,2025-06-03,2
7797DC25-A5BB-41BB-D25D-08DD98FC2A1B,477951d3-95b8-4933-ad3b-ae6f86eafc55,2025-06-04,2
94266A38-6428-4BF6-D25E-08DD98FC2A1B,477951d3-95b8-4933-ad3b-ae6f86eafc55,2025-06-06,2
197DFFE6-CF1F-40B0-D25F-08DD98FC2A1B,57f57d9a-735a-4bcc-afb6-f2799bd738a4,2025-06-22,2
70691EE8-08C8-4F8B-D260-08DD98FC2A1B,57f57d9a-735a-4bcc-afb6-f2799bd738a4,2025-06-23,2
710612ED-7368-4F12-B1E1-08DD99299F2D,b8eaaef1-8890-4d24-8c6c-3db23f8812a0,2025-05-28,1
3D2DF0A2-5A67-487A-B1E2-08DD99299F2D,38b41087-0565-4dea-8ddf-e3b522a14368,2025-06-27,2
F2C24CF2-7237-4998-8577-08DD99301367,95bf29ca-f6b4-4fbb-88b1-46de45dcf625,2025-06-03,2
EB9CF155-5519-4363-8578-08DD99301367,95bf29ca-f6b4-4fbb-88b1-46de45dcf625,2025-06-07,1
8056E4C6-6027-4D50-8579-08DD99301367,95bf29ca-f6b4-4fbb-88b1-46de45dcf625,2025-06-08,1
1749CA42-6EB8-4904-857A-08DD99301367,95bf29ca-f6b4-4fbb-88b1-46de45dcf625,2025-06-09,1
ECA79A63-9F7B-46B7-857B-08DD99301367,9249db54-a23a-48e5-847d-cae130c90544,2025-06-07,2
849EC996-93F8-455F-857C-08DD99301367,0d2b5c5a-8a41-4997-ad20-a604731bb160,2025-06-07,2
E5FEC327-74C0-460B-889F-08DD99DB0E98,57f57d9a-735a-4bcc-afb6-f2799bd738a4,2025-06-05,2
7B866EB4-0CE8-4D02-88A0-08DD99DB0E98,78732633-0af4-4912-9602-d3923d7c10d0,2025-06-05,2
15397D32-F384-4436-88A1-08DD99DB0E98,78732633-0af4-4912-9602-d3923d7c10d0,2025-06-15,2
958E9D31-29CA-407E-4F75-08DD9AACE20B,7afecb62-aa18-4106-a82b-a906fa7e488d,2025-06-03,2
DB64372C-C359-4DA1-9DB3-08DD9AC86DDA,b8eaaef1-8890-4d24-8c6c-3db23f8812a0,2025-06-02,2
AC02BD72-C5AF-47B7-9DB4-08DD9AC86DDA,b8eaaef1-8890-4d24-8c6c-3db23f8812a0,2025-06-08,2
0DEA86C5-5A6C-4A32-0229-08DD9AE125F0,fa431862-6ab2-46f0-91f3-97ae1452fc85,2025-08-04,1
1C18911B-A02F-4214-022A-08DD9AE125F0,fa431862-6ab2-46f0-91f3-97ae1452fc85,2025-08-05,1
A33F0E27-8022-4DA9-022B-08DD9AE125F0,fa431862-6ab2-46f0-91f3-97ae1452fc85,2025-08-06,1
C5AD7B8E-0498-49CC-022C-08DD9AE125F0,fa431862-6ab2-46f0-91f3-97ae1452fc85,2025-08-07,1
5D052D13-4297-4019-022D-08DD9AE125F0,fa431862-6ab2-46f0-91f3-97ae1452fc85,2025-08-08,1
79F8E702-189A-40E6-022E-08DD9AE125F0,fa431862-6ab2-46f0-91f3-97ae1452fc85,2025-08-09,1
8A2F195F-B392-401E-022F-08DD9AE125F0,fa431862-6ab2-46f0-91f3-97ae1452fc85,2025-08-10,1
8F6D0CCD-5DDB-4ECF-0230-08DD9AE125F0,fa431862-6ab2-46f0-91f3-97ae1452fc85,2025-08-11,1
D357F7C4-9078-4AFD-0231-08DD9AE125F0,fa431862-6ab2-46f0-91f3-97ae1452fc85,2025-08-12,1
D427A678-6759-462D-0232-08DD9AE125F0,fa431862-6ab2-46f0-91f3-97ae1452fc85,2025-08-13,1
E4AE3EAF-1F14-4ADD-0233-08DD9AE125F0,fa431862-6ab2-46f0-91f3-97ae1452fc85,2025-08-14,1
6CC004C0-B624-499A-0234-08DD9AE125F0,fa431862-6ab2-46f0-91f3-97ae1452fc85,2025-08-15,1
8932C8F4-7F12-4BA8-0235-08DD9AE125F0,fa431862-6ab2-46f0-91f3-97ae1452fc85,2025-08-16,1
76E8F020-97B7-4E53-0236-08DD9AE125F0,fa431862-6ab2-46f0-91f3-97ae1452fc85,2025-08-17,1
F0D7B03F-6A17-4BDA-3641-08DD9B03FA34,1ddcffe7-c2ad-4836-a35b-75b12da1d336,2025-06-07,2
00FECB79-16FD-43C1-3642-08DD9B03FA34,1ddcffe7-c2ad-4836-a35b-75b12da1d336,2025-06-08,2
444E957F-BE84-48F7-DC6D-08DD9B4E95D7,4d71f5cd-5e03-4e0e-b17d-593586b88b99,2025-06-04,2
5F668F81-DAED-473E-DC6E-08DD9B4E95D7,4d71f5cd-5e03-4e0e-b17d-593586b88b99,2025-06-06,2
4CBFE77F-B6F9-4D81-DC6F-08DD9B4E95D7,4d71f5cd-5e03-4e0e-b17d-593586b88b99,2025-06-07,1
FCF796D5-E638-4458-DC70-08DD9B4E95D7,4d71f5cd-5e03-4e0e-b17d-593586b88b99,2025-06-08,1
45DB61CF-9788-4599-DC71-08DD9B4E95D7,9964c775-c7f7-42d2-9d2c-a75cb68487d1,2025-06-03,2
5561219B-C870-4B43-DC72-08DD9B4E95D7,9964c775-c7f7-42d2-9d2c-a75cb68487d1,2025-06-07,2
49127C66-96B1-4683-DC73-08DD9B4E95D7,f03ea971-0ec2-4be7-aae9-364f3922b741,2025-06-03,2
B87EBF4C-D29D-45FE-DC74-08DD9B4E95D7,9964c775-c7f7-42d2-9d2c-a75cb68487d1,2025-06-08,2
5A7A2CB0-542E-40CA-1402-08DD9B934597,ab577efb-8d05-4666-a51a-6b95edc5ec45,2025-06-03,2
1558B2C5-BF91-488E-1403-08DD9B934597,ab577efb-8d05-4666-a51a-6b95edc5ec45,2025-06-04,2
AFC66638-210A-43F7-1404-08DD9B934597,ab577efb-8d05-4666-a51a-6b95edc5ec45,2025-06-05,2
5C1DF153-4744-4C89-0BF3-08DD9BA7F23A,1b96029f-d249-4657-97e1-ce4086f265fc,2025-06-05,2
63C68F89-83AA-4244-0BF4-08DD9BA7F23A,1b96029f-d249-4657-97e1-ce4086f265fc,2025-06-07,2
D6807FD1-6A59-4BB8-4A3F-08DD9BAB1651,1b96029f-d249-4657-97e1-ce4086f265fc,2025-06-08,2
8CC05444-C99C-4168-4A40-08DD9BAB1651,d71b50b4-750e-4644-9786-becc6520c6d7,2025-06-03,2
5E2B981A-9403-4DDB-4A41-08DD9BAB1651,d71b50b4-750e-4644-9786-becc6520c6d7,2025-06-04,2
630D3D8D-589E-40D9-4A42-08DD9BAB1651,d71b50b4-750e-4644-9786-becc6520c6d7,2025-06-06,2
28BC0144-345D-4387-4A43-08DD9BAB1651,d71b50b4-750e-4644-9786-becc6520c6d7,2025-06-07,2
40F54723-2EF6-4602-C66D-08DD9BBA56CC,fafe9819-8c58-4398-a1cc-77584270b6ed,2025-06-07,2
E56F5E47-1007-43B0-BFF6-08DD9C36621E,144bc00f-b27f-49a9-8664-9bcd79ea6975,2025-06-05,2
AECEFE3E-95EB-4829-BFF7-08DD9C36621E,144bc00f-b27f-49a9-8664-9bcd79ea6975,2025-06-07,2
D68F671A-C729-4320-BFF8-08DD9C36621E,fa431862-6ab2-46f0-91f3-97ae1452fc85,2025-06-06,2
EF948250-9CD4-4913-A866-08DD9C71E64E,1a75df7a-e558-47c6-8af0-033582318b99,2025-06-06,2
370FD8A5-63AC-4F8A-A867-08DD9C71E64E,1a75df7a-e558-47c6-8af0-033582318b99,2025-06-07,2
3C49EC1C-D143-46CA-3F44-08DD9C7C77A4,43072b87-23d4-4ad6-88f8-7999ef3c86ca,2025-06-03,2
A9A6CB21-4EA8-4467-3F45-08DD9C7C77A4,43072b87-23d4-4ad6-88f8-7999ef3c86ca,2025-06-04,2
0E143009-5839-488F-3F46-08DD9C7C77A4,43072b87-23d4-4ad6-88f8-7999ef3c86ca,2025-06-08,2
F2FC4DB5-02EC-4269-48E7-08DD9CEE4D3F,95bf29ca-f6b4-4fbb-88b1-46de45dcf625,2025-06-10,2
FA877DAD-8BC2-4DC6-48E8-08DD9CEE4D3F,95bf29ca-f6b4-4fbb-88b1-46de45dcf625,2025-06-05,2
A50962BD-5A4E-49E0-75AF-08DD9D2B436F,c5ce5a45-2b0a-40ff-a82f-ea5df6501805,2025-06-07,2
98B41BDF-84EF-46BE-75B0-08DD9D2B436F,c5ce5a45-2b0a-40ff-a82f-ea5df6501805,2025-06-07,2
1229E7D4-B3D7-41EB-75B1-08DD9D2B436F,c5ce5a45-2b0a-40ff-a82f-ea5df6501805,2025-06-08,2
F588DE84-99A5-4BC4-A55D-08DD9DB5F2DE,78732633-0af4-4912-9602-d3923d7c10d0,2025-07-25,2
66D469C9-8BBC-4BC9-8133-08DD9DD33B17,6548dfd4-e2fb-4d11-8745-1f62d8dd322c,2025-05-29,1
FAEA0958-B40E-4B74-8134-08DD9DD33B17,6548dfd4-e2fb-4d11-8745-1f62d8dd322c,2025-05-30,1
6F5D6992-8E39-4131-8135-08DD9DD33B17,6548dfd4-e2fb-4d11-8745-1f62d8dd322c,2025-05-31,1
85A537C8-DB87-4E91-8136-08DD9DD33B17,6548dfd4-e2fb-4d11-8745-1f62d8dd322c,2025-06-01,1
CD415A8D-C6E9-4F41-8137-08DD9DD33B17,6548dfd4-e2fb-4d11-8745-1f62d8dd322c,2025-06-02,1
D43183D0-BEB7-4D84-8138-08DD9DD33B17,6548dfd4-e2fb-4d11-8745-1f62d8dd322c,2025-06-03,1
5FC5805D-8A86-42E8-8139-08DD9DD33B17,6548dfd4-e2fb-4d11-8745-1f62d8dd322c,2025-06-04,1
EE183126-717F-4FC8-813A-08DD9DD33B17,6548dfd4-e2fb-4d11-8745-1f62d8dd322c,2025-06-05,1
F6EAD21B-23F8-4778-813B-08DD9DD33B17,6548dfd4-e2fb-4d11-8745-1f62d8dd322c,2025-06-06,1
81EFF3B2-C89A-43E3-813C-08DD9DD33B17,6548dfd4-e2fb-4d11-8745-1f62d8dd322c,2025-06-07,1
0F0C18C1-5992-4861-813D-08DD9DD33B17,6548dfd4-e2fb-4d11-8745-1f62d8dd322c,2025-06-08,1
E0AB23B7-F8AA-42F3-813E-08DD9DD33B17,6548dfd4-e2fb-4d11-8745-1f62d8dd322c,2025-06-09,1
3AA1854A-9B4A-4C22-813F-08DD9DD33B17,6548dfd4-e2fb-4d11-8745-1f62d8dd322c,2025-06-10,1
FBC52D7D-D3B4-432F-8140-08DD9DD33B17,6548dfd4-e2fb-4d11-8745-1f62d8dd322c,2025-06-11,1
0AA03602-96DD-4E06-8141-08DD9DD33B17,6548dfd4-e2fb-4d11-8745-1f62d8dd322c,2025-06-12,1
AF5F6D68-4445-4709-8142-08DD9DD33B17,6548dfd4-e2fb-4d11-8745-1f62d8dd322c,2025-06-13,1
27B1175A-8004-4A66-C4D4-08DD9E88E586,0fac737b-0e61-46db-a27a-52730d65cb9a,2025-06-07,2
846C1552-93DC-4B2E-0DFA-08DD9F7738A8,1a75df7a-e558-47c6-8af0-033582318b99,2025-06-10,2
87907160-D494-4BE7-0DFB-08DD9F7738A8,1a75df7a-e558-47c6-8af0-033582318b99,2025-06-11,2
2150E4BD-1E23-45F1-F013-08DDA01895C8,b5ca6829-6ac9-4e18-96d7-3282ff6f3250,2025-06-12,2
1D93A58F-993F-41B8-3282-08DDA0468FDD,9964c775-c7f7-42d2-9d2c-a75cb68487d1,2025-06-14,2
F6043837-8856-435E-3283-08DDA0468FDD,9964c775-c7f7-42d2-9d2c-a75cb68487d1,2025-06-15,2
B9A8A1FD-2098-4E84-881E-08DDA06CEDA0,b8eaaef1-8890-4d24-8c6c-3db23f8812a0,2025-06-11,2
71D3E29A-7856-4E29-C8B2-08DDA0B5426B,d71b50b4-750e-4644-9786-becc6520c6d7,2025-06-09,2
1FAE60E6-4D9A-4F03-C8B3-08DDA0B5426B,d71b50b4-750e-4644-9786-becc6520c6d7,2025-06-10,2
A39B280B-78FE-4FB2-C8B4-08DDA0B5426B,d71b50b4-750e-4644-9786-becc6520c6d7,2025-06-14,2
939FAF83-B6F8-40F0-B522-08DDA0FAE1F2,43072b87-23d4-4ad6-88f8-7999ef3c86ca,2025-06-09,2
B7DF6654-8135-4AAE-B523-08DDA0FAE1F2,43072b87-23d4-4ad6-88f8-7999ef3c86ca,2025-06-11,2
4924F4FF-12A3-4B39-B524-08DDA0FAE1F2,43072b87-23d4-4ad6-88f8-7999ef3c86ca,2025-06-12,2
8D427A6E-8619-4F9B-D0CC-08DDA104558C,477951d3-95b8-4933-ad3b-ae6f86eafc55,2025-06-11,2
355F692F-A601-43A8-95BF-08DDA19C5261,ab577efb-8d05-4666-a51a-6b95edc5ec45,2025-06-09,2
F5C1E84C-369D-4D83-95C0-08DDA19C5261,ab577efb-8d05-4666-a51a-6b95edc5ec45,2025-06-11,2
424D9371-C245-4406-95C1-08DDA19C5261,ab577efb-8d05-4666-a51a-6b95edc5ec45,2025-06-14,2
A19EC77F-365A-4EAA-5A77-08DDA1AF1463,6663d684-ce88-47ff-a4f7-e40d3b82a13f,2025-06-14,2
D7493BFB-888C-4353-48FB-08DDA1BE07DC,c280d18d-86b9-4bba-85e6-2c00472efd9d,2025-06-10,2
B687A340-E7E8-48CF-48FC-08DDA1BE07DC,c280d18d-86b9-4bba-85e6-2c00472efd9d,2025-06-12,2
6B705AE1-82A1-4DF8-48FD-08DDA1BE07DC,c280d18d-86b9-4bba-85e6-2c00472efd9d,2025-06-13,2
5E2FA266-D541-427D-5512-08DDA1D20254,f488e272-24db-42ce-9d36-80a013657223,2025-07-02,2
D9302917-8A40-4778-49F3-08DDA1E2DA7D,f488e272-24db-42ce-9d36-80a013657223,2025-07-30,2
B8AEED89-4650-47B6-7FF7-08DDA20C177E,57f57d9a-735a-4bcc-afb6-f2799bd738a4,2025-06-10,2
307710FB-642D-4DEC-7FF8-08DDA20C177E,57f57d9a-735a-4bcc-afb6-f2799bd738a4,2025-06-12,2
7901B0BB-D8F7-4325-7FF9-08DDA20C177E,57f57d9a-735a-4bcc-afb6-f2799bd738a4,2025-06-14,2
C876DDEE-C45C-4A35-7FFA-08DDA20C177E,57f57d9a-735a-4bcc-afb6-f2799bd738a4,2025-06-15,2
7467770B-53A9-42A2-9F00-08DDA294BCDB,144bc00f-b27f-49a9-8664-9bcd79ea6975,2025-06-16,2
36BD3C84-83FE-48A6-9F01-08DDA294BCDB,144bc00f-b27f-49a9-8664-9bcd79ea6975,2025-06-18,2
387D37A7-9F58-4E33-9F02-08DDA294BCDB,144bc00f-b27f-49a9-8664-9bcd79ea6975,2025-06-20,2
2D9D3FC1-817A-4812-8306-08DDA29ECD58,57f57d9a-735a-4bcc-afb6-f2799bd738a4,2025-06-18,2
B8CE1F4A-48F7-4588-8307-08DDA29ECD58,57f57d9a-735a-4bcc-afb6-f2799bd738a4,2025-06-20,2
04B98EA6-264C-46CB-1999-08DDA2B6A0CB,38b41087-0565-4dea-8ddf-e3b522a14368,2025-06-23,2
98DAE3C1-6E92-4B96-199A-08DDA2B6A0CB,38b41087-0565-4dea-8ddf-e3b522a14368,2025-06-24,2
6787DC82-3A77-4A39-199B-08DDA2B6A0CB,38b41087-0565-4dea-8ddf-e3b522a14368,2025-06-18,2
765A1A81-675C-4811-199C-08DDA2B6A0CB,38b41087-0565-4dea-8ddf-e3b522a14368,2025-06-19,2
B48D19F0-AE11-4006-DF6F-08DDA346D1A6,157e4c9d-980e-4897-ad5f-f4c5c301f195,2025-06-12,1
BD2108D3-17A0-405A-DF70-08DDA346D1A6,157e4c9d-980e-4897-ad5f-f4c5c301f195,2025-06-13,1
1AAEA644-B90A-48BB-DF71-08DDA346D1A6,157e4c9d-980e-4897-ad5f-f4c5c301f195,2025-06-14,1
26C20919-8B91-4553-DF72-08DDA346D1A6,157e4c9d-980e-4897-ad5f-f4c5c301f195,2025-06-15,1
FF124FAC-EA99-4F72-DF73-08DDA346D1A6,157e4c9d-980e-4897-ad5f-f4c5c301f195,2025-06-16,1
816EA17D-8750-44A0-DF74-08DDA346D1A6,157e4c9d-980e-4897-ad5f-f4c5c301f195,2025-06-17,1
ADC477B7-804D-488A-DF75-08DDA346D1A6,157e4c9d-980e-4897-ad5f-f4c5c301f195,2025-06-05,1
AFF1316F-425A-46A2-DF77-08DDA346D1A6,27e0791f-5767-4877-b1e4-c80aceb86623,2025-06-20,1
09D0B69F-5725-461D-DF78-08DDA346D1A6,27e0791f-5767-4877-b1e4-c80aceb86623,2025-06-21,1
6612EAFD-CA32-4D85-DF79-08DDA346D1A6,27e0791f-5767-4877-b1e4-c80aceb86623,2025-06-22,1
97364C05-13F5-4F33-DF7A-08DDA346D1A6,27e0791f-5767-4877-b1e4-c80aceb86623,2025-06-23,1
8CC38225-F413-45F8-DF7B-08DDA346D1A6,27e0791f-5767-4877-b1e4-c80aceb86623,2025-06-24,1
5AED60C0-5ECC-419F-DF7C-08DDA346D1A6,27e0791f-5767-4877-b1e4-c80aceb86623,2025-06-25,1
C838B2F7-63AD-463F-DF7D-08DDA346D1A6,27e0791f-5767-4877-b1e4-c80aceb86623,2025-06-26,1
FC5AAA4A-A501-4DAF-DF7E-08DDA346D1A6,27e0791f-5767-4877-b1e4-c80aceb86623,2025-06-27,1
D9B5104A-767F-4A7C-DF7F-08DDA346D1A6,27e0791f-5767-4877-b1e4-c80aceb86623,2025-06-28,1
D88870A0-B7D5-4944-DF80-08DDA346D1A6,27e0791f-5767-4877-b1e4-c80aceb86623,2025-08-02,1
E4ADBC0B-1307-4BBC-DF81-08DDA346D1A6,27e0791f-5767-4877-b1e4-c80aceb86623,2025-08-03,1
67AD7322-5E32-4139-DF82-08DDA346D1A6,27e0791f-5767-4877-b1e4-c80aceb86623,2025-08-04,1
FCB78B9B-BFEA-4B62-DF83-08DDA346D1A6,27e0791f-5767-4877-b1e4-c80aceb86623,2025-08-05,1
E51B5274-CCE9-43EA-DF84-08DDA346D1A6,27e0791f-5767-4877-b1e4-c80aceb86623,2025-08-06,1
FC51ABB3-F742-4B3F-DF85-08DDA346D1A6,27e0791f-5767-4877-b1e4-c80aceb86623,2025-08-07,1
ED9D26D8-8D96-4D41-DF86-08DDA346D1A6,27e0791f-5767-4877-b1e4-c80aceb86623,2025-08-08,1
E436FDEA-AE05-4FFE-DF87-08DDA346D1A6,27e0791f-5767-4877-b1e4-c80aceb86623,2025-08-09,1
EBCAC53C-8BBB-4761-DF88-08DDA346D1A6,27e0791f-5767-4877-b1e4-c80aceb86623,2025-08-10,1
75A78C0E-0C70-4609-DF89-08DDA346D1A6,27e0791f-5767-4877-b1e4-c80aceb86623,2025-08-11,1
484D02D2-090F-459B-DF8A-08DDA346D1A6,27e0791f-5767-4877-b1e4-c80aceb86623,2025-08-12,1
98FE1988-C80F-43D6-DF8B-08DDA346D1A6,27e0791f-5767-4877-b1e4-c80aceb86623,2025-08-13,1
EBF5CA9E-C3D8-4FF4-DF8C-08DDA346D1A6,27e0791f-5767-4877-b1e4-c80aceb86623,2025-08-14,1
4630A250-EA1C-4458-DF8D-08DDA346D1A6,27e0791f-5767-4877-b1e4-c80aceb86623,2025-08-15,1
6E936530-0312-4E88-DF8E-08DDA346D1A6,27e0791f-5767-4877-b1e4-c80aceb86623,2025-08-16,1
E2FA8036-61BB-46F2-ECC7-08DDA3A5814D,925fe8e4-a2de-433d-8c9d-b07fd34a8c36,2025-06-20,2
4702C76E-27B9-4CC5-ECC8-08DDA3A5814D,925fe8e4-a2de-433d-8c9d-b07fd34a8c36,2025-06-22,2
31E2C9F5-88CE-45A9-ECC9-08DDA3A5814D,925fe8e4-a2de-433d-8c9d-b07fd34a8c36,2025-06-25,2
6D259491-BEC2-49C6-ECCA-08DDA3A5814D,925fe8e4-a2de-433d-8c9d-b07fd34a8c36,2025-06-26,2
CB94B5AA-14A3-43C6-ECCB-08DDA3A5814D,925fe8e4-a2de-433d-8c9d-b07fd34a8c36,2025-06-28,2
6327565A-1651-448A-ECCC-08DDA3A5814D,925fe8e4-a2de-433d-8c9d-b07fd34a8c36,2025-07-05,2
D6A84E81-04AB-402F-ECCD-08DDA3A5814D,925fe8e4-a2de-433d-8c9d-b07fd34a8c36,2025-07-06,2
58542F5C-3AE4-4AF4-134C-08DDA431AC3C,c720feeb-93e1-4d88-b275-525f95f377ee,2025-06-27,2
75D30EB3-4E68-44B8-5095-08DDA4E1566F,1a75df7a-e558-47c6-8af0-033582318b99,2025-06-27,2
95BC7027-2A46-40EB-5096-08DDA4E1566F,1a75df7a-e558-47c6-8af0-033582318b99,2025-07-07,2
7E83CAA3-AC33-4049-5097-08DDA4E1566F,1a75df7a-e558-47c6-8af0-033582318b99,2025-06-25,2
383AFAF3-ABF4-4913-6B4F-08DDA4F136F9,4d71f5cd-5e03-4e0e-b17d-593586b88b99,2025-06-22,1
F1C7A18C-A766-4D02-F729-08DDA5111346,57f57d9a-735a-4bcc-afb6-f2799bd738a4,2025-06-28,2
C3A5800D-97E5-47E8-F72A-08DDA5111346,57f57d9a-735a-4bcc-afb6-f2799bd738a4,2025-06-29,2
8FCE0121-69F6-4371-F72B-08DDA5111346,c71ec1ec-5e2b-4c33-8c89-de5897a207a6,2025-06-16,2
D3D5B30B-D09B-4277-C9ED-08DDA5AD3299,1ddcffe7-c2ad-4836-a35b-75b12da1d336,2025-06-26,2
5D124701-6B37-4BC2-C9EE-08DDA5AD3299,1ddcffe7-c2ad-4836-a35b-75b12da1d336,2025-06-20,2
30C5736F-F4D6-4A9A-C9EF-08DDA5AD3299,1ddcffe7-c2ad-4836-a35b-75b12da1d336,2025-06-21,2
6D793D91-E357-4256-C9F0-08DDA5AD3299,1ddcffe7-c2ad-4836-a35b-75b12da1d336,2025-06-21,2
D0C11913-4E25-4E71-F0AB-08DDA5BD7F4B,2c075776-4fd8-49f3-b781-7842bd8156de,2025-06-16,2
89B5A0B8-6416-44FF-151B-08DDA6175F0A,413e6437-7712-4672-8d5f-80a6c94ef119,2025-06-21,2
2741E028-4AD2-4E21-5876-08DDA64F0BE6,477951d3-95b8-4933-ad3b-ae6f86eafc55,2025-06-16,2
7B6A01A6-70F7-48CC-5877-08DDA64F0BE6,477951d3-95b8-4933-ad3b-ae6f86eafc55,2025-06-22,2
A2D1018E-121F-4EB9-C469-08DDA680088B,1b96029f-d249-4657-97e1-ce4086f265fc,2025-06-18,2
C8D0EC12-E2FB-4CB6-C46A-08DDA680088B,1b96029f-d249-4657-97e1-ce4086f265fc,2025-06-21,2
A451863C-7CF3-4C1E-C46B-08DDA680088B,1b96029f-d249-4657-97e1-ce4086f265fc,2025-06-17,2
5ABAB272-2D17-48D5-D606-08DDA6CC0D45,4da65404-40f7-408c-8831-dec60d86d60b,2025-06-18,2
80937666-8094-43D6-D607-08DDA6CC0D45,4da65404-40f7-408c-8831-dec60d86d60b,2025-06-22,2
33AB9B6B-2E41-47A7-DB0C-08DDA715F9B0,c5ce5a45-2b0a-40ff-a82f-ea5df6501805,2025-06-21,2
B967528F-BC6F-4F53-DB0D-08DDA715F9B0,c5ce5a45-2b0a-40ff-a82f-ea5df6501805,2025-06-19,2
D8B36DB5-DE76-4EB9-116A-08DDA71E8C3E,d71b50b4-750e-4644-9786-becc6520c6d7,2025-06-17,1
6329345E-2C30-434F-116B-08DDA71E8C3E,d71b50b4-750e-4644-9786-becc6520c6d7,2025-06-16,2
A92690A7-E44C-4A03-116C-08DDA71E8C3E,d71b50b4-750e-4644-9786-becc6520c6d7,2025-06-20,2
483254B2-99C4-4AB3-116D-08DDA71E8C3E,d71b50b4-750e-4644-9786-becc6520c6d7,2025-06-21,2
20B42072-0C06-48BA-116E-08DDA71E8C3E,27e0791f-5767-4877-b1e4-c80aceb86623,2025-06-16,2
34E12D7F-F477-4E32-B017-08DDA756BA84,b8eaaef1-8890-4d24-8c6c-3db23f8812a0,2025-06-20,2
75B9D9B3-038D-4ED2-FBCF-08DDA76D2145,43072b87-23d4-4ad6-88f8-7999ef3c86ca,2025-06-16,2
1A77B25A-4E66-4326-FBD0-08DDA76D2145,0fac737b-0e61-46db-a27a-52730d65cb9a,2025-06-16,2
C9E1EF61-6C1C-488B-FBD1-08DDA76D2145,0fac737b-0e61-46db-a27a-52730d65cb9a,2025-06-19,2
CA0E3A56-87D4-401E-FBD2-08DDA76D2145,0fac737b-0e61-46db-a27a-52730d65cb9a,2025-06-21,2
21613B63-F330-4DC2-FBD3-08DDA76D2145,1ddcffe7-c2ad-4836-a35b-75b12da1d336,2025-06-16,2
71392972-8286-4666-FBD4-08DDA76D2145,1ddcffe7-c2ad-4836-a35b-75b12da1d336,2025-06-17,2
2C57D118-1D7B-4CFA-3344-08DDA77F1330,c280d18d-86b9-4bba-85e6-2c00472efd9d,2025-06-21,2
4F6C05A7-DEFF-4FFA-F903-08DDA7F14806,57f57d9a-735a-4bcc-afb6-f2799bd738a4,2025-07-05,2
66745072-AD65-4ED7-F904-08DDA7F14806,57f57d9a-735a-4bcc-afb6-f2799bd738a4,2025-07-06,2
0B9EE088-278F-499F-7D4D-08DDA80C6ABB,95bf29ca-f6b4-4fbb-88b1-46de45dcf625,2025-06-29,2
CBFFD52B-84E9-49DB-B169-08DDA83883E0,925fe8e4-a2de-433d-8c9d-b07fd34a8c36,2025-06-23,2
EE6196C0-1A46-4A56-0D9C-08DDA842B363,b5ca6829-6ac9-4e18-96d7-3282ff6f3250,2025-07-03,2
7A9D2AAF-C5CD-4357-0D9D-08DDA842B363,b5ca6829-6ac9-4e18-96d7-3282ff6f3250,2025-07-09,2
E9015D92-B5E3-4FAD-0D9E-08DDA842B363,b5ca6829-6ac9-4e18-96d7-3282ff6f3250,2025-07-10,2
262BF7AF-7F9C-49CE-0D9F-08DDA842B363,b5ca6829-6ac9-4e18-96d7-3282ff6f3250,2025-08-01,2
56724615-C8BC-4B2B-0DA0-08DDA842B363,b5ca6829-6ac9-4e18-96d7-3282ff6f3250,2025-08-26,2
90877654-BCDA-4CD8-1BE7-08DDA85A73C8,413e6437-7712-4672-8d5f-80a6c94ef119,2025-08-15,2
85BAE98A-52F7-4513-1BE9-08DDA85A73C8,413e6437-7712-4672-8d5f-80a6c94ef119,2025-08-17,2
8122FA24-9E3B-4D72-1BEA-08DDA85A73C8,413e6437-7712-4672-8d5f-80a6c94ef119,2025-08-16,2
CE8D6798-F4A1-42DE-A0AB-08DDA8B04623,c71ec1ec-5e2b-4c33-8c89-de5897a207a6,2025-06-30,2
0E9E7FCD-9506-4190-A0AC-08DDA8B04623,1641a578-00b2-4973-955d-095bc254d709,2025-09-03,1
95D7D0C2-05B1-43D9-A0AD-08DDA8B04623,1641a578-00b2-4973-955d-095bc254d709,2025-09-04,1
04779F05-5AA5-4FD6-A0AE-08DDA8B04623,1641a578-00b2-4973-955d-095bc254d709,2025-09-05,1
667103C3-C610-4BAE-A0AF-08DDA8B04623,1641a578-00b2-4973-955d-095bc254d709,2025-09-06,1
25368F7C-6B7C-49BD-A0B0-08DDA8B04623,1641a578-00b2-4973-955d-095bc254d709,2025-09-07,1
C802F3EB-73AE-4652-A0B1-08DDA8B04623,1641a578-00b2-4973-955d-095bc254d709,2025-09-08,1
28C6BEE3-5059-4F2D-A0B2-08DDA8B04623,1641a578-00b2-4973-955d-095bc254d709,2025-09-09,1
597BC7AE-4599-4ACD-A0B3-08DDA8B04623,1641a578-00b2-4973-955d-095bc254d709,2025-09-10,1
6DF5F6DC-0D03-4B24-202C-08DDA8CD2660,144bc00f-b27f-49a9-8664-9bcd79ea6975,2025-06-23,2
98A6389A-8D27-473A-6012-08DDA9ADB855,1a75df7a-e558-47c6-8af0-033582318b99,2025-06-24,2
5552FF5D-D0DB-48AA-C543-08DDA9D2B9EC,1ddcffe7-c2ad-4836-a35b-75b12da1d336,2025-06-24,2
F5D4EA6C-F432-46E5-C544-08DDA9D2B9EC,1ddcffe7-c2ad-4836-a35b-75b12da1d336,2025-06-25,2
D4B9F5C3-8457-401D-B388-08DDAA413C17,4d71f5cd-5e03-4e0e-b17d-593586b88b99,2025-06-25,2
45F165FF-B2AC-4744-5F99-08DDAA7A1C2A,c720feeb-93e1-4d88-b275-525f95f377ee,2025-07-07,2
EADFF709-46DE-480F-5F9A-08DDAA7A1C2A,c720feeb-93e1-4d88-b275-525f95f377ee,2025-07-10,2
C28B08F8-BC52-415C-5F9B-08DDAA7A1C2A,c720feeb-93e1-4d88-b275-525f95f377ee,2025-07-11,2
5C1442A1-5292-4AA8-2A76-08DDAB125468,57f57d9a-735a-4bcc-afb6-f2799bd738a4,2025-06-26,2
6A566E17-9671-4E5C-3037-08DDAB3F1A9E,10005f55-8589-4836-800d-4b8bba0bf675,2025-06-25,2
4B5567E6-44DF-49BB-3038-08DDAB3F1A9E,10005f55-8589-4836-800d-4b8bba0bf675,2025-06-26,2
D92C9ECD-D43C-4060-84AA-08DDACA52183,0fac737b-0e61-46db-a27a-52730d65cb9a,2025-06-23,1
04D6D516-EFF9-4B8F-EE58-08DDACBFB299,2320cb1b-d64f-4486-aabe-9754c12a1d06,2025-06-24,2
AF013C7F-5E04-4014-EE59-08DDACBFB299,2320cb1b-d64f-4486-aabe-9754c12a1d06,2025-06-25,2
734296D5-CA86-4D71-5A3D-08DDADDC0158,23585a8f-5bb9-44d7-a5f9-d7498c60ab2c,2025-09-30,2
249FEF82-CF22-4C65-82A3-08DDAE4147CE,1a75df7a-e558-47c6-8af0-033582318b99,2025-08-17,1
36181ADE-3DCD-44BF-82A4-08DDAE4147CE,1a75df7a-e558-47c6-8af0-033582318b99,2025-08-18,1
EDE80F4C-BF7E-43D9-82A5-08DDAE4147CE,1a75df7a-e558-47c6-8af0-033582318b99,2025-08-19,1
089DD00F-5851-4418-82A6-08DDAE4147CE,1a75df7a-e558-47c6-8af0-033582318b99,2025-08-20,1
33B0F6A7-4297-425A-82A7-08DDAE4147CE,1a75df7a-e558-47c6-8af0-033582318b99,2025-08-21,1
C6A1D279-B3A6-49F6-82A8-08DDAE4147CE,1a75df7a-e558-47c6-8af0-033582318b99,2025-08-22,1
3FBDFD16-3F4F-4610-82A9-08DDAE4147CE,1a75df7a-e558-47c6-8af0-033582318b99,2025-08-23,1
FEB4F345-1D07-41BC-82AA-08DDAE4147CE,1a75df7a-e558-47c6-8af0-033582318b99,2025-08-24,1
97F4E4F7-E164-47A2-9AD6-08DDAE4B2116,8b9bd17e-0e24-43f0-81f3-854b0464555f,2025-07-25,2
B68E50A1-3DF6-4FD9-9AD7-08DDAE4B2116,8b9bd17e-0e24-43f0-81f3-854b0464555f,2025-07-26,2
0D12E50C-0B12-4DDE-973A-08DDAE582872,95bf29ca-f6b4-4fbb-88b1-46de45dcf625,2025-07-12,1
1A6C0827-C9AC-4420-973B-08DDAE582872,95bf29ca-f6b4-4fbb-88b1-46de45dcf625,2025-07-13,1
07F6060D-CB49-4861-04B6-08DDAE66B5D2,95bf29ca-f6b4-4fbb-88b1-46de45dcf625,2025-07-04,1
A2262D50-D326-46BC-04B7-08DDAE66B5D2,95bf29ca-f6b4-4fbb-88b1-46de45dcf625,2025-07-05,1
C4C791FA-BA5E-40B6-04B8-08DDAE66B5D2,95bf29ca-f6b4-4fbb-88b1-46de45dcf625,2025-07-06,1
D96B358B-5C11-496B-04B9-08DDAE66B5D2,9c1113fb-90f9-4b8b-8fdd-bcc7b6b5365b,2025-07-04,1
F863B5BC-CC6A-4347-04BA-08DDAE66B5D2,9c1113fb-90f9-4b8b-8fdd-bcc7b6b5365b,2025-07-05,1
61B18F31-3474-493E-04BB-08DDAE66B5D2,9c1113fb-90f9-4b8b-8fdd-bcc7b6b5365b,2025-07-06,1
B5954417-8994-4D74-04BC-08DDAE66B5D2,9c1113fb-90f9-4b8b-8fdd-bcc7b6b5365b,2025-07-12,2
AAA0C3EE-F945-45F9-04BE-08DDAE66B5D2,9c1113fb-90f9-4b8b-8fdd-bcc7b6b5365b,2025-07-13,2
55E20275-7500-4966-ECC5-08DDAF0F4C42,6663d684-ce88-47ff-a4f7-e40d3b82a13f,2025-07-05,2
C0A2A4BE-7350-49B9-B7C6-08DDAFC9D26E,4d71f5cd-5e03-4e0e-b17d-593586b88b99,2025-06-30,1
2AC8A334-F9F3-4FF1-B7C7-08DDAFC9D26E,4d71f5cd-5e03-4e0e-b17d-593586b88b99,2025-07-01,1
E181C6F5-DB9B-4505-B7C8-08DDAFC9D26E,4d71f5cd-5e03-4e0e-b17d-593586b88b99,2025-07-02,1
6724BAD3-B739-4CBF-B7C9-08DDAFC9D26E,4d71f5cd-5e03-4e0e-b17d-593586b88b99,2025-07-03,1
0DCC63A9-4CD6-4D86-B7CA-08DDAFC9D26E,4d71f5cd-5e03-4e0e-b17d-593586b88b99,2025-07-04,1
EFBD7041-DAAE-4865-B7CB-08DDAFC9D26E,4d71f5cd-5e03-4e0e-b17d-593586b88b99,2025-07-05,1
A51DB363-E090-434B-B7CC-08DDAFC9D26E,4d71f5cd-5e03-4e0e-b17d-593586b88b99,2025-07-06,1
75FDCDA3-0753-44A2-BC4B-08DDB0D06200,9964c775-c7f7-42d2-9d2c-a75cb68487d1,2025-06-30,2
F3874639-A718-435D-6340-08DDB14E2861,2c075776-4fd8-49f3-b781-7842bd8156de,2025-07-02,2
CEA3294B-8133-4A89-C0F6-08DDB189930C,c720feeb-93e1-4d88-b275-525f95f377ee,2025-07-14,2
548E1A08-008B-466E-C0F7-08DDB189930C,c720feeb-93e1-4d88-b275-525f95f377ee,2025-07-18,2
427E4CDD-F83B-4695-5F22-08DDB1A3D9DA,fa431862-6ab2-46f0-91f3-97ae1452fc85,2025-07-03,2
D5904C88-76EA-4520-355E-08DDB27BD6EF,4da65404-40f7-408c-8831-dec60d86d60b,2025-06-30,1
B0E7CA80-52D6-4032-355F-08DDB27BD6EF,4da65404-40f7-408c-8831-dec60d86d60b,2025-07-01,1
EA2DC418-1236-46E2-3560-08DDB27BD6EF,4da65404-40f7-408c-8831-dec60d86d60b,2025-07-02,1
F0E8272C-5368-45EC-3561-08DDB27BD6EF,4da65404-40f7-408c-8831-dec60d86d60b,2025-07-03,1
67E4E4DC-2DE9-4953-3562-08DDB27BD6EF,4da65404-40f7-408c-8831-dec60d86d60b,2025-07-04,1
9011328E-3650-4DEF-3AFD-08DDB2E1431B,c71ec1ec-5e2b-4c33-8c89-de5897a207a6,2025-07-10,2
E78E9B81-8621-4DD1-3AFE-08DDB2E1431B,c71ec1ec-5e2b-4c33-8c89-de5897a207a6,2025-07-15,2
B58C19BE-B151-4554-0340-08DDB34023FA,23585a8f-5bb9-44d7-a5f9-d7498c60ab2c,2025-07-28,2
73D1653F-2775-4DB7-A962-08DDB3D66FE9,95bf29ca-f6b4-4fbb-88b1-46de45dcf625,2025-07-11,2
60A4A88E-97C1-4532-05E0-08DDB45E90AA,477951d3-95b8-4933-ad3b-ae6f86eafc55,2025-07-10,2
5AB933F9-CCBF-4522-6F2E-08DDB47F8F81,c720feeb-93e1-4d88-b275-525f95f377ee,2025-07-26,2
1C3D92FB-4149-43F4-6F2F-08DDB47F8F81,c720feeb-93e1-4d88-b275-525f95f377ee,2025-07-27,2
AA18B685-6AC1-4AE8-695E-08DDB5657BF9,1a75df7a-e558-47c6-8af0-033582318b99,2025-07-08,2
23D928A1-A1E3-4558-F886-08DDB631B0D1,ab577efb-8d05-4666-a51a-6b95edc5ec45,2025-07-07,2
A060DE9A-CB0E-4488-F887-08DDB631B0D1,ab577efb-8d05-4666-a51a-6b95edc5ec45,2025-07-10,2
5987E5F5-725F-415A-D55C-08DDB641C246,9249db54-a23a-48e5-847d-cae130c90544,2025-07-07,2
3E9D0E2E-7413-4149-3F28-08DDB66893C1,1b96029f-d249-4657-97e1-ce4086f265fc,2025-07-08,2
9C5135FE-77D5-414D-3693-08DDB70846DC,8b9bd17e-0e24-43f0-81f3-854b0464555f,2025-09-15,2
99B6332D-AE41-4317-3694-08DDB70846DC,8b9bd17e-0e24-43f0-81f3-854b0464555f,2025-09-22,2
A77F0113-FA41-47DB-95CF-08DDB7C71163,8b9bd17e-0e24-43f0-81f3-854b0464555f,2025-07-14,2
642A2FCE-A3D8-4577-876A-08DDB7CF4391,9249db54-a23a-48e5-847d-cae130c90544,2025-07-25,2
756D9757-A771-4030-243A-08DDB7FF2680,43072b87-23d4-4ad6-88f8-7999ef3c86ca,2025-07-07,2
115EC7C7-DA8B-4A7F-B0FF-08DDB8DA0CC8,8b9bd17e-0e24-43f0-81f3-854b0464555f,2025-07-17,2
1DC97DC1-1458-4C84-29CF-08DDB95E3F52,b5ca6829-6ac9-4e18-96d7-3282ff6f3250,2025-07-17,2
D7D87615-0AB1-4C7F-29D0-08DDB95E3F52,b5ca6829-6ac9-4e18-96d7-3282ff6f3250,2025-08-06,2
DDF98427-E464-46D4-29D1-08DDB95E3F52,b5ca6829-6ac9-4e18-96d7-3282ff6f3250,2025-07-21,2
4B08FADC-1770-46BE-2719-08DDB9DAC414,413e6437-7712-4672-8d5f-80a6c94ef119,2025-07-16,2
688BD8F8-D08A-4291-271A-08DDB9DAC414,413e6437-7712-4672-8d5f-80a6c94ef119,2025-07-17,2
6B499E85-9F30-4146-271B-08DDB9DAC414,413e6437-7712-4672-8d5f-80a6c94ef119,2025-07-21,2
C63F40EE-CF2A-4455-03C7-08DDBAD1885A,c71ec1ec-5e2b-4c33-8c89-de5897a207a6,2025-07-14,2
8ABDC051-8546-4E3B-A32E-08DDBBBAA5B3,1b96029f-d249-4657-97e1-ce4086f265fc,2025-07-17,2
3E5AB491-0481-4917-4DFE-08DDBBEA6A0D,78732633-0af4-4912-9602-d3923d7c10d0,2025-07-19,2
50EE2062-6784-4DAE-413B-08DDBC066BF7,d71b50b4-750e-4644-9786-becc6520c6d7,2025-07-16,2
944368A2-0E73-41CC-413C-08DDBC066BF7,d71b50b4-750e-4644-9786-becc6520c6d7,2025-07-17,2
1156DBCF-959C-4473-80C8-08DDBC3BABB0,ab577efb-8d05-4666-a51a-6b95edc5ec45,2025-07-18,2
42974F83-B1AB-428E-A553-08DDBCA59B11,1ddcffe7-c2ad-4836-a35b-75b12da1d336,2025-07-16,2
AA43C156-86A5-4D9A-E5F5-08DDBCD46646,b8eaaef1-8890-4d24-8c6c-3db23f8812a0,2025-07-14,2
14376A38-470D-4D44-C94C-08DDBD1551F9,144bc00f-b27f-49a9-8664-9bcd79ea6975,2025-07-14,2
EA820C8A-0B3C-4562-7D2B-08DDBD1B52D2,925fe8e4-a2de-433d-8c9d-b07fd34a8c36,2025-07-18,2
39940BEF-EED9-47EE-7D2C-08DDBD1B52D2,925fe8e4-a2de-433d-8c9d-b07fd34a8c36,2025-07-19,2
5B53F65C-7A23-445E-0227-08DDBD401AC9,477951d3-95b8-4933-ad3b-ae6f86eafc55,2025-07-17,2
9CDAA126-E0A2-493E-0228-08DDBD401AC9,477951d3-95b8-4933-ad3b-ae6f86eafc55,2025-07-18,2
795A4D08-971A-4BCC-0229-08DDBD401AC9,477951d3-95b8-4933-ad3b-ae6f86eafc55,2025-07-19,2
51094C33-812F-40CC-022A-08DDBD401AC9,477951d3-95b8-4933-ad3b-ae6f86eafc55,2025-07-20,2
44FBD6B3-AB88-4162-022B-08DDBD401AC9,477951d3-95b8-4933-ad3b-ae6f86eafc55,2025-07-21,2
35E67255-03A3-4CE1-874D-08DDBD4AB175,fa431862-6ab2-46f0-91f3-97ae1452fc85,2025-07-16,2
CE27E6B8-96F4-4C14-874E-08DDBD4AB175,fa431862-6ab2-46f0-91f3-97ae1452fc85,2025-07-18,2
F64CB66E-B0E8-4B43-F035-08DDBD503961,6663d684-ce88-47ff-a4f7-e40d3b82a13f,2025-07-24,2
C4324A56-2C29-406C-AC1B-08DDBD6E97AE,9964c775-c7f7-42d2-9d2c-a75cb68487d1,2025-07-17,2
83ED6916-98C0-41E9-DB04-08DDBD73D1C7,1a75df7a-e558-47c6-8af0-033582318b99,2025-07-15,2
277A11FA-583F-4F8D-B2BA-08DDBE499580,413e6437-7712-4672-8d5f-80a6c94ef119,2025-07-25,2
435515EF-938F-4F9A-B2BB-08DDBE499580,413e6437-7712-4672-8d5f-80a6c94ef119,2025-07-27,2
490887C4-AE58-4CF8-A265-08DDBE8576E8,d71b50b4-750e-4644-9786-becc6520c6d7,2025-08-01,2
D76B9236-43E0-4C73-A266-08DDBE8576E8,d71b50b4-750e-4644-9786-becc6520c6d7,2025-08-02,2
A54A3AFA-75ED-4514-C4D9-08DDBEB0318F,9964c775-c7f7-42d2-9d2c-a75cb68487d1,2025-07-21,2
2FC1414A-6C41-4E2E-2422-08DDBFB87740,c720feeb-93e1-4d88-b275-525f95f377ee,2025-07-29,2
5D181EB7-7C08-403C-2423-08DDBFB87740,c720feeb-93e1-4d88-b275-525f95f377ee,2025-07-30,2
3B5ED500-E576-46BF-2424-08DDBFB87740,c720feeb-93e1-4d88-b275-525f95f377ee,2025-07-31,2
BB92A8BD-1AC7-46F2-6AE6-08DDC07CBFAB,1a75df7a-e558-47c6-8af0-033582318b99,2025-07-22,2
9919C7F8-9B1B-4DB3-6AE7-08DDC07CBFAB,1a75df7a-e558-47c6-8af0-033582318b99,2025-07-23,2
93CC348F-A79B-4FEA-0E75-08DDC0A20E16,ab577efb-8d05-4666-a51a-6b95edc5ec45,2025-07-22,2
620AE7E3-F75F-4C9B-0E76-08DDC0A20E16,ab577efb-8d05-4666-a51a-6b95edc5ec45,2025-07-24,2
FCF62BED-1E05-4F3F-26F0-08DDC1F17C80,43072b87-23d4-4ad6-88f8-7999ef3c86ca,2025-07-21,2
E4F0BF13-4494-4FD9-26F1-08DDC1F17C80,43072b87-23d4-4ad6-88f8-7999ef3c86ca,2025-07-22,2
52F73A72-0215-4D54-A90D-08DDC2290D4A,1a75df7a-e558-47c6-8af0-033582318b99,2025-07-29,2
9DB6C4CD-4A77-476C-E4FA-08DDC2B6302D,144bc00f-b27f-49a9-8664-9bcd79ea6975,2025-07-21,2
DA720DD8-A98F-4124-E4FB-08DDC2B6302D,144bc00f-b27f-49a9-8664-9bcd79ea6975,2025-08-01,2
44D388CA-D689-458A-6CD9-08DDC2D978E6,fa431862-6ab2-46f0-91f3-97ae1452fc85,2025-07-21,2
C1BBA45C-DE2E-45E3-6CDA-08DDC2D978E6,fa431862-6ab2-46f0-91f3-97ae1452fc85,2025-07-25,2
5CEF5075-DED2-448D-6CDB-08DDC2D978E6,fa431862-6ab2-46f0-91f3-97ae1452fc85,2025-07-26,2
533E9921-6EB2-4EA7-93CA-08DDC2F34C15,38b41087-0565-4dea-8ddf-e3b522a14368,2025-08-13,2
8662AC2B-133C-4317-93CB-08DDC2F34C15,38b41087-0565-4dea-8ddf-e3b522a14368,2025-08-19,2
7C5F44B5-D2A5-4938-281A-08DDC5557BD4,ab577efb-8d05-4666-a51a-6b95edc5ec45,2025-07-28,2
4FB3E77C-EB07-46FD-281B-08DDC5557BD4,ab577efb-8d05-4666-a51a-6b95edc5ec45,2025-07-30,2
E2C9F1DD-81C1-410F-6C52-08DDC6885B8E,1a75df7a-e558-47c6-8af0-033582318b99,2025-07-28,2
FF1EA70B-7227-430F-21B1-08DDC74887C1,144bc00f-b27f-49a9-8664-9bcd79ea6975,2025-08-07,2
D75622AE-0FE0-45BF-E911-08DDC74ED11C,4d71f5cd-5e03-4e0e-b17d-593586b88b99,2025-07-28,2
7F638338-C90A-4970-E91A-08DDC74ED11C,4d71f5cd-5e03-4e0e-b17d-593586b88b99,2025-08-04,1
D9C3E67D-9E15-40A2-E91B-08DDC74ED11C,4d71f5cd-5e03-4e0e-b17d-593586b88b99,2025-08-05,1
10C4894E-754F-4EC6-E91C-08DDC74ED11C,4d71f5cd-5e03-4e0e-b17d-593586b88b99,2025-08-06,1
F82A7517-9DE8-42FD-E91D-08DDC74ED11C,4d71f5cd-5e03-4e0e-b17d-593586b88b99,2025-08-07,1
91AAAE97-C921-4079-E91E-08DDC74ED11C,4d71f5cd-5e03-4e0e-b17d-593586b88b99,2025-08-08,1
E4100D87-7384-41C2-E91F-08DDC74ED11C,4d71f5cd-5e03-4e0e-b17d-593586b88b99,2025-08-09,1
E24E38DA-A20C-4C9D-E920-08DDC74ED11C,4d71f5cd-5e03-4e0e-b17d-593586b88b99,2025-08-10,1
CCAD7C40-8F73-4006-E921-08DDC74ED11C,4d71f5cd-5e03-4e0e-b17d-593586b88b99,2025-08-11,1
F9B813E7-F080-4813-E922-08DDC74ED11C,4d71f5cd-5e03-4e0e-b17d-593586b88b99,2025-08-12,1
5AF41082-6582-4E1C-E923-08DDC74ED11C,4d71f5cd-5e03-4e0e-b17d-593586b88b99,2025-08-13,1
038DCA50-1162-4429-E924-08DDC74ED11C,4d71f5cd-5e03-4e0e-b17d-593586b88b99,2025-08-14,1
CD6E54C8-59D1-4B80-E925-08DDC74ED11C,4d71f5cd-5e03-4e0e-b17d-593586b88b99,2025-08-15,1
57D65793-C346-4C72-E926-08DDC74ED11C,4d71f5cd-5e03-4e0e-b17d-593586b88b99,2025-08-16,1
0AEEB4CB-E995-4F1F-E927-08DDC74ED11C,4d71f5cd-5e03-4e0e-b17d-593586b88b99,2025-08-17,1
2D058FF7-4377-4494-E928-08DDC74ED11C,4d71f5cd-5e03-4e0e-b17d-593586b88b99,2025-08-18,1
888211DF-F996-4904-E929-08DDC74ED11C,4d71f5cd-5e03-4e0e-b17d-593586b88b99,2025-08-19,1
0C55149D-7FAE-4AC8-B924-08DDC8288948,11838d58-5415-42bd-8c7f-3bef4f9db2aa,2025-08-02,1
D2B93FED-193A-4F04-B925-08DDC8288948,11838d58-5415-42bd-8c7f-3bef4f9db2aa,2025-08-03,1
6616D34B-53F1-4073-B926-08DDC8288948,11838d58-5415-42bd-8c7f-3bef4f9db2aa,2025-08-04,1
8E2647D7-6EAB-4801-B927-08DDC8288948,11838d58-5415-42bd-8c7f-3bef4f9db2aa,2025-08-05,1
E4FD35DB-AAC6-4AD2-B928-08DDC8288948,11838d58-5415-42bd-8c7f-3bef4f9db2aa,2025-08-06,1
A8B0EBDF-0F57-4E59-B929-08DDC8288948,11838d58-5415-42bd-8c7f-3bef4f9db2aa,2025-08-07,1
D61B9141-87F9-492C-B92A-08DDC8288948,11838d58-5415-42bd-8c7f-3bef4f9db2aa,2025-08-08,1
E8704B71-D414-44D3-B92B-08DDC8288948,11838d58-5415-42bd-8c7f-3bef4f9db2aa,2025-08-09,1
27A565B8-0DCA-4C35-B92C-08DDC8288948,299503c0-1a91-43dd-8b64-b2b35f44afd6,2025-07-21,1
AB5D5764-8330-4603-B92D-08DDC8288948,299503c0-1a91-43dd-8b64-b2b35f44afd6,2025-07-22,1
CC441ECE-32D7-4F61-B92E-08DDC8288948,299503c0-1a91-43dd-8b64-b2b35f44afd6,2025-07-23,1
6B4FC062-633C-487D-B92F-08DDC8288948,299503c0-1a91-43dd-8b64-b2b35f44afd6,2025-07-24,1
74BCD752-E8DE-4630-B930-08DDC8288948,299503c0-1a91-43dd-8b64-b2b35f44afd6,2025-07-25,1
CBE32604-A1E1-41B9-B931-08DDC8288948,299503c0-1a91-43dd-8b64-b2b35f44afd6,2025-07-26,1
65D1ABF7-BA92-41C7-B932-08DDC8288948,299503c0-1a91-43dd-8b64-b2b35f44afd6,2025-07-27,1
C971024A-1633-44BD-B933-08DDC8288948,299503c0-1a91-43dd-8b64-b2b35f44afd6,2025-07-28,1
FA565D66-80FC-454A-B934-08DDC8288948,299503c0-1a91-43dd-8b64-b2b35f44afd6,2025-07-29,1
F2ED238A-E361-4B10-B935-08DDC8288948,299503c0-1a91-43dd-8b64-b2b35f44afd6,2025-07-30,1
FD531BE8-10B2-44FF-B936-08DDC8288948,299503c0-1a91-43dd-8b64-b2b35f44afd6,2025-07-31,1
B75F260D-2F7E-43A0-B937-08DDC8288948,299503c0-1a91-43dd-8b64-b2b35f44afd6,2025-08-01,1
761B16BC-D535-403F-B938-08DDC8288948,299503c0-1a91-43dd-8b64-b2b35f44afd6,2025-08-02,1
3D07D361-616C-41F2-B939-08DDC8288948,d71b50b4-750e-4644-9786-becc6520c6d7,2025-07-30,1
1096465C-A526-475B-B93A-08DDC8288948,d71b50b4-750e-4644-9786-becc6520c6d7,2025-07-31,1
391B88BF-800D-452D-B93B-08DDC8288948,c71ec1ec-5e2b-4c33-8c89-de5897a207a6,2025-07-27,1
4B1B034C-9E69-49D0-B93C-08DDC8288948,c71ec1ec-5e2b-4c33-8c89-de5897a207a6,2025-07-28,1
19FC54C0-A5A2-473A-B93D-08DDC8288948,c71ec1ec-5e2b-4c33-8c89-de5897a207a6,2025-07-29,1
A7558C07-47AA-4D84-B93E-08DDC8288948,c71ec1ec-5e2b-4c33-8c89-de5897a207a6,2025-07-30,1
72C6B3DD-BEF4-4D99-B93F-08DDC8288948,c71ec1ec-5e2b-4c33-8c89-de5897a207a6,2025-07-31,1
887EAB3A-8111-4166-B940-08DDC8288948,c71ec1ec-5e2b-4c33-8c89-de5897a207a6,2025-08-01,1
41623B32-FD9A-443E-B941-08DDC8288948,c71ec1ec-5e2b-4c33-8c89-de5897a207a6,2025-08-02,1
96AE47D0-3CE3-45CE-B942-08DDC8288948,c71ec1ec-5e2b-4c33-8c89-de5897a207a6,2025-08-03,1
D4129769-A821-4508-B943-08DDC8288948,c71ec1ec-5e2b-4c33-8c89-de5897a207a6,2025-08-04,1
EFF3B0AE-4407-4666-B944-08DDC8288948,c71ec1ec-5e2b-4c33-8c89-de5897a207a6,2025-08-05,1
F2C322C6-1D34-463F-B945-08DDC8288948,c71ec1ec-5e2b-4c33-8c89-de5897a207a6,2025-08-06,1
0E13EF90-5931-4C03-B946-08DDC8288948,c71ec1ec-5e2b-4c33-8c89-de5897a207a6,2025-08-07,1
033924D9-9C2F-4334-B947-08DDC8288948,c71ec1ec-5e2b-4c33-8c89-de5897a207a6,2025-08-08,1
33271C60-CD0B-465A-B948-08DDC8288948,c71ec1ec-5e2b-4c33-8c89-de5897a207a6,2025-08-09,1
51DFEA7F-CB9C-49AA-962C-08DDC84F563D,23585a8f-5bb9-44d7-a5f9-d7498c60ab2c,2025-10-01,1
8782992E-CE8E-4D34-962D-08DDC84F563D,23585a8f-5bb9-44d7-a5f9-d7498c60ab2c,2025-10-02,1
5898669F-FF93-47AE-962E-08DDC84F563D,23585a8f-5bb9-44d7-a5f9-d7498c60ab2c,2025-10-03,1
6D803E70-DDD9-4308-962F-08DDC84F563D,23585a8f-5bb9-44d7-a5f9-d7498c60ab2c,2025-10-04,1
2167EB0D-1690-4AA3-9630-08DDC84F563D,23585a8f-5bb9-44d7-a5f9-d7498c60ab2c,2025-10-05,1
29BDBDD6-5966-4E58-9631-08DDC84F563D,23585a8f-5bb9-44d7-a5f9-d7498c60ab2c,2025-10-28,1
959E6458-6BEE-49D2-9632-08DDC84F563D,23585a8f-5bb9-44d7-a5f9-d7498c60ab2c,2025-11-15,1
41669BA8-5191-4311-9633-08DDC84F563D,23585a8f-5bb9-44d7-a5f9-d7498c60ab2c,2025-11-16,1
56BA4E47-ABBE-43B0-9634-08DDC84F563D,23585a8f-5bb9-44d7-a5f9-d7498c60ab2c,2025-11-17,1
455B17BB-8A65-409D-923C-08DDC87A3306,43072b87-23d4-4ad6-88f8-7999ef3c86ca,2025-07-28,2
EFEB9522-8E0E-4132-923D-08DDC87A3306,43072b87-23d4-4ad6-88f8-7999ef3c86ca,2025-07-30,2
7055FAD6-0038-4843-B79F-08DDCA6F6093,477951d3-95b8-4933-ad3b-ae6f86eafc55,2025-08-07,2
DD4F31B9-FE53-424D-FCCD-08DDCACABBDF,2c075776-4fd8-49f3-b781-7842bd8156de,2025-08-05,2
FBF2C289-B262-437E-FCCE-08DDCACABBDF,9249db54-a23a-48e5-847d-cae130c90544,2025-08-11,2
26F22CCD-8785-479A-5EA0-08DDCB5526D1,f538e494-84f3-4ea8-ae3b-f0f142294fbe,2025-08-04,2
6951DD5A-63DD-4692-5EA1-08DDCB5526D1,f538e494-84f3-4ea8-ae3b-f0f142294fbe,2025-08-05,2
1F037B88-3709-4431-5EA2-08DDCB5526D1,9b1e36ac-7e99-4109-b4c6-9a85c1bf7719,2025-08-04,1
ADE48086-138F-4668-5EA3-08DDCB5526D1,9b1e36ac-7e99-4109-b4c6-9a85c1bf7719,2025-08-05,1
BD7CFED3-F48D-4051-5EA4-08DDCB5526D1,157e4c9d-980e-4897-ad5f-f4c5c301f195,2025-08-06,1
877F34C8-DF28-4875-5EA5-08DDCB5526D1,157e4c9d-980e-4897-ad5f-f4c5c301f195,2025-08-07,1
38480ABA-3653-4FAA-5EA6-08DDCB5526D1,157e4c9d-980e-4897-ad5f-f4c5c301f195,2025-08-08,1
2201C67B-9073-4EB6-5EA7-08DDCB5526D1,157e4c9d-980e-4897-ad5f-f4c5c301f195,2025-08-09,1
F956F95C-DF92-451F-5EA8-08DDCB5526D1,157e4c9d-980e-4897-ad5f-f4c5c301f195,2025-08-10,1
D050FEF2-9381-43F8-5EA9-08DDCB5526D1,157e4c9d-980e-4897-ad5f-f4c5c301f195,2025-08-11,1
78CF80A7-3574-4684-5EAA-08DDCB5526D1,157e4c9d-980e-4897-ad5f-f4c5c301f195,2025-08-12,1
15581CC4-8F85-4183-5EAB-08DDCB5526D1,157e4c9d-980e-4897-ad5f-f4c5c301f195,2025-08-13,1
9D27D26E-B7F0-4EE8-5EAC-08DDCB5526D1,157e4c9d-980e-4897-ad5f-f4c5c301f195,2025-08-14,1
0A08209F-AAF2-49CF-5EAD-08DDCB5526D1,157e4c9d-980e-4897-ad5f-f4c5c301f195,2025-08-15,1
ED4553CC-2881-43BB-5EAE-08DDCB5526D1,157e4c9d-980e-4897-ad5f-f4c5c301f195,2025-08-16,1
6B9234D1-F58E-4C7A-5EAF-08DDCB5526D1,157e4c9d-980e-4897-ad5f-f4c5c301f195,2025-08-17,1
C2A190FC-863C-46B4-5EB0-08DDCB5526D1,157e4c9d-980e-4897-ad5f-f4c5c301f195,2025-08-18,1
609BC46B-1CC4-422E-5EB1-08DDCB5526D1,157e4c9d-980e-4897-ad5f-f4c5c301f195,2025-08-19,1
870EFD09-2034-425F-5EB2-08DDCB5526D1,157e4c9d-980e-4897-ad5f-f4c5c301f195,2025-08-20,1
48454595-CC4B-474C-5EB3-08DDCB5526D1,157e4c9d-980e-4897-ad5f-f4c5c301f195,2025-08-21,1
D6AC554C-1371-4A61-5EB4-08DDCB5526D1,157e4c9d-980e-4897-ad5f-f4c5c301f195,2025-08-22,1
7A16F1E8-5A35-438A-5EB5-08DDCB5526D1,157e4c9d-980e-4897-ad5f-f4c5c301f195,2025-08-23,1
66E33248-A053-4672-5EB6-08DDCB5526D1,fafe9819-8c58-4398-a1cc-77584270b6ed,2025-08-10,2
EE76D169-0931-4A42-5EB7-08DDCB5526D1,c5ce5a45-2b0a-40ff-a82f-ea5df6501805,2025-08-21,1
2BC00631-A28B-4476-5EB8-08DDCB5526D1,c5ce5a45-2b0a-40ff-a82f-ea5df6501805,2025-08-22,1
F081C181-F2F0-445E-5EB9-08DDCB5526D1,c5ce5a45-2b0a-40ff-a82f-ea5df6501805,2025-08-23,1
17E436A8-B3AB-4716-5EBA-08DDCB5526D1,c5ce5a45-2b0a-40ff-a82f-ea5df6501805,2025-08-24,1
5439E4A6-6070-4911-5EBB-08DDCB5526D1,c5ce5a45-2b0a-40ff-a82f-ea5df6501805,2025-08-25,1
A544624A-909B-46AB-5EBC-08DDCB5526D1,c5ce5a45-2b0a-40ff-a82f-ea5df6501805,2025-08-26,1
8D68229C-A1F8-49EB-5EBD-08DDCB5526D1,c5ce5a45-2b0a-40ff-a82f-ea5df6501805,2025-08-27,1
8F1DEEAE-DCC8-4959-5EBE-08DDCB5526D1,c5ce5a45-2b0a-40ff-a82f-ea5df6501805,2025-08-28,1
7E0CCBDD-A285-47C1-5EBF-08DDCB5526D1,c5ce5a45-2b0a-40ff-a82f-ea5df6501805,2025-08-29,1
09505103-1D0B-45AB-5EC0-08DDCB5526D1,c5ce5a45-2b0a-40ff-a82f-ea5df6501805,2025-08-30,1
C2F82B0E-7408-4E8D-5EC1-08DDCB5526D1,c5ce5a45-2b0a-40ff-a82f-ea5df6501805,2025-08-31,1
DAA7FA56-63D2-4422-5EC2-08DDCB5526D1,c5ce5a45-2b0a-40ff-a82f-ea5df6501805,2025-09-01,1
5F4DE159-589C-434C-5EC3-08DDCB5526D1,c5ce5a45-2b0a-40ff-a82f-ea5df6501805,2025-09-02,1
230A38AC-BD9A-4445-5EC4-08DDCB5526D1,c5ce5a45-2b0a-40ff-a82f-ea5df6501805,2025-09-03,1
8F272D9E-B4EB-454A-5EC5-08DDCB5526D1,c5ce5a45-2b0a-40ff-a82f-ea5df6501805,2025-09-04,1
75BC4707-D745-4648-5EC6-08DDCB5526D1,0fac737b-0e61-46db-a27a-52730d65cb9a,2025-08-30,2
1E8FDF4F-4840-4F38-5EC7-08DDCB5526D1,0fac737b-0e61-46db-a27a-52730d65cb9a,2025-08-31,2
0DDAA993-A648-491B-5EC8-08DDCB5526D1,c720feeb-93e1-4d88-b275-525f95f377ee,2025-08-17,2
26DA79E4-43FD-4AC6-70E7-08DDCB976D74,d71b50b4-750e-4644-9786-becc6520c6d7,2025-08-06,1
99605876-67A5-43D2-70E8-08DDCB976D74,d71b50b4-750e-4644-9786-becc6520c6d7,2025-08-07,1
51A2F6ED-1AB1-4599-70E9-08DDCB976D74,d71b50b4-750e-4644-9786-becc6520c6d7,2025-08-04,2
0ACB30F8-E778-4BA7-70EA-08DDCB976D74,d71b50b4-750e-4644-9786-becc6520c6d7,2025-08-05,2
68F17F48-93A7-45AB-3FFB-08DDCBAF1122,f488e272-24db-42ce-9d36-80a013657223,2025-09-02,2
2E048B0E-24D2-4819-48C7-08DDCC06280C,0fac737b-0e61-46db-a27a-52730d65cb9a,2025-08-04,2
66C2160C-786A-4432-48C8-08DDCC06280C,0fac737b-0e61-46db-a27a-52730d65cb9a,2025-08-06,2
4EC4D93E-8B17-4480-48C9-08DDCC06280C,0fac737b-0e61-46db-a27a-52730d65cb9a,2025-08-08,2
48259F74-658A-4775-48CB-08DDCC06280C,6663d684-ce88-47ff-a4f7-e40d3b82a13f,2025-08-04,2
A732D8FF-5AD5-41B9-48CC-08DDCC06280C,c71ec1ec-5e2b-4c33-8c89-de5897a207a6,2025-08-14,2
5D9B8BC2-7A0B-4035-48CD-08DDCC06280C,1641a578-00b2-4973-955d-095bc254d709,2025-08-05,2
86C90C65-559B-49C0-5F08-08DDCCD5A643,fafe9819-8c58-4398-a1cc-77584270b6ed,2025-08-13,2
6046D8F9-17DA-47BB-8D58-08DDCD0A085D,1916bf76-0235-4795-91ba-407148f8a703,2025-08-06,2
7697C93B-0942-4468-8D5A-08DDCD0A085D,1916bf76-0235-4795-91ba-407148f8a703,2025-08-07,2
D4300542-B2D2-4670-F9A1-08DDCD13BAEB,1916bf76-0235-4795-91ba-407148f8a703,2025-08-11,2
D808B535-713C-42F0-37DE-08DDCD427BF3,1a75df7a-e558-47c6-8af0-033582318b99,2025-08-06,2
A1F25D6A-BC1F-4674-37DF-08DDCD427BF3,1a75df7a-e558-47c6-8af0-033582318b99,2025-08-07,2
B7355BE0-7C00-425C-7410-08DDCD84FD14,57f57d9a-735a-4bcc-afb6-f2799bd738a4,2025-08-04,2
F4B306D0-22FB-414E-7411-08DDCD84FD14,57f57d9a-735a-4bcc-afb6-f2799bd738a4,2025-08-06,2
5CCD008F-D4A2-4756-A451-08DDCDA03FC5,c720feeb-93e1-4d88-b275-525f95f377ee,2025-08-21,2
3EF4D82A-CF5D-46CB-C7FB-08DDCDBAF7AB,9c1113fb-90f9-4b8b-8fdd-bcc7b6b5365b,2025-08-08,2
1236441B-B8C4-4D1D-C7FC-08DDCDBAF7AB,1ddcffe7-c2ad-4836-a35b-75b12da1d336,2025-08-05,2
593700A8-A895-4161-C7FD-08DDCDBAF7AB,95bf29ca-f6b4-4fbb-88b1-46de45dcf625,2025-08-09,1
0705EA49-7BB6-4D7B-C7FE-08DDCDBAF7AB,95bf29ca-f6b4-4fbb-88b1-46de45dcf625,2025-08-10,1
C41A355C-560E-4069-C7FF-08DDCDBAF7AB,95bf29ca-f6b4-4fbb-88b1-46de45dcf625,2025-08-11,1
84CDD53B-5921-4E27-C800-08DDCDBAF7AB,95bf29ca-f6b4-4fbb-88b1-46de45dcf625,2025-08-12,1
7CB62C36-740F-45BD-C801-08DDCDBAF7AB,95bf29ca-f6b4-4fbb-88b1-46de45dcf625,2025-08-13,1
32138174-8B46-4306-C802-08DDCDBAF7AB,95bf29ca-f6b4-4fbb-88b1-46de45dcf625,2025-08-14,1
D450F2DF-289E-4595-C803-08DDCDBAF7AB,95bf29ca-f6b4-4fbb-88b1-46de45dcf625,2025-08-15,1
949D78A6-6724-4BA6-C804-08DDCDBAF7AB,95bf29ca-f6b4-4fbb-88b1-46de45dcf625,2025-08-16,1
E7FBA99E-3470-4613-C805-08DDCDBAF7AB,95bf29ca-f6b4-4fbb-88b1-46de45dcf625,2025-08-17,1
1ACF7D8D-4E69-4530-C806-08DDCDBAF7AB,95bf29ca-f6b4-4fbb-88b1-46de45dcf625,2025-08-18,1
196AAF58-A81F-498B-C807-08DDCDBAF7AB,95bf29ca-f6b4-4fbb-88b1-46de45dcf625,2025-08-19,1
21F8D682-93C7-4FAD-C808-08DDCDBAF7AB,95bf29ca-f6b4-4fbb-88b1-46de45dcf625,2025-08-20,1
B600787C-A11D-49F3-C809-08DDCDBAF7AB,95bf29ca-f6b4-4fbb-88b1-46de45dcf625,2025-08-21,1
0D99DEAE-D7C1-4789-C80A-08DDCDBAF7AB,95bf29ca-f6b4-4fbb-88b1-46de45dcf625,2025-08-22,1
38028B1C-3037-4CD9-C80B-08DDCDBAF7AB,95bf29ca-f6b4-4fbb-88b1-46de45dcf625,2025-08-23,1
3FCD98E3-3580-4AF0-C80C-08DDCDBAF7AB,9c1113fb-90f9-4b8b-8fdd-bcc7b6b5365b,2025-08-09,1
E9E70B94-CEBD-42F6-C80D-08DDCDBAF7AB,9c1113fb-90f9-4b8b-8fdd-bcc7b6b5365b,2025-08-10,1
141D3853-EEAC-4AA7-C80E-08DDCDBAF7AB,9c1113fb-90f9-4b8b-8fdd-bcc7b6b5365b,2025-08-11,1
77B29F18-9267-4AF0-C80F-08DDCDBAF7AB,9c1113fb-90f9-4b8b-8fdd-bcc7b6b5365b,2025-08-12,1
4E48674A-4BF5-4C66-C810-08DDCDBAF7AB,9c1113fb-90f9-4b8b-8fdd-bcc7b6b5365b,2025-08-13,1
15CDB0E9-BCD1-4FF9-C811-08DDCDBAF7AB,9c1113fb-90f9-4b8b-8fdd-bcc7b6b5365b,2025-08-14,1
72379AE5-4923-4136-C812-08DDCDBAF7AB,9c1113fb-90f9-4b8b-8fdd-bcc7b6b5365b,2025-08-15,1
4B1D0B28-EC72-4AD6-C813-08DDCDBAF7AB,9c1113fb-90f9-4b8b-8fdd-bcc7b6b5365b,2025-08-16,1
EE511184-D769-4BD5-C814-08DDCDBAF7AB,9c1113fb-90f9-4b8b-8fdd-bcc7b6b5365b,2025-08-17,1
CDFE6A2C-7CA9-432B-C815-08DDCDBAF7AB,9c1113fb-90f9-4b8b-8fdd-bcc7b6b5365b,2025-08-18,1
1F1390E1-95D9-4D09-C816-08DDCDBAF7AB,9c1113fb-90f9-4b8b-8fdd-bcc7b6b5365b,2025-08-19,1
66192E24-D2B2-4ED5-C817-08DDCDBAF7AB,9c1113fb-90f9-4b8b-8fdd-bcc7b6b5365b,2025-08-20,1
A222E7DB-CE51-4332-C818-08DDCDBAF7AB,9c1113fb-90f9-4b8b-8fdd-bcc7b6b5365b,2025-08-21,1
52601553-9084-4A23-C819-08DDCDBAF7AB,9c1113fb-90f9-4b8b-8fdd-bcc7b6b5365b,2025-08-22,1
BF783F22-9F59-433D-C81A-08DDCDBAF7AB,9c1113fb-90f9-4b8b-8fdd-bcc7b6b5365b,2025-08-23,1
7D36162C-EA2D-4791-C81B-08DDCDBAF7AB,4da65404-40f7-408c-8831-dec60d86d60b,2025-08-05,2
BA9AD3EB-A944-4B6D-081D-08DDCDF7AC89,43072b87-23d4-4ad6-88f8-7999ef3c86ca,2025-08-04,2
ACDDF40C-33BE-464B-081E-08DDCDF7AC89,43072b87-23d4-4ad6-88f8-7999ef3c86ca,2025-08-07,2
4E1AE9B2-5D32-4565-3615-08DDCE748515,8d97501c-e7a6-46e6-9882-10ee0dea5a69,2025-07-19,1
8BC020E7-9A80-48D9-9166-08DDCEC067B1,1641a578-00b2-4973-955d-095bc254d709,2025-08-26,2
5216658C-DE15-47A5-1FC3-08DDCF3F60E6,1a75df7a-e558-47c6-8af0-033582318b99,2025-08-16,2
AB631093-99DA-4476-1FC4-08DDCF3F60E6,d5900ef2-17fd-42da-b9ea-b20a194fec05,2025-06-08,1
11567DC5-B70F-459E-1FC5-08DDCF3F60E6,d5900ef2-17fd-42da-b9ea-b20a194fec05,2025-06-09,1
7A450146-294B-4162-1FC6-08DDCF3F60E6,d5900ef2-17fd-42da-b9ea-b20a194fec05,2025-06-10,1
F793AA63-453D-47BA-1FC7-08DDCF3F60E6,d5900ef2-17fd-42da-b9ea-b20a194fec05,2025-06-11,1
BF9DC1DF-7E79-4F52-1FC8-08DDCF3F60E6,d5900ef2-17fd-42da-b9ea-b20a194fec05,2025-06-12,1
62396BAE-F3E4-4CCD-1FC9-08DDCF3F60E6,d5900ef2-17fd-42da-b9ea-b20a194fec05,2025-06-13,1
664AD995-8C50-4D6F-1FCA-08DDCF3F60E6,d5900ef2-17fd-42da-b9ea-b20a194fec05,2025-06-14,1
E8C592D7-CC40-4E83-1FCB-08DDCF3F60E6,d5900ef2-17fd-42da-b9ea-b20a194fec05,2025-06-15,1
B085ABBC-2F39-4CA7-1FCC-08DDCF3F60E6,d5900ef2-17fd-42da-b9ea-b20a194fec05,2025-06-16,1
25BE0F14-3F47-4F11-1FCD-08DDCF3F60E6,d5900ef2-17fd-42da-b9ea-b20a194fec05,2025-06-17,1
F638D219-5C71-4489-1FCE-08DDCF3F60E6,d5900ef2-17fd-42da-b9ea-b20a194fec05,2025-06-18,1
1F8A4F93-0AA0-40CE-1FCF-08DDCF3F60E6,d5900ef2-17fd-42da-b9ea-b20a194fec05,2025-06-19,1
5A31136F-0B8D-4B0A-1FD0-08DDCF3F60E6,d5900ef2-17fd-42da-b9ea-b20a194fec05,2025-06-20,1
09706F57-DF46-4B46-1FD1-08DDCF3F60E6,d5900ef2-17fd-42da-b9ea-b20a194fec05,2025-06-21,1
A8173213-8139-41D6-1FD2-08DDCF3F60E6,d5900ef2-17fd-42da-b9ea-b20a194fec05,2025-06-22,1
A26B9D09-634C-4E81-1FD3-08DDCF3F60E6,d5900ef2-17fd-42da-b9ea-b20a194fec05,2025-06-23,1
CE109D40-AF27-4A37-1FD4-08DDCF3F60E6,d5900ef2-17fd-42da-b9ea-b20a194fec05,2025-06-24,1
BB54681D-33C3-4340-1FD5-08DDCF3F60E6,d5900ef2-17fd-42da-b9ea-b20a194fec05,2025-06-25,1
B5A1C8C5-4C01-4E3F-1FD6-08DDCF3F60E6,d5900ef2-17fd-42da-b9ea-b20a194fec05,2025-06-26,1
6E8E8221-0783-4E86-1FD7-08DDCF3F60E6,d5900ef2-17fd-42da-b9ea-b20a194fec05,2025-06-27,1
866E03F2-FDB8-4F29-1FD8-08DDCF3F60E6,d5900ef2-17fd-42da-b9ea-b20a194fec05,2025-06-28,1
28ABEC1C-0829-48D4-1FD9-08DDCF3F60E6,d5900ef2-17fd-42da-b9ea-b20a194fec05,2025-06-29,1
64DDD9BA-355E-4FFF-1FDA-08DDCF3F60E6,d5900ef2-17fd-42da-b9ea-b20a194fec05,2025-06-30,1
609F8DEC-BFE1-4CF9-1FDB-08DDCF3F60E6,d5900ef2-17fd-42da-b9ea-b20a194fec05,2025-07-01,1
1981D132-5E9D-4A64-1FDC-08DDCF3F60E6,d5900ef2-17fd-42da-b9ea-b20a194fec05,2025-07-02,1
1CD7BACF-9BF8-4B9C-1FDD-08DDCF3F60E6,d5900ef2-17fd-42da-b9ea-b20a194fec05,2025-07-03,1
98CAAEBD-BA86-4122-1FDE-08DDCF3F60E6,d5900ef2-17fd-42da-b9ea-b20a194fec05,2025-07-04,1
743125EA-4809-4446-1FDF-08DDCF3F60E6,d5900ef2-17fd-42da-b9ea-b20a194fec05,2025-07-05,1
2C9092E3-17D9-4C5A-1FE0-08DDCF3F60E6,d5900ef2-17fd-42da-b9ea-b20a194fec05,2025-07-06,1
14586F1E-6019-4567-1FE1-08DDCF3F60E6,d5900ef2-17fd-42da-b9ea-b20a194fec05,2025-07-07,1
ED14A391-9B32-42A9-1FE2-08DDCF3F60E6,d5900ef2-17fd-42da-b9ea-b20a194fec05,2025-07-08,1
D191D57E-D47D-44C4-1FE3-08DDCF3F60E6,d5900ef2-17fd-42da-b9ea-b20a194fec05,2025-07-09,1
62648313-AB8C-4647-1FE4-08DDCF3F60E6,d5900ef2-17fd-42da-b9ea-b20a194fec05,2025-07-10,1
57EBC870-C407-4EB5-1FE5-08DDCF3F60E6,d5900ef2-17fd-42da-b9ea-b20a194fec05,2025-07-11,1
FFE9BDC7-7959-458F-1FE6-08DDCF3F60E6,d5900ef2-17fd-42da-b9ea-b20a194fec05,2025-07-12,1
FE88CA02-2560-476A-1FE7-08DDCF3F60E6,d5900ef2-17fd-42da-b9ea-b20a194fec05,2025-07-13,1
54BA935E-93F8-454A-1FE8-08DDCF3F60E6,d5900ef2-17fd-42da-b9ea-b20a194fec05,2025-07-14,1
7BC87203-562E-485E-1FE9-08DDCF3F60E6,d5900ef2-17fd-42da-b9ea-b20a194fec05,2025-07-15,1
031937B0-C90E-4884-1FEA-08DDCF3F60E6,d5900ef2-17fd-42da-b9ea-b20a194fec05,2025-07-16,1
0E3406D4-652B-4D0D-1FEB-08DDCF3F60E6,d5900ef2-17fd-42da-b9ea-b20a194fec05,2025-07-17,1
6689998D-6EF2-4944-1FEC-08DDCF3F60E6,d5900ef2-17fd-42da-b9ea-b20a194fec05,2025-07-18,1
791BB392-0CEE-4E37-1FED-08DDCF3F60E6,d5900ef2-17fd-42da-b9ea-b20a194fec05,2025-07-19,1
01458FBE-8019-41D3-1FEE-08DDCF3F60E6,d5900ef2-17fd-42da-b9ea-b20a194fec05,2025-07-20,1
520B63AC-5B8A-4C70-1FEF-08DDCF3F60E6,d5900ef2-17fd-42da-b9ea-b20a194fec05,2025-07-21,1
609B61A2-A7F6-43B8-1FF0-08DDCF3F60E6,d5900ef2-17fd-42da-b9ea-b20a194fec05,2025-07-22,1
BA8590A3-C860-4D29-1FF1-08DDCF3F60E6,d5900ef2-17fd-42da-b9ea-b20a194fec05,2025-07-23,1
D19A3C5F-8D9A-406F-1FF2-08DDCF3F60E6,d5900ef2-17fd-42da-b9ea-b20a194fec05,2025-07-24,1
CE8A73E9-597D-4306-1FF3-08DDCF3F60E6,d5900ef2-17fd-42da-b9ea-b20a194fec05,2025-07-25,1
68C6AA84-17C7-4DE1-1FF4-08DDCF3F60E6,d5900ef2-17fd-42da-b9ea-b20a194fec05,2025-07-26,1
266BDF82-3871-4FC3-1FF5-08DDCF3F60E6,d5900ef2-17fd-42da-b9ea-b20a194fec05,2025-07-27,1
074103E9-5D12-4E13-1FF6-08DDCF3F60E6,d5900ef2-17fd-42da-b9ea-b20a194fec05,2025-07-28,1
6ED045F7-C9CC-4CBD-1FF7-08DDCF3F60E6,d5900ef2-17fd-42da-b9ea-b20a194fec05,2025-07-29,1
42A9A008-4DB7-4662-1FF8-08DDCF3F60E6,d5900ef2-17fd-42da-b9ea-b20a194fec05,2025-07-30,1
10DC1DB3-1B08-4FBC-1FF9-08DDCF3F60E6,d5900ef2-17fd-42da-b9ea-b20a194fec05,2025-07-31,1
9B4362EE-CD18-4967-1FFA-08DDCF3F60E6,d5900ef2-17fd-42da-b9ea-b20a194fec05,2025-08-01,1
69A522F5-3E61-4060-1FFB-08DDCF3F60E6,d5900ef2-17fd-42da-b9ea-b20a194fec05,2025-08-02,1
18249D0D-6D27-4D20-1FFC-08DDCF3F60E6,d5900ef2-17fd-42da-b9ea-b20a194fec05,2025-08-03,1
BB2A7DCF-595C-45F0-1FFD-08DDCF3F60E6,d5900ef2-17fd-42da-b9ea-b20a194fec05,2025-08-04,1
5947CB40-A540-4668-1FFE-08DDCF3F60E6,d5900ef2-17fd-42da-b9ea-b20a194fec05,2025-08-05,1
98729D8A-B19F-4972-1FFF-08DDCF3F60E6,d5900ef2-17fd-42da-b9ea-b20a194fec05,2025-08-06,1
7F3EA8B0-6272-4505-2000-08DDCF3F60E6,d5900ef2-17fd-42da-b9ea-b20a194fec05,2025-08-07,1
593F5D8B-53D4-498E-2001-08DDCF3F60E6,d5900ef2-17fd-42da-b9ea-b20a194fec05,2025-08-08,1
00CBC014-CF51-4588-2002-08DDCF3F60E6,d5900ef2-17fd-42da-b9ea-b20a194fec05,2025-08-09,1
05068649-A63B-45E1-2003-08DDCF3F60E6,d5900ef2-17fd-42da-b9ea-b20a194fec05,2025-08-10,1
2DADA330-7347-4C32-2004-08DDCF3F60E6,d5900ef2-17fd-42da-b9ea-b20a194fec05,2025-08-11,1
F497B6D7-BF30-4DEA-2005-08DDCF3F60E6,d5900ef2-17fd-42da-b9ea-b20a194fec05,2025-08-12,1
A314E5F0-BDC5-4A72-2006-08DDCF3F60E6,d5900ef2-17fd-42da-b9ea-b20a194fec05,2025-08-13,1
041C9178-648C-4160-2007-08DDCF3F60E6,d5900ef2-17fd-42da-b9ea-b20a194fec05,2025-08-14,1
CE3E2820-E1C6-4A38-2008-08DDCF3F60E6,d5900ef2-17fd-42da-b9ea-b20a194fec05,2025-08-15,1
49959FA1-56D8-4666-2009-08DDCF3F60E6,d5900ef2-17fd-42da-b9ea-b20a194fec05,2025-08-16,1
206723D1-1B27-4C82-200A-08DDCF3F60E6,d5900ef2-17fd-42da-b9ea-b20a194fec05,2025-08-17,1
E0AD430E-5F35-4CD1-200B-08DDCF3F60E6,d5900ef2-17fd-42da-b9ea-b20a194fec05,2025-08-18,1
3B46F31E-8F67-4CD8-200C-08DDCF3F60E6,d5900ef2-17fd-42da-b9ea-b20a194fec05,2025-08-19,1
2EA67564-7E52-43F0-200D-08DDCF3F60E6,d5900ef2-17fd-42da-b9ea-b20a194fec05,2025-08-20,1
16FEDFE1-4EF8-4D2A-200E-08DDCF3F60E6,d5900ef2-17fd-42da-b9ea-b20a194fec05,2025-08-21,1
5690094B-26FA-4A92-200F-08DDCF3F60E6,d5900ef2-17fd-42da-b9ea-b20a194fec05,2025-08-22,1
5AA71F34-C9CD-4E2A-2010-08DDCF3F60E6,d5900ef2-17fd-42da-b9ea-b20a194fec05,2025-08-23,1
E5605F95-8723-49F9-2011-08DDCF3F60E6,d5900ef2-17fd-42da-b9ea-b20a194fec05,2025-08-24,1
A18185B3-3F39-4A43-2012-08DDCF3F60E6,d5900ef2-17fd-42da-b9ea-b20a194fec05,2025-08-25,1
FDBCAFDB-185C-4350-2013-08DDCF3F60E6,d5900ef2-17fd-42da-b9ea-b20a194fec05,2025-08-26,1
3016D856-890F-4D42-2014-08DDCF3F60E6,d5900ef2-17fd-42da-b9ea-b20a194fec05,2025-08-27,1
C5A4ACC7-9DB5-460F-2015-08DDCF3F60E6,d5900ef2-17fd-42da-b9ea-b20a194fec05,2025-08-28,1
4609391E-F947-400B-2016-08DDCF3F60E6,d5900ef2-17fd-42da-b9ea-b20a194fec05,2025-08-29,1
54B64F5D-CDD7-49AB-2017-08DDCF3F60E6,d5900ef2-17fd-42da-b9ea-b20a194fec05,2025-08-30,1
E82212CA-6407-4067-2018-08DDCF3F60E6,d5900ef2-17fd-42da-b9ea-b20a194fec05,2025-08-31,1
B1554DDC-1FC4-48AF-2019-08DDCF3F60E6,d5900ef2-17fd-42da-b9ea-b20a194fec05,2025-09-01,1
A7B27EC3-24B6-474F-201A-08DDCF3F60E6,d5900ef2-17fd-42da-b9ea-b20a194fec05,2025-09-02,1
D8DCC494-1569-4A09-201B-08DDCF3F60E6,d5900ef2-17fd-42da-b9ea-b20a194fec05,2025-09-03,1
AC85B316-E5B5-4FE9-201C-08DDCF3F60E6,d5900ef2-17fd-42da-b9ea-b20a194fec05,2025-09-04,1
6BE24168-3B29-4C7E-201D-08DDCF3F60E6,d5900ef2-17fd-42da-b9ea-b20a194fec05,2025-09-05,1
4B7BF15A-4BDB-465C-201E-08DDCF3F60E6,d5900ef2-17fd-42da-b9ea-b20a194fec05,2025-09-06,1
15C95FCB-4F05-4C4A-201F-08DDCF3F60E6,d5900ef2-17fd-42da-b9ea-b20a194fec05,2025-09-07,1
A770024C-0DA8-483A-2020-08DDCF3F60E6,d5900ef2-17fd-42da-b9ea-b20a194fec05,2025-09-08,1
749BDF34-9638-4AE6-2021-08DDCF3F60E6,d5900ef2-17fd-42da-b9ea-b20a194fec05,2025-09-09,1
AA35EED1-E684-4215-2022-08DDCF3F60E6,d5900ef2-17fd-42da-b9ea-b20a194fec05,2025-09-10,1
FD92C281-9EA7-4FBC-2023-08DDCF3F60E6,d5900ef2-17fd-42da-b9ea-b20a194fec05,2025-09-11,1
2A5D8D30-4168-49EC-2024-08DDCF3F60E6,d5900ef2-17fd-42da-b9ea-b20a194fec05,2025-09-12,1
87E5C0D7-E5E7-4875-2025-08DDCF3F60E6,d5900ef2-17fd-42da-b9ea-b20a194fec05,2025-09-13,1
350FE966-B276-4279-2026-08DDCF3F60E6,d5900ef2-17fd-42da-b9ea-b20a194fec05,2025-09-14,1
59E6889C-724A-4A82-2027-08DDCF3F60E6,d5900ef2-17fd-42da-b9ea-b20a194fec05,2025-09-15,1
43130186-DDDD-4F14-2028-08DDCF3F60E6,d5900ef2-17fd-42da-b9ea-b20a194fec05,2025-09-16,1
3ECA5FB4-3B37-42E8-202A-08DDCF3F60E6,f488e272-24db-42ce-9d36-80a013657223,2025-10-07,2
D1A7178C-C53A-4FA9-202B-08DDCF3F60E6,f488e272-24db-42ce-9d36-80a013657223,2025-09-17,2
DB024821-DD05-4A60-202E-08DDCF3F60E6,1a75df7a-e558-47c6-8af0-033582318b99,2025-08-25,2
93F8FD34-B079-4D0A-202F-08DDCF3F60E6,c720feeb-93e1-4d88-b275-525f95f377ee,2025-08-26,2
B1100944-60F3-43CC-87A0-08DDCFFB74CE,27e0791f-5767-4877-b1e4-c80aceb86623,2025-08-20,2
0BBDD39A-6699-4289-4187-08DDD018A22D,27e0791f-5767-4877-b1e4-c80aceb86623,2025-08-26,2
9076D65A-51E6-4A07-4188-08DDD018A22D,0fac737b-0e61-46db-a27a-52730d65cb9a,2025-08-11,2
9AB7678C-9E07-4EDA-3FD5-08DDD04C228D,1ddcffe7-c2ad-4836-a35b-75b12da1d336,2025-08-27,2
6BC55596-8B8D-4693-3FD6-08DDD04C228D,b5ca6829-6ac9-4e18-96d7-3282ff6f3250,2025-08-27,2
0F5A5FC1-2074-40B2-3FD7-08DDD04C228D,1ddcffe7-c2ad-4836-a35b-75b12da1d336,2025-08-12,2
98ECBDC1-61F8-4BF4-3FD9-08DDD04C228D,1ddcffe7-c2ad-4836-a35b-75b12da1d336,2025-08-13,2
9CA0F248-A1CE-4F21-3FDA-08DDD04C228D,6663d684-ce88-47ff-a4f7-e40d3b82a13f,2025-08-11,2
6A5B0361-4CA9-4C75-74AB-08DDD0B441A2,27e0791f-5767-4877-b1e4-c80aceb86623,2025-08-27,2
96780478-1EC0-4441-E5FD-08DDD0BF2CDE,c720feeb-93e1-4d88-b275-525f95f377ee,2025-08-28,2
E3361376-D09B-433D-E5FE-08DDD0BF2CDE,c720feeb-93e1-4d88-b275-525f95f377ee,2025-08-27,2
883F292B-2218-47F3-E5FF-08DDD0BF2CDE,ab577efb-8d05-4666-a51a-6b95edc5ec45,2025-08-13,2
0DBB6942-52AE-4300-474C-08DDD1A8D56E,6663d684-ce88-47ff-a4f7-e40d3b82a13f,2025-08-17,2
F8B2EEA8-F01B-40D9-474D-08DDD1A8D56E,57f57d9a-735a-4bcc-afb6-f2799bd738a4,2025-08-16,2
556F44F4-48EF-4D01-474E-08DDD1A8D56E,57f57d9a-735a-4bcc-afb6-f2799bd738a4,2025-08-17,2
6D207552-B4CF-4BB7-6316-08DDD1E4D6A4,57f57d9a-735a-4bcc-afb6-f2799bd738a4,2025-08-11,2
B0DE1620-D6EC-4165-AFC3-08DDD24E14B6,144bc00f-b27f-49a9-8664-9bcd79ea6975,2025-08-27,2
84AC4E45-4FA9-4851-AFC4-08DDD24E14B6,144bc00f-b27f-49a9-8664-9bcd79ea6975,2025-09-06,2
2430966F-E039-45DE-247C-08DDD2554196,4d71f5cd-5e03-4e0e-b17d-593586b88b99,2025-08-23,2
402827EA-10DA-4B6D-247D-08DDD2554196,4d71f5cd-5e03-4e0e-b17d-593586b88b99,2025-08-29,2
AAF1F791-D374-4CCC-0E7F-08DDD25D13C3,d71b50b4-750e-4644-9786-becc6520c6d7,2025-08-12,2
C2B3B218-B50E-4FFA-0E80-08DDD25D13C3,ff7cc517-15bb-4dc9-a941-2902d92fc311,2025-08-11,2
B3E05419-9FD6-4851-0E81-08DDD25D13C3,d71b50b4-750e-4644-9786-becc6520c6d7,2025-08-13,2
6FD28740-F84E-4881-0E82-08DDD25D13C3,ff7cc517-15bb-4dc9-a941-2902d92fc311,2025-08-12,2
2F431E3C-68D1-4B9C-6584-08DDD28D5471,299503c0-1a91-43dd-8b64-b2b35f44afd6,2025-08-11,2
CE4D0D56-5030-446D-908B-08DDD2ADC58F,1a75df7a-e558-47c6-8af0-033582318b99,2025-08-12,2
5F8304DE-EB16-47E3-908D-08DDD2ADC58F,1a75df7a-e558-47c6-8af0-033582318b99,2025-08-28,2
9CE90CDF-F4C9-4828-908E-08DDD2ADC58F,1a75df7a-e558-47c6-8af0-033582318b99,2025-08-26,2
1A68E01D-BC68-4D90-908F-08DDD2ADC58F,1a75df7a-e558-47c6-8af0-033582318b99,2025-09-08,2
2B7FB173-723D-4521-4DF2-08DDD33D5586,144bc00f-b27f-49a9-8664-9bcd79ea6975,2025-08-15,2
FF64E286-D4A4-4E44-4DF3-08DDD33D5586,0fac737b-0e61-46db-a27a-52730d65cb9a,2025-08-13,2
0A312F0A-F92E-4926-4DF4-08DDD33D5586,0fac737b-0e61-46db-a27a-52730d65cb9a,2025-08-15,2
79379F0A-02CF-426F-4DF7-08DDD33D5586,0d2b5c5a-8a41-4997-ad20-a604731bb160,2025-08-23,2
6B688052-0449-4F4F-C153-08DDD37519F2,43072b87-23d4-4ad6-88f8-7999ef3c86ca,2025-08-11,2
806872FA-92F7-4CEB-C154-08DDD37519F2,43072b87-23d4-4ad6-88f8-7999ef3c86ca,2025-08-13,2
D5BB82E5-D771-4317-BAF5-08DDD3E819E3,ff7cc517-15bb-4dc9-a941-2902d92fc311,2025-08-27,2
58318163-F6F0-4C18-BAF6-08DDD3E819E3,0fac737b-0e61-46db-a27a-52730d65cb9a,2025-08-25,1
E3562D38-C73C-421D-BAF7-08DDD3E819E3,4da65404-40f7-408c-8831-dec60d86d60b,2025-08-14,2
2656DF75-22CB-4577-BB35-08DDD3E819E3,8982ec1f-1303-4c68-a89f-db4b125e1e3b,2025-08-11,1
9EF475AF-82AD-436B-BB36-08DDD3E819E3,8982ec1f-1303-4c68-a89f-db4b125e1e3b,2025-08-12,1
51DA1394-401A-45A7-BB37-08DDD3E819E3,8982ec1f-1303-4c68-a89f-db4b125e1e3b,2025-08-13,1
40DDB3C7-8BB0-4122-BB38-08DDD3E819E3,8982ec1f-1303-4c68-a89f-db4b125e1e3b,2025-08-14,1
68696ADB-203D-4B16-BB39-08DDD3E819E3,8982ec1f-1303-4c68-a89f-db4b125e1e3b,2025-08-15,1
2C7B5EB7-02E8-43EC-BB3A-08DDD3E819E3,8982ec1f-1303-4c68-a89f-db4b125e1e3b,2025-08-16,1
3B9885C6-AEFB-46CC-BB3B-08DDD3E819E3,8982ec1f-1303-4c68-a89f-db4b125e1e3b,2025-08-17,1
A48EA70A-7278-4A9B-BB3C-08DDD3E819E3,8982ec1f-1303-4c68-a89f-db4b125e1e3b,2025-08-18,1
3CA1272C-1AA6-48CB-BB3D-08DDD3E819E3,8982ec1f-1303-4c68-a89f-db4b125e1e3b,2025-08-19,1
ECDC3930-0084-46C7-BB3E-08DDD3E819E3,8982ec1f-1303-4c68-a89f-db4b125e1e3b,2025-08-20,1
EA7C69BE-175B-4EE4-BB3F-08DDD3E819E3,8982ec1f-1303-4c68-a89f-db4b125e1e3b,2025-08-21,1
42FFB8DA-7F2A-4336-BB40-08DDD3E819E3,8982ec1f-1303-4c68-a89f-db4b125e1e3b,2025-08-22,1
E9CD5EB9-3A93-4386-BB41-08DDD3E819E3,8982ec1f-1303-4c68-a89f-db4b125e1e3b,2025-08-23,1
F1421FB5-C4E4-4D5A-BB42-08DDD3E819E3,8982ec1f-1303-4c68-a89f-db4b125e1e3b,2025-08-24,1
1C54A193-1AFB-4570-BB43-08DDD3E819E3,8982ec1f-1303-4c68-a89f-db4b125e1e3b,2025-08-25,1
077E7044-AD0C-453B-AE02-08DDD3F9D3FA,0fac737b-0e61-46db-a27a-52730d65cb9a,2025-08-26,2
A9D17653-5442-48C0-AE03-08DDD3F9D3FA,7afecb62-aa18-4106-a82b-a906fa7e488d,2025-08-17,1
6B1EEDE2-D1B8-498E-AE04-08DDD3F9D3FA,7afecb62-aa18-4106-a82b-a906fa7e488d,2025-08-18,1
55620E05-DA80-4B64-AE05-08DDD3F9D3FA,7afecb62-aa18-4106-a82b-a906fa7e488d,2025-08-19,1
7325CD9F-412D-4FDB-AE06-08DDD3F9D3FA,7afecb62-aa18-4106-a82b-a906fa7e488d,2025-08-20,1
316F4BB9-1BB4-4BC8-AE07-08DDD3F9D3FA,7afecb62-aa18-4106-a82b-a906fa7e488d,2025-08-21,1
808795B0-71A0-4638-AE08-08DDD3F9D3FA,7afecb62-aa18-4106-a82b-a906fa7e488d,2025-08-22,1
7155EB0E-87D1-44E3-AE09-08DDD3F9D3FA,7afecb62-aa18-4106-a82b-a906fa7e488d,2025-08-23,1
A1598797-CDDE-418A-AE0A-08DDD3F9D3FA,7afecb62-aa18-4106-a82b-a906fa7e488d,2025-08-24,1
63D8FDED-0139-4F17-AE0B-08DDD3F9D3FA,ff7cc517-15bb-4dc9-a941-2902d92fc311,2025-08-28,2
F516428F-7CBD-42C5-AE0C-08DDD3F9D3FA,ff7cc517-15bb-4dc9-a941-2902d92fc311,2025-08-19,2
B218B53E-8788-4A3E-AE17-08DDD3F9D3FA,2320cb1b-d64f-4486-aabe-9754c12a1d06,2025-08-19,2
01421956-4611-4518-AE18-08DDD3F9D3FA,2320cb1b-d64f-4486-aabe-9754c12a1d06,2025-09-25,2
C86B626E-22B6-4AF4-078F-08DDD4BED1FB,144bc00f-b27f-49a9-8664-9bcd79ea6975,2025-08-24,2
20826592-289A-4654-0790-08DDD4BED1FB,57f57d9a-735a-4bcc-afb6-f2799bd738a4,2025-08-27,2
8B9FDCF9-9EEE-4DE5-0791-08DDD4BED1FB,57f57d9a-735a-4bcc-afb6-f2799bd738a4,2025-08-28,2
733D9EC2-EFCE-4C85-0792-08DDD4BED1FB,57f57d9a-735a-4bcc-afb6-f2799bd738a4,2025-08-25,2
FAA081CC-1C31-4AB3-0793-08DDD4BED1FB,96b641a5-1e20-43b7-b1fb-3f2921eaca46,2025-09-08,1
88E55766-4745-4626-0794-08DDD4BED1FB,96b641a5-1e20-43b7-b1fb-3f2921eaca46,2025-09-09,1
AEF18F42-7DA2-4B93-0795-08DDD4BED1FB,b8eaaef1-8890-4d24-8c6c-3db23f8812a0,2025-08-18,2
E252025B-904B-4333-1D56-08DDD4EF9F2B,ff7cc517-15bb-4dc9-a941-2902d92fc311,2025-08-29,2
DD15AA43-003D-47FE-1D57-08DDD4EF9F2B,ff7cc517-15bb-4dc9-a941-2902d92fc311,2025-09-18,1
34E52D93-91FA-4071-1D58-08DDD4EF9F2B,ff7cc517-15bb-4dc9-a941-2902d92fc311,2025-09-19,1
FF2E4BC0-D9E1-4703-1D59-08DDD4EF9F2B,ff7cc517-15bb-4dc9-a941-2902d92fc311,2025-09-20,1
557E8769-FA76-4802-1D5A-08DDD4EF9F2B,ff7cc517-15bb-4dc9-a941-2902d92fc311,2025-09-21,1
6BA77CDA-5B5E-4DA5-AE3F-08DDD5177B7D,1ddcffe7-c2ad-4836-a35b-75b12da1d336,2025-08-28,2
FD9E382B-95F6-49BD-5070-08DDD5A1E143,4afd5d07-d782-4b98-92cb-eea7ca0104bf,2025-07-14,1
2E50440A-5959-421F-5071-08DDD5A1E143,4afd5d07-d782-4b98-92cb-eea7ca0104bf,2025-07-15,1
5E447E46-BBF6-4372-5072-08DDD5A1E143,4afd5d07-d782-4b98-92cb-eea7ca0104bf,2025-07-16,1
82312562-83FD-4289-5073-08DDD5A1E143,4afd5d07-d782-4b98-92cb-eea7ca0104bf,2025-07-17,1
CD68BE36-76AB-4A23-5074-08DDD5A1E143,4afd5d07-d782-4b98-92cb-eea7ca0104bf,2025-07-18,1
5797B742-38DD-4A8F-5075-08DDD5A1E143,4afd5d07-d782-4b98-92cb-eea7ca0104bf,2025-07-19,1
EA9CD96D-9CD5-4258-5076-08DDD5A1E143,4afd5d07-d782-4b98-92cb-eea7ca0104bf,2025-07-20,1
489035D8-CE47-473B-5077-08DDD5A1E143,4afd5d07-d782-4b98-92cb-eea7ca0104bf,2025-07-21,1
0C29238B-3957-439B-5078-08DDD5A1E143,4afd5d07-d782-4b98-92cb-eea7ca0104bf,2025-07-22,1
FA485A32-85B5-45A3-5079-08DDD5A1E143,4afd5d07-d782-4b98-92cb-eea7ca0104bf,2025-07-23,1
84B1EDB9-DEC5-43B0-507A-08DDD5A1E143,4afd5d07-d782-4b98-92cb-eea7ca0104bf,2025-07-24,1
6213ED90-9466-4E23-507B-08DDD5A1E143,4afd5d07-d782-4b98-92cb-eea7ca0104bf,2025-07-25,1
D7E884E9-9C81-47A2-507C-08DDD5A1E143,4afd5d07-d782-4b98-92cb-eea7ca0104bf,2025-07-26,1
231346B6-5114-4997-507D-08DDD5A1E143,4afd5d07-d782-4b98-92cb-eea7ca0104bf,2025-07-27,1
1D4C930C-F691-42AD-B2C0-08DDD6F120A4,b8eaaef1-8890-4d24-8c6c-3db23f8812a0,2025-08-19,2
383E9F5D-BBB7-46F2-95C6-08DDD70DB05B,1b96029f-d249-4657-97e1-ce4086f265fc,2025-08-23,2
18B73B12-EB40-4131-95C7-08DDD70DB05B,1b96029f-d249-4657-97e1-ce4086f265fc,2025-08-24,2
BE7C16E5-238F-4191-95C8-08DDD70DB05B,144bc00f-b27f-49a9-8664-9bcd79ea6975,2025-09-04,2
B84BDC29-D2C5-4428-95C9-08DDD70DB05B,1ddcffe7-c2ad-4836-a35b-75b12da1d336,2025-08-24,2
A7B6D077-1C51-408D-95CA-08DDD70DB05B,925fe8e4-a2de-433d-8c9d-b07fd34a8c36,2025-08-29,2
0706F0E6-25F6-443E-95CB-08DDD70DB05B,925fe8e4-a2de-433d-8c9d-b07fd34a8c36,2025-08-30,2
4304CE3D-AAF6-4BDE-95CC-08DDD70DB05B,925fe8e4-a2de-433d-8c9d-b07fd34a8c36,2025-08-31,2
22EF46AD-EFEE-4A5C-A171-08DDD737E3E5,9964c775-c7f7-42d2-9d2c-a75cb68487d1,2025-08-20,2
334A1536-6242-40DF-A172-08DDD737E3E5,9964c775-c7f7-42d2-9d2c-a75cb68487d1,2025-08-25,2
00CE6DE4-B21B-4A75-2743-08DDD77CEFA4,d71b50b4-750e-4644-9786-becc6520c6d7,2025-08-22,2
7ACF7A20-7028-44FD-2744-08DDD77CEFA4,d71b50b4-750e-4644-9786-becc6520c6d7,2025-08-21,2
3FF3D5B2-106B-43DE-83F3-08DDD7E86D17,43072b87-23d4-4ad6-88f8-7999ef3c86ca,2025-08-18,2
84E59969-E390-45BB-83F4-08DDD7E86D17,43072b87-23d4-4ad6-88f8-7999ef3c86ca,2025-08-23,2
203A47C3-5AD6-451C-83F5-08DDD7E86D17,43072b87-23d4-4ad6-88f8-7999ef3c86ca,2025-08-24,2
F7432A05-813B-4EDE-7162-08DDD7FF28EB,1641a578-00b2-4973-955d-095bc254d709,2025-08-28,2
C88D979B-6D4A-47C1-7163-08DDD7FF28EB,1641a578-00b2-4973-955d-095bc254d709,2025-08-29,2
3E0D14F7-A3A8-45D6-AF46-08DDD8A2926C,f538e494-84f3-4ea8-ae3b-f0f142294fbe,2025-08-22,2
F88DF26A-DF97-40D3-AF47-08DDD8A2926C,f538e494-84f3-4ea8-ae3b-f0f142294fbe,2025-08-23,2
7F3353D7-EF20-4CE4-AF49-08DDD8A2926C,6663d684-ce88-47ff-a4f7-e40d3b82a13f,2025-08-22,2
25826332-3E7A-404B-4465-08DDD8F46E0B,1a75df7a-e558-47c6-8af0-033582318b99,2025-08-27,2
861FF0C2-F8FB-4BB7-3395-08DDD97F964B,78732633-0af4-4912-9602-d3923d7c10d0,2025-08-27,2
E847B6A3-C0F7-407D-2BA2-08DDDA3D9EDD,38b41087-0565-4dea-8ddf-e3b522a14368,2025-08-10,1
7463DDEA-2149-49C1-2BA3-08DDDA3D9EDD,38b41087-0565-4dea-8ddf-e3b522a14368,2025-08-11,1
E97129B6-FE61-4677-2BA4-08DDDA3D9EDD,38b41087-0565-4dea-8ddf-e3b522a14368,2025-08-12,1
CE64B1C5-618B-4785-2BA5-08DDDA3D9EDD,4afd5d07-d782-4b98-92cb-eea7ca0104bf,2025-08-19,2
CE42A302-32FB-4959-2BA6-08DDDA3D9EDD,4afd5d07-d782-4b98-92cb-eea7ca0104bf,2025-08-20,2
9F71A0DA-11C2-495C-2BA7-08DDDA3D9EDD,9b1e36ac-7e99-4109-b4c6-9a85c1bf7719,2025-08-21,2
36FE73C0-9B64-4F3C-2BA8-08DDDA3D9EDD,57f57d9a-735a-4bcc-afb6-f2799bd738a4,2025-08-22,2
36FEEC5A-0C17-496F-2BA9-08DDDA3D9EDD,4afd5d07-d782-4b98-92cb-eea7ca0104bf,2025-08-23,2
F5AB4866-A9B0-4F34-2BAA-08DDDA3D9EDD,4afd5d07-d782-4b98-92cb-eea7ca0104bf,2025-08-24,2
6CA8E75D-E6C9-4EE8-E7BF-08DDDA6F264F,4da65404-40f7-408c-8831-dec60d86d60b,2025-09-08,2
8D742A08-9326-44EF-E7C0-08DDDA6F264F,4da65404-40f7-408c-8831-dec60d86d60b,2025-09-10,2
2E40A271-F671-46EB-E7C2-08DDDA6F264F,ff7cc517-15bb-4dc9-a941-2902d92fc311,2025-09-05,2
5546561D-8146-4391-E7C3-08DDDA6F264F,ff7cc517-15bb-4dc9-a941-2902d92fc311,2025-09-06,2
8F3446C0-E400-430F-E7C4-08DDDA6F264F,ff7cc517-15bb-4dc9-a941-2902d92fc311,2025-09-07,2
C7ABCD63-F685-4161-D281-08DDDAF47E8F,1641a578-00b2-4973-955d-095bc254d709,2025-08-25,2
B13DE8A0-F823-4C69-D282-08DDDAF47E8F,7afecb62-aa18-4106-a82b-a906fa7e488d,2025-08-28,2
3E839AE9-E40A-46A1-2BCD-08DDDB1F9AE5,66d45786-61fa-43a9-af9f-7a5341abfc6e,2025-08-11,1
ED9BC4DB-3FE4-414A-2BCE-08DDDB1F9AE5,66d45786-61fa-43a9-af9f-7a5341abfc6e,2025-08-12,1
09A86FF1-A290-4534-A8B2-08DDDB3D821E,fafe9819-8c58-4398-a1cc-77584270b6ed,2025-08-27,2
8C619834-6B6F-4F0D-0653-08DDDB50C4FA,1916bf76-0235-4795-91ba-407148f8a703,2025-08-27,2
BFBBA149-6209-45FA-0654-08DDDB50C4FA,9b1e36ac-7e99-4109-b4c6-9a85c1bf7719,2025-08-27,2
D79B8B8D-EAFE-4F14-1231-08DDDBC3CF01,43072b87-23d4-4ad6-88f8-7999ef3c86ca,2025-08-27,2
D7836A6B-89EF-4116-1232-08DDDBC3CF01,43072b87-23d4-4ad6-88f8-7999ef3c86ca,2025-08-28,2
DD004DCE-1190-4A1A-37C4-08DDDBF76A9B,d71b50b4-750e-4644-9786-becc6520c6d7,2025-08-27,2
36D33FA8-CB99-4E1D-37C5-08DDDBF76A9B,d71b50b4-750e-4644-9786-becc6520c6d7,2025-08-29,2
E279A6C1-4F3F-4B1F-3DFC-08DDDCA3D6E6,157e4c9d-980e-4897-ad5f-f4c5c301f195,2025-08-28,2
950D422E-C58B-439B-3DFD-08DDDCA3D6E6,c5ce5a45-2b0a-40ff-a82f-ea5df6501805,2025-08-14,1
88761DAC-0232-4FC4-7877-08DDDCAC33D1,38b41087-0565-4dea-8ddf-e3b522a14368,2025-08-15,1
8BB0F7E9-4E88-4EA9-7631-08DDDCDDFF95,f538e494-84f3-4ea8-ae3b-f0f142294fbe,2025-08-27,2
F41DD675-F454-46B8-EDE7-08DDDD4F5814,c71ec1ec-5e2b-4c33-8c89-de5897a207a6,2025-09-07,2
FB15545B-A4A4-40CF-16EE-08DDDD5C015A,1b96029f-d249-4657-97e1-ce4086f265fc,2025-08-27,2
D19ECBDF-33DB-419C-4C89-08DDDDCCFAC8,6663d684-ce88-47ff-a4f7-e40d3b82a13f,2025-08-29,2
39602DCC-1CD6-4880-4C8A-08DDDDCCFAC8,57f57d9a-735a-4bcc-afb6-f2799bd738a4,2025-08-29,2
713A40AD-E60F-4A66-4C8B-08DDDDCCFAC8,57f57d9a-735a-4bcc-afb6-f2799bd738a4,2025-08-30,2
00C583C8-59C9-4C56-4C8D-08DDDDCCFAC8,57f57d9a-735a-4bcc-afb6-f2799bd738a4,2025-08-30,2
AB24AC4F-EBCE-4666-4C8F-08DDDDCCFAC8,6663d684-ce88-47ff-a4f7-e40d3b82a13f,2025-08-30,2
625FA56C-F30A-44BF-4C90-08DDDDCCFAC8,6663d684-ce88-47ff-a4f7-e40d3b82a13f,2025-08-30,2
DF22C38E-6284-468A-4CCA-08DDDE2BD84F,4da65404-40f7-408c-8831-dec60d86d60b,2025-09-11,1
5154E4CD-AFD2-49AB-4CCB-08DDDE2BD84F,4da65404-40f7-408c-8831-dec60d86d60b,2025-09-12,1
0D17048A-AD81-40DD-4CCC-08DDDE2BD84F,4da65404-40f7-408c-8831-dec60d86d60b,2025-09-13,1
A4D0B3AD-A29E-4525-4CCD-08DDDE2BD84F,4da65404-40f7-408c-8831-dec60d86d60b,2025-09-14,1
231FDC0C-CFBE-4DD8-4CCE-08DDDE2BD84F,38b41087-0565-4dea-8ddf-e3b522a14368,2025-09-10,2
6288862A-DD83-4B6F-4CCF-08DDDE2BD84F,38b41087-0565-4dea-8ddf-e3b522a14368,2025-09-11,2
8854309C-F9FF-4574-4CD0-08DDDE2BD84F,38b41087-0565-4dea-8ddf-e3b522a14368,2025-09-15,2
D645CDD2-3B4D-4D16-4CD1-08DDDE2BD84F,38b41087-0565-4dea-8ddf-e3b522a14368,2025-09-16,2
22387FEC-65AF-4B72-4CD2-08DDDE2BD84F,38b41087-0565-4dea-8ddf-e3b522a14368,2025-09-27,2
2A28F8D7-7F43-4DA6-4CD3-08DDDE2BD84F,38b41087-0565-4dea-8ddf-e3b522a14368,2025-09-28,2
41EFBA56-8482-4B56-4CD4-08DDDE2BD84F,43072b87-23d4-4ad6-88f8-7999ef3c86ca,2025-08-25,2
E08C0BC2-8735-47F7-D0FC-08DDDE8421A7,413e6437-7712-4672-8d5f-80a6c94ef119,2025-08-29,2
972500D7-1BE6-4658-3188-08DDDE9155F8,413e6437-7712-4672-8d5f-80a6c94ef119,2025-08-30,2
FF61969B-AD76-4D9C-3189-08DDDE9155F8,413e6437-7712-4672-8d5f-80a6c94ef119,2025-08-31,2
A72377EC-0D41-4D3D-90C7-08DDDEEE50CF,38b41087-0565-4dea-8ddf-e3b522a14368,2025-08-16,1
4FF4C6BE-EA41-4D94-4BFC-08DDDFC7F04C,0d2b5c5a-8a41-4997-ad20-a604731bb160,2025-09-01,1
BDD7D332-06A3-4E71-4BFD-08DDDFC7F04C,0d2b5c5a-8a41-4997-ad20-a604731bb160,2025-09-02,1
C67C76F7-CCDD-424C-4BFE-08DDDFC7F04C,0d2b5c5a-8a41-4997-ad20-a604731bb160,2025-09-03,1
E403FC2C-590E-4EFB-4BFF-08DDDFC7F04C,0d2b5c5a-8a41-4997-ad20-a604731bb160,2025-09-04,1
BC941DD9-6E32-4046-4C00-08DDDFC7F04C,0d2b5c5a-8a41-4997-ad20-a604731bb160,2025-09-05,1
842EA368-D78C-4FB4-4C02-08DDDFC7F04C,4afd5d07-d782-4b98-92cb-eea7ca0104bf,2025-09-07,1
9C83042B-BBF2-4867-4C03-08DDDFC7F04C,4afd5d07-d782-4b98-92cb-eea7ca0104bf,2025-09-08,1
E7B75FFB-A42C-4CD0-4C04-08DDDFC7F04C,4afd5d07-d782-4b98-92cb-eea7ca0104bf,2025-09-09,1
E41FA040-EF56-4212-4C05-08DDDFC7F04C,4afd5d07-d782-4b98-92cb-eea7ca0104bf,2025-09-10,1
BF3E4991-90AB-457A-4C06-08DDDFC7F04C,4afd5d07-d782-4b98-92cb-eea7ca0104bf,2025-09-11,1
8A9D2361-7C37-4E3D-5FA8-08DDE00BFA31,144bc00f-b27f-49a9-8664-9bcd79ea6975,2025-09-06,2
23D502DD-12A4-48C2-9747-08DDE0744B31,c720feeb-93e1-4d88-b275-525f95f377ee,2025-09-18,2
23244C6E-1DB3-477D-9748-08DDE0744B31,c720feeb-93e1-4d88-b275-525f95f377ee,2025-09-06,2
2E3D6AB8-AC52-4F68-DF81-08DDE09D2238,ab577efb-8d05-4666-a51a-6b95edc5ec45,2025-08-19,1
B48F90EE-3C06-4EFA-DF82-08DDE09D2238,ab577efb-8d05-4666-a51a-6b95edc5ec45,2025-08-17,1
02A5F897-7B15-4422-A6B6-08DDE0E751EC,b8eaaef1-8890-4d24-8c6c-3db23f8812a0,2025-09-02,2
183BA660-AB03-4C83-0CAD-08DDE10A1FEE,144bc00f-b27f-49a9-8664-9bcd79ea6975,2025-09-14,2
034959B3-E203-43EA-0CAE-08DDE10A1FEE,144bc00f-b27f-49a9-8664-9bcd79ea6975,2025-10-04,2
8B0A0AD2-880C-47DC-0CAF-08DDE10A1FEE,144bc00f-b27f-49a9-8664-9bcd79ea6975,2025-10-05,2
F5454690-548D-4C46-6549-08DDE1C47AD9,fa431862-6ab2-46f0-91f3-97ae1452fc85,2025-09-05,2
DBD2F4A2-1DFE-42BE-654A-08DDE1C47AD9,fa431862-6ab2-46f0-91f3-97ae1452fc85,2025-09-07,2
3BEDFD7A-1145-494C-03CE-08DDE20D2750,c71ec1ec-5e2b-4c33-8c89-de5897a207a6,2025-08-22,1
701F79FB-4890-49B8-03CF-08DDE20D2750,fafe9819-8c58-4398-a1cc-77584270b6ed,2025-09-01,2
029438A3-23C9-492F-9EC3-08DDE226B4F9,27e0791f-5767-4877-b1e4-c80aceb86623,2025-09-15,1
86348D4F-D2FC-4C57-15CA-08DDE255C102,d71b50b4-750e-4644-9786-becc6520c6d7,2025-09-03,2
5D14460A-0B88-43B6-98CA-08DDE273FC5C,57f57d9a-735a-4bcc-afb6-f2799bd738a4,2025-09-01,2
7E5F614E-8D33-44B2-98CB-08DDE273FC5C,57f57d9a-735a-4bcc-afb6-f2799bd738a4,2025-09-06,2
67D3FC7C-E492-42A0-F583-08DDE2DEB17D,4d71f5cd-5e03-4e0e-b17d-593586b88b99,2025-09-02,2
CF6EF540-C6BD-468B-F584-08DDE2DEB17D,4d71f5cd-5e03-4e0e-b17d-593586b88b99,2025-09-04,2
388D2856-056B-4957-C7F8-08DDE32ABB99,1ddcffe7-c2ad-4836-a35b-75b12da1d336,2025-09-03,2
58ABAAC5-C504-446F-C7F9-08DDE32ABB99,1ddcffe7-c2ad-4836-a35b-75b12da1d336,2025-09-10,2
8A2EC7C8-98E6-4AC3-C7FA-08DDE32ABB99,1ddcffe7-c2ad-4836-a35b-75b12da1d336,2025-09-15,2
D5DD653A-5CB7-48B3-C7FB-08DDE32ABB99,9b1e36ac-7e99-4109-b4c6-9a85c1bf7719,2025-09-03,2
0398ACC4-E47B-46FA-8867-08DDE3431014,43072b87-23d4-4ad6-88f8-7999ef3c86ca,2025-09-01,2
6D7D254D-77CF-4194-8868-08DDE3431014,43072b87-23d4-4ad6-88f8-7999ef3c86ca,2025-09-02,2
12642719-2092-4C2D-8869-08DDE3431014,43072b87-23d4-4ad6-88f8-7999ef3c86ca,2025-09-04,2
23530452-A2BB-48C3-886A-08DDE3431014,43072b87-23d4-4ad6-88f8-7999ef3c86ca,2025-09-06,2
47B67B07-F094-4489-FA23-08DDE3A80466,c71ec1ec-5e2b-4c33-8c89-de5897a207a6,2025-09-11,2
C444F8DE-5769-44D2-FA24-08DDE3A80466,78732633-0af4-4912-9602-d3923d7c10d0,2025-08-23,1
1B3B389A-35E3-43B3-FA25-08DDE3A80466,2c075776-4fd8-49f3-b781-7842bd8156de,2025-09-02,2
61F1EDC1-4B8E-4AD6-FA26-08DDE3A80466,2c075776-4fd8-49f3-b781-7842bd8156de,2025-09-04,2
C4C71A75-1107-4BD8-FA27-08DDE3A80466,1916bf76-0235-4795-91ba-407148f8a703,2025-09-15,2
1434B350-24F1-4FB4-FA28-08DDE3A80466,fafe9819-8c58-4398-a1cc-77584270b6ed,2025-09-15,2
95B8D220-BF05-4C52-FA29-08DDE3A80466,d71b50b4-750e-4644-9786-becc6520c6d7,2025-09-06,2
EC7297B5-E60C-4B10-FA2A-08DDE3A80466,11838d58-5415-42bd-8c7f-3bef4f9db2aa,2025-09-04,2
F23B1985-04EA-4B8D-FA2B-08DDE3A80466,b5ca6829-6ac9-4e18-96d7-3282ff6f3250,2025-09-04,2
51F1C3CA-774D-46FD-FA2C-08DDE3A80466,b5ca6829-6ac9-4e18-96d7-3282ff6f3250,2025-09-25,2
22A20990-2FB3-41FA-FA2D-08DDE3A80466,1ddcffe7-c2ad-4836-a35b-75b12da1d336,2025-09-14,2
54C2B343-6F3B-4455-FA2E-08DDE3A80466,1ddcffe7-c2ad-4836-a35b-75b12da1d336,2025-09-06,2
22B460BA-114B-49DE-FA2F-08DDE3A80466,1ddcffe7-c2ad-4836-a35b-75b12da1d336,2025-09-06,2
16CED794-A399-44BE-FA30-08DDE3A80466,1ddcffe7-c2ad-4836-a35b-75b12da1d336,2025-09-07,2
E23434DF-85EB-4182-FA31-08DDE3A80466,c720feeb-93e1-4d88-b275-525f95f377ee,2025-09-10,2
06F448CC-CBF6-471A-FA32-08DDE3A80466,c720feeb-93e1-4d88-b275-525f95f377ee,2025-09-09,2
A0E2C513-C709-4FE7-F607-08DDE3F9D838,1b96029f-d249-4657-97e1-ce4086f265fc,2025-09-15,2
51AAE69D-62AD-4737-F608-08DDE3F9D838,1b96029f-d249-4657-97e1-ce4086f265fc,2025-09-16,2
CDA3014D-EC08-4C7A-B7A1-08DDE403CF7D,7afecb62-aa18-4106-a82b-a906fa7e488d,2025-09-04,2
60CB8B9C-A2C6-4120-39B1-08DDE407FB90,b8eaaef1-8890-4d24-8c6c-3db23f8812a0,2025-09-03,2
A76AA84F-4126-4F57-AFD3-08DDE4B453FD,f538e494-84f3-4ea8-ae3b-f0f142294fbe,2025-09-14,2
BC947D59-F841-4A16-AFD4-08DDE4B453FD,477951d3-95b8-4933-ad3b-ae6f86eafc55,2025-09-04,2
9166B6FA-B2EC-4AFB-AFD5-08DDE4B453FD,157e4c9d-980e-4897-ad5f-f4c5c301f195,2025-09-04,2
233047AA-DA20-4B47-36B4-08DDE53BF30B,c720feeb-93e1-4d88-b275-525f95f377ee,2025-09-05,2
588022F5-6509-4081-36B6-08DDE53BF30B,c71ec1ec-5e2b-4c33-8c89-de5897a207a6,2025-09-03,2
8DF21AC5-9635-4DAE-36B8-08DDE53BF30B,ab577efb-8d05-4666-a51a-6b95edc5ec45,2025-09-03,2
A4D34A7F-5388-450C-017A-08DDE57C4AAA,0fac737b-0e61-46db-a27a-52730d65cb9a,2025-09-09,2
D78FD2EF-ABC8-4717-017B-08DDE57C4AAA,0fac737b-0e61-46db-a27a-52730d65cb9a,2025-09-11,2
C5089A61-7AA6-4AE2-017C-08DDE57C4AAA,0fac737b-0e61-46db-a27a-52730d65cb9a,2025-09-12,2
C45001A6-71DD-4786-9D54-08DDE6D5D5DD,95bf29ca-f6b4-4fbb-88b1-46de45dcf625,2025-08-08,2
68A28872-6EB5-4148-9D55-08DDE6D5D5DD,95bf29ca-f6b4-4fbb-88b1-46de45dcf625,2025-09-16,2
0D8E6840-49A1-4DCC-9D56-08DDE6D5D5DD,f538e494-84f3-4ea8-ae3b-f0f142294fbe,2025-09-11,2
64857F99-940F-4911-9D57-08DDE6D5D5DD,f538e494-84f3-4ea8-ae3b-f0f142294fbe,2025-09-18,2
75C48B8E-0844-4445-9D58-08DDE6D5D5DD,f538e494-84f3-4ea8-ae3b-f0f142294fbe,2025-09-25,2
0D7E2068-3190-4524-9D59-08DDE6D5D5DD,f538e494-84f3-4ea8-ae3b-f0f142294fbe,2025-10-02,2
C30628F6-3060-4AF5-9D5A-08DDE6D5D5DD,f538e494-84f3-4ea8-ae3b-f0f142294fbe,2025-10-09,2
3A5BF567-A2BA-4729-9D5B-08DDE6D5D5DD,f538e494-84f3-4ea8-ae3b-f0f142294fbe,2025-10-16,2
531FEE89-FDDA-4535-9D5C-08DDE6D5D5DD,f538e494-84f3-4ea8-ae3b-f0f142294fbe,2025-10-23,2
7B70A7BE-7A62-42D3-9D5D-08DDE6D5D5DD,f538e494-84f3-4ea8-ae3b-f0f142294fbe,2025-10-30,2
D42E52A1-3647-4A76-9D5F-08DDE6D5D5DD,ab577efb-8d05-4666-a51a-6b95edc5ec45,2025-09-09,2
2A8D3890-6B28-4240-9D60-08DDE6D5D5DD,ab577efb-8d05-4666-a51a-6b95edc5ec45,2025-09-10,2
B6BC2F15-BB25-4BF7-9D61-08DDE6D5D5DD,c5ce5a45-2b0a-40ff-a82f-ea5df6501805,2025-09-12,2
640E3A4F-033A-4FE1-9D62-08DDE6D5D5DD,1b96029f-d249-4657-97e1-ce4086f265fc,2025-09-10,2
50CB9CA0-1F25-44FA-9D63-08DDE6D5D5DD,1b96029f-d249-4657-97e1-ce4086f265fc,2025-09-11,2
07E620FF-74FA-4946-3BC6-08DDE6FE29E1,ff7cc517-15bb-4dc9-a941-2902d92fc311,2025-09-12,2
2F87D89A-474B-4CB1-3BC7-08DDE6FE29E1,ff7cc517-15bb-4dc9-a941-2902d92fc311,2025-09-15,2
FA6B196F-053D-452B-5154-08DDE78AC832,ab577efb-8d05-4666-a51a-6b95edc5ec45,2025-09-12,2
CF623BA1-390E-4649-4FD5-08DDE7B1F769,d71b50b4-750e-4644-9786-becc6520c6d7,2025-09-09,2
0CA2204E-3898-4ADD-4FD6-08DDE7B1F769,d71b50b4-750e-4644-9786-becc6520c6d7,2025-09-10,2
9795952D-996F-4579-4FD7-08DDE7B1F769,d71b50b4-750e-4644-9786-becc6520c6d7,2025-09-13,2
2EBB6D91-44D6-4E38-D924-08DDE7B9D21F,57f57d9a-735a-4bcc-afb6-f2799bd738a4,2025-09-08,2
251B1A19-D51A-418F-D925-08DDE7B9D21F,4d71f5cd-5e03-4e0e-b17d-593586b88b99,2025-09-13,2
496F9D97-7796-49EB-D927-08DDE7B9D21F,6663d684-ce88-47ff-a4f7-e40d3b82a13f,2025-09-13,2
1A6C7EDD-4176-4746-D928-08DDE7B9D21F,6663d684-ce88-47ff-a4f7-e40d3b82a13f,2025-09-13,2
30936561-B32A-4FB1-D929-08DDE7B9D21F,413e6437-7712-4672-8d5f-80a6c94ef119,2025-09-08,2
EC163CC2-530C-4866-D92A-08DDE7B9D21F,9964c775-c7f7-42d2-9d2c-a75cb68487d1,2025-09-17,2
14E27870-A308-411D-D92B-08DDE7B9D21F,b8eaaef1-8890-4d24-8c6c-3db23f8812a0,2025-09-11,2
78CAD208-087F-41F2-D92C-08DDE7B9D21F,9964c775-c7f7-42d2-9d2c-a75cb68487d1,2025-09-14,2
87885747-D62A-4D62-168A-08DDE7E60ACA,b8eaaef1-8890-4d24-8c6c-3db23f8812a0,2025-09-09,2
337FC800-E454-48A0-5DC6-08DDE7F79EBB,fa431862-6ab2-46f0-91f3-97ae1452fc85,2025-09-10,2
CDCBC196-CB56-4F73-E65C-08DDE869280B,299503c0-1a91-43dd-8b64-b2b35f44afd6,2025-09-14,2
611FC542-284B-4A50-E65D-08DDE869280B,299503c0-1a91-43dd-8b64-b2b35f44afd6,2025-09-13,2
8984DBB6-CDD3-47D1-8469-08DDE92FAFFA,1a75df7a-e558-47c6-8af0-033582318b99,2025-08-27,1
B075787B-06E7-44F8-846A-08DDE92FAFFA,c71ec1ec-5e2b-4c33-8c89-de5897a207a6,2025-09-08,2
5032050F-83EA-4BC3-846B-08DDE92FAFFA,c71ec1ec-5e2b-4c33-8c89-de5897a207a6,2025-09-09,2
9ACF2FEF-4C8A-4B7F-846C-08DDE92FAFFA,c71ec1ec-5e2b-4c33-8c89-de5897a207a6,2025-09-10,2
071B3936-55A2-489E-846D-08DDE92FAFFA,c71ec1ec-5e2b-4c33-8c89-de5897a207a6,2025-09-12,2
EA797A50-B63C-486E-846E-08DDE92FAFFA,c71ec1ec-5e2b-4c33-8c89-de5897a207a6,2025-09-13,2
B2277EFD-7DA1-452F-846F-08DDE92FAFFA,c71ec1ec-5e2b-4c33-8c89-de5897a207a6,2025-09-14,2
6DE83DF2-E382-47B2-8470-08DDE92FAFFA,27e0791f-5767-4877-b1e4-c80aceb86623,2025-11-09,1
79F1657B-6071-4161-8471-08DDE92FAFFA,ff7cc517-15bb-4dc9-a941-2902d92fc311,2025-11-09,1
6A9E66A9-23E8-4660-8473-08DDE92FAFFA,144bc00f-b27f-49a9-8664-9bcd79ea6975,2025-09-08,2
4B2F351B-33A5-44A6-8474-08DDE92FAFFA,b5ca6829-6ac9-4e18-96d7-3282ff6f3250,2025-09-11,2
51D2470A-E0E6-4C28-8475-08DDE92FAFFA,b5ca6829-6ac9-4e18-96d7-3282ff6f3250,2025-09-12,2
26008895-8D19-4CDE-13FB-08DDE96A3DEA,c280d18d-86b9-4bba-85e6-2c00472efd9d,2025-09-08,2
61465A5D-C724-4ECC-13FC-08DDE96A3DEA,c280d18d-86b9-4bba-85e6-2c00472efd9d,2025-09-10,2
D49A5C68-94E4-4733-13FE-08DDE96A3DEA,4afd5d07-d782-4b98-92cb-eea7ca0104bf,2025-09-12,2
DBF1B6CC-0EBB-4C9A-13FF-08DDE96A3DEA,c280d18d-86b9-4bba-85e6-2c00472efd9d,2025-11-09,1
048DABE2-9AE4-4749-8997-08DDE979E695,1b96029f-d249-4657-97e1-ce4086f265fc,2025-09-14,2
AF8C218A-BE03-41D6-8998-08DDE979E695,fafe9819-8c58-4398-a1cc-77584270b6ed,2025-09-10,2
9F6259B9-0647-4CAE-4084-08DDE99B7273,1641a578-00b2-4973-955d-095bc254d709,2025-09-12,2
F809EEC8-3C1B-470A-DCB5-08DDEA5705D3,413e6437-7712-4672-8d5f-80a6c94ef119,2025-09-15,2
6D1A4984-0150-4A28-A7D6-08DDEAA569FC,144bc00f-b27f-49a9-8664-9bcd79ea6975,2025-10-06,2
0CFC78BB-260E-4E9F-A7D7-08DDEAA569FC,144bc00f-b27f-49a9-8664-9bcd79ea6975,2025-10-06,2
3DB207EE-0910-421C-A7D8-08DDEAA569FC,1ddcffe7-c2ad-4836-a35b-75b12da1d336,2025-09-19,2
B10F8C13-08E7-4609-A7D9-08DDEAA569FC,1ddcffe7-c2ad-4836-a35b-75b12da1d336,2025-09-23,2
249AB2ED-1FF0-40B9-A860-08DDEABB7A43,1ddcffe7-c2ad-4836-a35b-75b12da1d336,2025-09-12,2
EAC71616-90DD-4BD4-A862-08DDEABB7A43,27e0791f-5767-4877-b1e4-c80aceb86623,2025-09-12,2
7E93F4D3-0245-4122-A863-08DDEABB7A43,b5ca6829-6ac9-4e18-96d7-3282ff6f3250,2025-09-29,2
7DA5E580-66B5-4584-A864-08DDEABB7A43,157e4c9d-980e-4897-ad5f-f4c5c301f195,2025-09-09,2
3858E847-F54C-4B02-A866-08DDEABB7A43,4d71f5cd-5e03-4e0e-b17d-593586b88b99,2025-09-09,2
961F264A-5DA7-4CB3-0317-08DDEB8C1D40,27e0791f-5767-4877-b1e4-c80aceb86623,2025-11-09,1
0102116C-F0E7-4AAE-AF06-08DDEC5F7989,8982ec1f-1303-4c68-a89f-db4b125e1e3b,2025-09-04,1
78506822-3366-41F4-AF07-08DDEC5F7989,ff7cc517-15bb-4dc9-a941-2902d92fc311,2025-09-22,2
83832227-40AF-4C38-AF08-08DDEC5F7989,ff7cc517-15bb-4dc9-a941-2902d92fc311,2025-10-05,2
C9FEE30C-9C35-4D5A-AF09-08DDEC5F7989,b5ca6829-6ac9-4e18-96d7-3282ff6f3250,2025-09-19,2
9DFB4E6E-A3B1-4792-AF0B-08DDEC5F7989,299503c0-1a91-43dd-8b64-b2b35f44afd6,2025-09-21,2
304C05C1-C954-4847-816B-08DDED185677,157e4c9d-980e-4897-ad5f-f4c5c301f195,2025-09-15,2
1C771BDE-A3B1-4A23-816C-08DDED185677,157e4c9d-980e-4897-ad5f-f4c5c301f195,2025-09-16,2
3009E2A3-38A6-44D9-9A51-08DDED6A8DCC,b8eaaef1-8890-4d24-8c6c-3db23f8812a0,2025-09-15,2
416D5576-8388-47AD-4796-08DDED95FCA5,d71b50b4-750e-4644-9786-becc6520c6d7,2025-09-15,2
8B16064F-2003-425C-4797-08DDED95FCA5,d71b50b4-750e-4644-9786-becc6520c6d7,2025-09-18,2
79F53ED6-4AEE-4B7E-4798-08DDED95FCA5,d71b50b4-750e-4644-9786-becc6520c6d7,2025-09-20,2
5DBA8746-DB67-4D08-36A3-08DDEDA17B3F,2c075776-4fd8-49f3-b781-7842bd8156de,2025-09-16,2
AA1B1099-401E-41AA-4EE9-08DDEDD6637F,4d71f5cd-5e03-4e0e-b17d-593586b88b99,2025-09-15,2
25D61F99-EBA0-4875-4EEA-08DDEDD6637F,4d71f5cd-5e03-4e0e-b17d-593586b88b99,2025-09-16,2
EDEAD545-3EDD-4186-4EEB-08DDEDD6637F,4d71f5cd-5e03-4e0e-b17d-593586b88b99,2025-09-19,2
81E5FED3-5284-40D8-4EEC-08DDEDD6637F,0d2b5c5a-8a41-4997-ad20-a604731bb160,2025-09-18,2
58EAC482-785F-481C-5635-08DDEEA0EAAF,57f57d9a-735a-4bcc-afb6-f2799bd738a4,2025-09-16,2
76ABDB03-4F7C-47F5-5636-08DDEEA0EAAF,1ddcffe7-c2ad-4836-a35b-75b12da1d336,2025-09-16,2
21939C63-3C78-481E-5637-08DDEEA0EAAF,1ddcffe7-c2ad-4836-a35b-75b12da1d336,2025-09-21,2
D1112130-B9BC-443B-5638-08DDEEA0EAAF,57f57d9a-735a-4bcc-afb6-f2799bd738a4,2025-09-19,2
BE0BA3D1-B97A-43B3-5639-08DDEEA0EAAF,c720feeb-93e1-4d88-b275-525f95f377ee,2025-09-15,2
E2F9FBD6-5EC7-4727-563A-08DDEEA0EAAF,c720feeb-93e1-4d88-b275-525f95f377ee,2025-09-19,2
B9E0E6E0-6245-4F18-563B-08DDEEA0EAAF,38b41087-0565-4dea-8ddf-e3b522a14368,2025-09-15,2
76B8D204-5385-4909-563C-08DDEEA0EAAF,38b41087-0565-4dea-8ddf-e3b522a14368,2025-09-29,2
C1DED2EB-E776-49C3-563D-08DDEEA0EAAF,38b41087-0565-4dea-8ddf-e3b522a14368,2025-10-28,2
D0BE67F0-5AC2-488E-563E-08DDEEA0EAAF,38b41087-0565-4dea-8ddf-e3b522a14368,2025-11-25,2
265883B4-41FC-4E4A-563F-08DDEEA0EAAF,ab577efb-8d05-4666-a51a-6b95edc5ec45,2025-09-17,2
16F4E3B9-195A-4C09-5640-08DDEEA0EAAF,b8eaaef1-8890-4d24-8c6c-3db23f8812a0,2025-09-18,2
34B43A20-E34A-4071-5641-08DDEEA0EAAF,1a75df7a-e558-47c6-8af0-033582318b99,2025-09-15,2
F340D055-5B3B-45BE-5643-08DDEEA0EAAF,1a75df7a-e558-47c6-8af0-033582318b99,2025-09-16,2
6E3C7F64-CB3A-4D0D-5644-08DDEEA0EAAF,1a75df7a-e558-47c6-8af0-033582318b99,2025-09-17,2
17C6AF6F-B9AF-4BDD-5645-08DDEEA0EAAF,1a75df7a-e558-47c6-8af0-033582318b99,2025-09-18,2
F5E46EA5-455C-4F3F-5649-08DDEEA0EAAF,1a75df7a-e558-47c6-8af0-033582318b99,2025-09-21,2
9204743A-8B4B-4032-E4DB-08DDEEB89F44,1a75df7a-e558-47c6-8af0-033582318b99,2025-09-19,2
FEF8D337-30A0-4A59-E4DC-08DDEEB89F44,1a75df7a-e558-47c6-8af0-033582318b99,2025-09-19,2
96A2A978-BA1F-4558-E4DE-08DDEEB89F44,0fac737b-0e61-46db-a27a-52730d65cb9a,2025-08-11,1
3FEE1663-3382-461A-E4DF-08DDEEB89F44,144bc00f-b27f-49a9-8664-9bcd79ea6975,2025-09-19,2
FB3FBDF1-C304-4CE4-E4E0-08DDEEB89F44,144bc00f-b27f-49a9-8664-9bcd79ea6975,2025-09-21,2
92D17FB4-FD2E-4A4E-E4E1-08DDEEB89F44,144bc00f-b27f-49a9-8664-9bcd79ea6975,2025-10-11,2
2C4B9571-CF39-4CE2-E4E2-08DDEEB89F44,144bc00f-b27f-49a9-8664-9bcd79ea6975,2025-10-12,2
4B1777A9-E674-4ECA-E4E3-08DDEEB89F44,144bc00f-b27f-49a9-8664-9bcd79ea6975,2025-10-12,2
4595C89D-9570-48D9-E4E5-08DDEEB89F44,144bc00f-b27f-49a9-8664-9bcd79ea6975,2025-10-15,2
3222B25F-7D70-4B36-E4E6-08DDEEB89F44,144bc00f-b27f-49a9-8664-9bcd79ea6975,2025-10-15,2
39290CCB-AD16-407C-E4E7-08DDEEB89F44,144bc00f-b27f-49a9-8664-9bcd79ea6975,2025-10-19,2
921BC041-94FC-41EE-E248-08DDEEFE0976,c280d18d-86b9-4bba-85e6-2c00472efd9d,2025-09-16,2
7CE9B28C-6209-4293-E249-08DDEEFE0976,c280d18d-86b9-4bba-85e6-2c00472efd9d,2025-09-17,2
A5395203-FC97-4CB7-E24A-08DDEEFE0976,c280d18d-86b9-4bba-85e6-2c00472efd9d,2025-09-15,2
59D4ECC9-C3E0-469B-8A86-08DDEF0C287D,fa431862-6ab2-46f0-91f3-97ae1452fc85,2025-09-22,2
07119610-FC03-4D5C-8A87-08DDEF0C287D,fa431862-6ab2-46f0-91f3-97ae1452fc85,2025-09-23,2
97095144-27FC-4FB7-4C11-08DDEF6CE0B1,f488e272-24db-42ce-9d36-80a013657223,2025-09-23,2
C4D04121-33C0-4DC6-4C12-08DDEF6CE0B1,1916bf76-0235-4795-91ba-407148f8a703,2025-09-27,2
55FDEE4B-DF67-4C0C-4C13-08DDEF6CE0B1,1916bf76-0235-4795-91ba-407148f8a703,2025-09-28,2
41A25237-6E25-40CE-4C14-08DDEF6CE0B1,fafe9819-8c58-4398-a1cc-77584270b6ed,2025-09-29,2
D814D83F-0E24-497E-4C15-08DDEF6CE0B1,9b1e36ac-7e99-4109-b4c6-9a85c1bf7719,2025-09-20,2
E34D83D0-58C0-4AC4-4C16-08DDEF6CE0B1,9b1e36ac-7e99-4109-b4c6-9a85c1bf7719,2025-09-21,2
3912C765-AAAB-4329-4C17-08DDEF6CE0B1,9b1e36ac-7e99-4109-b4c6-9a85c1bf7719,2025-09-21,2
DA16653F-60B7-42EB-4C18-08DDEF6CE0B1,1916bf76-0235-4795-91ba-407148f8a703,2025-09-29,2
89D3215D-77F2-4388-4C19-08DDEF6CE0B1,9b1e36ac-7e99-4109-b4c6-9a85c1bf7719,2025-09-22,2
B91EEC59-D356-468B-4C1B-08DDEF6CE0B1,9b1e36ac-7e99-4109-b4c6-9a85c1bf7719,2025-09-24,2
AE86E11B-4312-4E07-4C1D-08DDEF6CE0B1,0fac737b-0e61-46db-a27a-52730d65cb9a,2025-09-19,2
BE188BE6-C3FA-4E0C-4C1E-08DDEF6CE0B1,0fac737b-0e61-46db-a27a-52730d65cb9a,2025-09-18,2
2F0870A2-1F0B-441D-4C1F-08DDEF6CE0B1,0fac737b-0e61-46db-a27a-52730d65cb9a,2025-09-16,2
84C8AF6C-5744-40FE-4C20-08DDEF6CE0B1,ff7cc517-15bb-4dc9-a941-2902d92fc311,2025-10-24,2
15CE969B-6382-422E-7228-08DDEFE728F1,57f57d9a-735a-4bcc-afb6-f2799bd738a4,2025-09-22,2
DCB33D2A-C3DF-479F-7229-08DDEFE728F1,57f57d9a-735a-4bcc-afb6-f2799bd738a4,2025-09-24,2
64DD2071-6198-4B6D-D864-08DDF02941F2,c71ec1ec-5e2b-4c33-8c89-de5897a207a6,2025-09-29,2
A3AC41CA-7792-4959-3D29-08DDF04A76C4,477951d3-95b8-4933-ad3b-ae6f86eafc55,2025-09-22,2
0B197689-4C7C-4AA6-5304-08DDF1054E7E,f488e272-24db-42ce-9d36-80a013657223,2025-10-05,2
1369DFD3-225E-470E-5305-08DDF1054E7E,f488e272-24db-42ce-9d36-80a013657223,2025-10-12,2
F1C1A1D4-5616-4DBF-5307-08DDF1054E7E,b8eaaef1-8890-4d24-8c6c-3db23f8812a0,2025-09-19,1
0CB77192-3FC7-435D-5308-08DDF1054E7E,b8eaaef1-8890-4d24-8c6c-3db23f8812a0,2025-09-20,1
22F46143-D2D2-4D4B-5309-08DDF1054E7E,6663d684-ce88-47ff-a4f7-e40d3b82a13f,2025-09-23,2
7C5B651E-81AE-4A90-530A-08DDF1054E7E,95bf29ca-f6b4-4fbb-88b1-46de45dcf625,2025-09-20,2
26AC5064-A639-4279-530B-08DDF1054E7E,95bf29ca-f6b4-4fbb-88b1-46de45dcf625,2025-09-21,2
CABDC37A-DC4F-41CA-531C-08DDF1054E7E,d5900ef2-17fd-42da-b9ea-b20a194fec05,2025-09-01,1
25D03C08-D27C-40AE-531D-08DDF1054E7E,d5900ef2-17fd-42da-b9ea-b20a194fec05,2025-09-02,1
CE7D18EB-A39D-4666-531E-08DDF1054E7E,d5900ef2-17fd-42da-b9ea-b20a194fec05,2025-09-03,1
19289585-92F6-4966-531F-08DDF1054E7E,d5900ef2-17fd-42da-b9ea-b20a194fec05,2025-09-04,1
8F3202B2-7913-414B-5320-08DDF1054E7E,d5900ef2-17fd-42da-b9ea-b20a194fec05,2025-09-05,1
8EAF73E3-FF28-44F0-5321-08DDF1054E7E,d5900ef2-17fd-42da-b9ea-b20a194fec05,2025-09-06,1
7F48AA3A-AAF3-4CD8-5322-08DDF1054E7E,d5900ef2-17fd-42da-b9ea-b20a194fec05,2025-09-07,1
B4A26A2D-2C2E-4194-5323-08DDF1054E7E,d5900ef2-17fd-42da-b9ea-b20a194fec05,2025-09-08,1
2358FFA4-D571-43AA-5324-08DDF1054E7E,d5900ef2-17fd-42da-b9ea-b20a194fec05,2025-09-09,1
74097931-6512-4651-5325-08DDF1054E7E,d5900ef2-17fd-42da-b9ea-b20a194fec05,2025-09-10,1
4D9AA69D-E1FA-440F-5326-08DDF1054E7E,d5900ef2-17fd-42da-b9ea-b20a194fec05,2025-09-11,1
ECA6BFF2-3638-4A39-5327-08DDF1054E7E,d5900ef2-17fd-42da-b9ea-b20a194fec05,2025-09-12,1
EE7C8488-67FC-4E0F-5328-08DDF1054E7E,d5900ef2-17fd-42da-b9ea-b20a194fec05,2025-09-13,1
1DBF7BF2-AAD7-49E2-5329-08DDF1054E7E,d5900ef2-17fd-42da-b9ea-b20a194fec05,2025-09-14,1
F7FFDEED-F38A-44FD-532A-08DDF1054E7E,d5900ef2-17fd-42da-b9ea-b20a194fec05,2025-09-15,1
499525FE-0661-4C56-532B-08DDF1054E7E,d5900ef2-17fd-42da-b9ea-b20a194fec05,2025-09-16,1
99818F1B-0005-436B-532C-08DDF1054E7E,d5900ef2-17fd-42da-b9ea-b20a194fec05,2025-09-17,1
398896BF-587B-43E4-532D-08DDF1054E7E,d5900ef2-17fd-42da-b9ea-b20a194fec05,2025-09-18,1
6981251D-E65B-463B-532E-08DDF1054E7E,d5900ef2-17fd-42da-b9ea-b20a194fec05,2025-09-19,1
8B9D5349-1E06-40E8-532F-08DDF1054E7E,d5900ef2-17fd-42da-b9ea-b20a194fec05,2025-09-20,1
CEB0EEA9-6FA9-488F-5330-08DDF1054E7E,d5900ef2-17fd-42da-b9ea-b20a194fec05,2025-09-21,1
2AAAD34E-6DFB-4BFE-5331-08DDF1054E7E,d5900ef2-17fd-42da-b9ea-b20a194fec05,2025-09-22,1
00849417-286E-475C-5332-08DDF1054E7E,d5900ef2-17fd-42da-b9ea-b20a194fec05,2025-09-23,1
133BA58A-9472-4094-5333-08DDF1054E7E,d5900ef2-17fd-42da-b9ea-b20a194fec05,2025-09-24,1
755DB2D4-E733-47E4-5334-08DDF1054E7E,d5900ef2-17fd-42da-b9ea-b20a194fec05,2025-09-25,1
40970440-7D66-4EEC-5335-08DDF1054E7E,d5900ef2-17fd-42da-b9ea-b20a194fec05,2025-09-26,1
53AF546C-2E01-4D30-5336-08DDF1054E7E,d5900ef2-17fd-42da-b9ea-b20a194fec05,2025-09-27,1
828CDAA1-F844-49A7-5337-08DDF1054E7E,d5900ef2-17fd-42da-b9ea-b20a194fec05,2025-09-28,1
2C0153C7-1302-4D13-5338-08DDF1054E7E,d5900ef2-17fd-42da-b9ea-b20a194fec05,2025-09-29,1
931FCB2C-AB58-45DA-5339-08DDF1054E7E,d5900ef2-17fd-42da-b9ea-b20a194fec05,2025-09-30,1
FC53D220-D8D0-4C10-533A-08DDF1054E7E,f03ea971-0ec2-4be7-aae9-364f3922b741,2025-09-01,1
BB6B58D2-CBCA-45AB-533B-08DDF1054E7E,f03ea971-0ec2-4be7-aae9-364f3922b741,2025-09-02,1
29F78597-B76A-4456-533C-08DDF1054E7E,f03ea971-0ec2-4be7-aae9-364f3922b741,2025-09-03,1
3B05E4A9-7239-41E1-533D-08DDF1054E7E,f03ea971-0ec2-4be7-aae9-364f3922b741,2025-09-04,1
8690499F-E125-4C3F-533E-08DDF1054E7E,f03ea971-0ec2-4be7-aae9-364f3922b741,2025-09-05,1
1E9849D0-204B-4829-533F-08DDF1054E7E,f03ea971-0ec2-4be7-aae9-364f3922b741,2025-09-06,1
46734F3D-5BB5-4571-5340-08DDF1054E7E,f03ea971-0ec2-4be7-aae9-364f3922b741,2025-09-07,1
2B538713-B860-484E-5341-08DDF1054E7E,f03ea971-0ec2-4be7-aae9-364f3922b741,2025-09-08,1
91ADEA20-75B9-4D1E-5342-08DDF1054E7E,f03ea971-0ec2-4be7-aae9-364f3922b741,2025-09-09,1
31024C7B-409E-4FC4-5343-08DDF1054E7E,f03ea971-0ec2-4be7-aae9-364f3922b741,2025-09-10,1
8BB8E446-D0E5-46ED-5344-08DDF1054E7E,f03ea971-0ec2-4be7-aae9-364f3922b741,2025-09-11,1
CBDB7723-41B5-4FB3-5345-08DDF1054E7E,f03ea971-0ec2-4be7-aae9-364f3922b741,2025-09-12,1
F81B0666-254B-4AE5-5346-08DDF1054E7E,f03ea971-0ec2-4be7-aae9-364f3922b741,2025-09-13,1
EA3CC3CD-034A-499E-5347-08DDF1054E7E,f03ea971-0ec2-4be7-aae9-364f3922b741,2025-09-14,1
C01D636A-0C0C-4A80-5348-08DDF1054E7E,f03ea971-0ec2-4be7-aae9-364f3922b741,2025-09-15,1
9E7C730F-4C6A-4E47-5349-08DDF1054E7E,f03ea971-0ec2-4be7-aae9-364f3922b741,2025-09-16,1
5B2C3A33-B291-4C23-534A-08DDF1054E7E,f03ea971-0ec2-4be7-aae9-364f3922b741,2025-09-17,1
37AD652B-9016-426B-534B-08DDF1054E7E,f03ea971-0ec2-4be7-aae9-364f3922b741,2025-09-18,1
33D46625-A0E2-4703-534C-08DDF1054E7E,f03ea971-0ec2-4be7-aae9-364f3922b741,2025-09-19,1
9EE4A5ED-2C8E-49D5-534D-08DDF1054E7E,f03ea971-0ec2-4be7-aae9-364f3922b741,2025-09-20,1
9F87A72B-9505-4D82-534E-08DDF1054E7E,f03ea971-0ec2-4be7-aae9-364f3922b741,2025-09-21,1
9449DD38-57FF-4A9C-534F-08DDF1054E7E,f03ea971-0ec2-4be7-aae9-364f3922b741,2025-09-22,1
4A087792-2033-4DE9-5350-08DDF1054E7E,f03ea971-0ec2-4be7-aae9-364f3922b741,2025-09-23,1
31449781-A88A-4A7B-5351-08DDF1054E7E,f03ea971-0ec2-4be7-aae9-364f3922b741,2025-09-24,1
88BE4B89-F6C1-4C03-5352-08DDF1054E7E,f03ea971-0ec2-4be7-aae9-364f3922b741,2025-09-25,1
6770B4A0-A9B6-4AA2-5353-08DDF1054E7E,f03ea971-0ec2-4be7-aae9-364f3922b741,2025-09-26,1
D82C3702-6644-4555-5354-08DDF1054E7E,f03ea971-0ec2-4be7-aae9-364f3922b741,2025-09-27,1
ABA769C9-E9B0-4369-5355-08DDF1054E7E,f03ea971-0ec2-4be7-aae9-364f3922b741,2025-09-28,1
8DA14A0C-CFEE-4D77-5356-08DDF1054E7E,f03ea971-0ec2-4be7-aae9-364f3922b741,2025-09-29,1
0C4B3ABA-6D4F-4D2E-5357-08DDF1054E7E,f03ea971-0ec2-4be7-aae9-364f3922b741,2025-09-30,1
542CDF54-A7C0-4E56-5358-08DDF1054E7E,8b9bd17e-0e24-43f0-81f3-854b0464555f,2025-09-01,1
3FC47AB5-A267-4FA8-5359-08DDF1054E7E,8b9bd17e-0e24-43f0-81f3-854b0464555f,2025-09-02,1
7A691BC6-E987-4E32-535A-08DDF1054E7E,8b9bd17e-0e24-43f0-81f3-854b0464555f,2025-09-03,1
B337CEC9-8C5B-4F5E-535B-08DDF1054E7E,8b9bd17e-0e24-43f0-81f3-854b0464555f,2025-09-04,1
BA795E95-7EA6-4613-535C-08DDF1054E7E,8b9bd17e-0e24-43f0-81f3-854b0464555f,2025-09-05,1
BCC70549-AF3E-4557-535D-08DDF1054E7E,8b9bd17e-0e24-43f0-81f3-854b0464555f,2025-09-06,1
92C537DF-719B-4F4E-535E-08DDF1054E7E,8b9bd17e-0e24-43f0-81f3-854b0464555f,2025-09-07,1
8A949CA6-5935-4E56-535F-08DDF1054E7E,8b9bd17e-0e24-43f0-81f3-854b0464555f,2025-09-08,1
C9ABC7AD-228E-40D3-5360-08DDF1054E7E,8b9bd17e-0e24-43f0-81f3-854b0464555f,2025-09-09,1
C692EF8B-F1F2-4C5A-5361-08DDF1054E7E,8b9bd17e-0e24-43f0-81f3-854b0464555f,2025-09-10,1
2A0EBE62-B3CC-48F1-5362-08DDF1054E7E,8b9bd17e-0e24-43f0-81f3-854b0464555f,2025-09-11,1
EE4615ED-9958-4180-5363-08DDF1054E7E,8b9bd17e-0e24-43f0-81f3-854b0464555f,2025-09-12,1
C12FA895-2DC6-45B1-5364-08DDF1054E7E,8b9bd17e-0e24-43f0-81f3-854b0464555f,2025-09-13,1
569E72EB-9CB9-4A05-5365-08DDF1054E7E,8b9bd17e-0e24-43f0-81f3-854b0464555f,2025-09-14,1
16FF64F9-D1BB-4438-5366-08DDF1054E7E,8b9bd17e-0e24-43f0-81f3-854b0464555f,2025-09-15,1
328CB5AB-A903-4F76-5367-08DDF1054E7E,8b9bd17e-0e24-43f0-81f3-854b0464555f,2025-09-16,1
5A37F707-0888-4977-5369-08DDF1054E7E,f488e272-24db-42ce-9d36-80a013657223,2025-09-28,2
A4EE9490-656A-4F60-536A-08DDF1054E7E,d71b50b4-750e-4644-9786-becc6520c6d7,2025-09-18,1
F1A61F92-F55D-4003-536B-08DDF1054E7E,c280d18d-86b9-4bba-85e6-2c00472efd9d,2025-09-15,1
4BD66471-9096-4C8C-FD76-08DDF194BFC2,fa431862-6ab2-46f0-91f3-97ae1452fc85,2025-10-13,1
D186E549-EEC0-4BF8-FD77-08DDF194BFC2,fa431862-6ab2-46f0-91f3-97ae1452fc85,2025-10-14,1
1FABD624-D7CC-41FA-FD78-08DDF194BFC2,fa431862-6ab2-46f0-91f3-97ae1452fc85,2025-10-15,1
B3FC6F5F-F312-4FF8-FD79-08DDF194BFC2,fa431862-6ab2-46f0-91f3-97ae1452fc85,2025-10-16,1
E475600A-06D9-457B-FCBB-08DDF1BAD6CF,57f57d9a-735a-4bcc-afb6-f2799bd738a4,2025-09-27,2
E226DC14-97C2-4EC7-FCBC-08DDF1BAD6CF,57f57d9a-735a-4bcc-afb6-f2799bd738a4,2025-09-28,2
287BCE18-DCDF-4BB4-FCBD-08DDF1BAD6CF,95bf29ca-f6b4-4fbb-88b1-46de45dcf625,2025-09-09,1
8810299D-160C-4EB1-FCBE-08DDF1BAD6CF,95bf29ca-f6b4-4fbb-88b1-46de45dcf625,2025-09-10,1
CA8A92FA-3499-4409-FCBF-08DDF1BAD6CF,95bf29ca-f6b4-4fbb-88b1-46de45dcf625,2025-09-11,1
4591E6A6-F0A1-4A30-FCC0-08DDF1BAD6CF,95bf29ca-f6b4-4fbb-88b1-46de45dcf625,2025-09-13,1
0B7D09FB-6731-4E93-FCC1-08DDF1BAD6CF,95bf29ca-f6b4-4fbb-88b1-46de45dcf625,2025-09-14,1
76C27596-4CCF-4770-FCC7-08DDF1BAD6CF,9c1113fb-90f9-4b8b-8fdd-bcc7b6b5365b,2025-10-09,1
3E154093-12A6-4C57-FCC8-08DDF1BAD6CF,9c1113fb-90f9-4b8b-8fdd-bcc7b6b5365b,2025-10-10,1
56C7BEB6-BD22-41CC-FCC9-08DDF1BAD6CF,9c1113fb-90f9-4b8b-8fdd-bcc7b6b5365b,2025-10-11,1
ED9D5DFB-07C5-4D3D-FCCA-08DDF1BAD6CF,9c1113fb-90f9-4b8b-8fdd-bcc7b6b5365b,2025-10-13,1
B9C8A177-9207-4238-FCCB-08DDF1BAD6CF,9c1113fb-90f9-4b8b-8fdd-bcc7b6b5365b,2025-10-14,1
7B5365C9-410F-4678-FCCC-08DDF1BAD6CF,95bf29ca-f6b4-4fbb-88b1-46de45dcf625,2025-10-09,1
8706908C-1EBD-4452-FCCD-08DDF1BAD6CF,95bf29ca-f6b4-4fbb-88b1-46de45dcf625,2025-10-10,1
FA593334-738D-499D-FCCE-08DDF1BAD6CF,95bf29ca-f6b4-4fbb-88b1-46de45dcf625,2025-10-11,1
2DB701FE-2EC6-4551-FCCF-08DDF1BAD6CF,95bf29ca-f6b4-4fbb-88b1-46de45dcf625,2025-10-13,1
5A753A6A-3A39-4150-FCD0-08DDF1BAD6CF,95bf29ca-f6b4-4fbb-88b1-46de45dcf625,2025-10-14,1
CBE3A950-0297-4148-FCD1-08DDF1BAD6CF,95bf29ca-f6b4-4fbb-88b1-46de45dcf625,2025-10-19,2
6620379F-17CF-4CB0-FCD2-08DDF1BAD6CF,c280d18d-86b9-4bba-85e6-2c00472efd9d,2025-09-15,1
03635F49-A8F0-46F6-FCD3-08DDF1BAD6CF,1641a578-00b2-4973-955d-095bc254d709,2025-09-23,2
50C9FA0E-E43D-4111-FCD4-08DDF1BAD6CF,1641a578-00b2-4973-955d-095bc254d709,2025-09-25,2
178FC2F4-1BE8-4DA3-FCD5-08DDF1BAD6CF,1641a578-00b2-4973-955d-095bc254d709,2025-09-27,2
719F18B2-0C86-474E-FCD6-08DDF1BAD6CF,11838d58-5415-42bd-8c7f-3bef4f9db2aa,2025-09-26,2
67CD2121-0987-43CF-FCD8-08DDF1BAD6CF,c720feeb-93e1-4d88-b275-525f95f377ee,2025-09-26,2
C9857AF5-07EE-49AC-FCD9-08DDF1BAD6CF,9964c775-c7f7-42d2-9d2c-a75cb68487d1,2025-09-22,2
AEC6C14D-74D5-46AD-FCDA-08DDF1BAD6CF,144bc00f-b27f-49a9-8664-9bcd79ea6975,2025-10-17,1
6DD451B8-15EA-4D0E-FCDB-08DDF1BAD6CF,144bc00f-b27f-49a9-8664-9bcd79ea6975,2025-10-18,1
2CF01743-0EE5-41E1-FCDC-08DDF1BAD6CF,144bc00f-b27f-49a9-8664-9bcd79ea6975,2025-10-19,1
4E7FCA1D-3F46-43D8-FCDD-08DDF1BAD6CF,144bc00f-b27f-49a9-8664-9bcd79ea6975,2025-10-20,1
A1F38F06-6E95-4F78-FCDE-08DDF1BAD6CF,6663d684-ce88-47ff-a4f7-e40d3b82a13f,2025-09-26,1
78D392DC-AFD5-4830-FCDF-08DDF1BAD6CF,6663d684-ce88-47ff-a4f7-e40d3b82a13f,2025-09-28,2
F8FE521D-4A1B-43DB-6B8A-08DDF2972B8E,1a75df7a-e558-47c6-8af0-033582318b99,2025-09-23,2
E9C689F4-366F-4E9B-6B8B-08DDF2972B8E,1a75df7a-e558-47c6-8af0-033582318b99,2025-09-25,2
A01D1633-759F-4C57-6B8C-08DDF2972B8E,1b96029f-d249-4657-97e1-ce4086f265fc,2025-09-24,2
0EFEF5D6-EBA8-4500-6B8D-08DDF2972B8E,1a75df7a-e558-47c6-8af0-033582318b99,2025-09-26,2
C1D2A702-6E91-49DE-6B8E-08DDF2972B8E,1a75df7a-e558-47c6-8af0-033582318b99,2025-09-29,2
EB79A035-0E00-48CE-CA2A-08DDF325B0AA,1a75df7a-e558-47c6-8af0-033582318b99,2025-09-24,2
6CDF7589-8FD4-43F5-73A3-08DDF3573AFA,fafe9819-8c58-4398-a1cc-77584270b6ed,2025-09-27,2
1D606B11-090C-4DBE-73A4-08DDF3573AFA,b8eaaef1-8890-4d24-8c6c-3db23f8812a0,2025-09-22,2
6C7A3F61-EC40-41D3-73A5-08DDF3573AFA,b8eaaef1-8890-4d24-8c6c-3db23f8812a0,2025-09-23,2
AAD5136E-7365-4687-73A6-08DDF3573AFA,43072b87-23d4-4ad6-88f8-7999ef3c86ca,2025-09-27,2
8C154F1E-2CF7-4D05-F058-08DDF36F3307,477951d3-95b8-4933-ad3b-ae6f86eafc55,2025-09-25,2
9F74C7C8-19B4-4BD0-622E-08DDF38514BE,925fe8e4-a2de-433d-8c9d-b07fd34a8c36,2025-09-27,2
D8AAA935-C931-41FE-622F-08DDF38514BE,925fe8e4-a2de-433d-8c9d-b07fd34a8c36,2025-09-28,2
D85148CE-AF46-4CA9-6230-08DDF38514BE,d71b50b4-750e-4644-9786-becc6520c6d7,2025-09-23,2
269990FC-C643-4DA0-6231-08DDF38514BE,d71b50b4-750e-4644-9786-becc6520c6d7,2025-09-24,2
6D8EC83B-CAB0-40E3-6232-08DDF38514BE,d71b50b4-750e-4644-9786-becc6520c6d7,2025-09-27,2
604A49BD-942C-4032-6F59-08DDF3A6A504,413e6437-7712-4672-8d5f-80a6c94ef119,2025-09-27,2
F2C89F4C-D102-4B16-6F5A-08DDF3A6A504,413e6437-7712-4672-8d5f-80a6c94ef119,2025-09-28,2
3BB59CB5-7D4E-47AA-0E8A-08DDF3D2427E,9249db54-a23a-48e5-847d-cae130c90544,2025-09-22,2
9C14969F-23C9-4DD6-0E8B-08DDF3D2427E,9249db54-a23a-48e5-847d-cae130c90544,2025-10-31,2
6385FDC0-4F8A-4720-8B3D-08DDF421686C,1b96029f-d249-4657-97e1-ce4086f265fc,2025-09-28,2
51B0EEAE-F29C-497B-8B3F-08DDF421686C,0fac737b-0e61-46db-a27a-52730d65cb9a,2025-09-25,2
E163BEE3-6F22-4188-8B40-08DDF421686C,0fac737b-0e61-46db-a27a-52730d65cb9a,2025-09-23,2
845180EE-036F-40EA-8B41-08DDF421686C,0fac737b-0e61-46db-a27a-52730d65cb9a,2025-09-26,2
5C574523-8FEF-4C28-8B42-08DDF421686C,2320cb1b-d64f-4486-aabe-9754c12a1d06,2025-09-22,2
B5E60601-F0BC-4A15-8B43-08DDF421686C,2320cb1b-d64f-4486-aabe-9754c12a1d06,2025-09-24,2
383CDF6D-9A8F-4ECC-8B44-08DDF421686C,1641a578-00b2-4973-955d-095bc254d709,2025-10-10,2
546F1B9E-AB1E-4500-8B45-08DDF421686C,95bf29ca-f6b4-4fbb-88b1-46de45dcf625,2025-09-22,2
1D3B3E84-348E-4A17-8B46-08DDF421686C,4da65404-40f7-408c-8831-dec60d86d60b,2025-09-23,2
5B509A17-5DCB-4E21-8B47-08DDF421686C,10005f55-8589-4836-800d-4b8bba0bf675,2025-09-26,2
B9DF012A-36DB-4C87-8B48-08DDF421686C,10005f55-8589-4836-800d-4b8bba0bf675,2025-09-27,1
360EFCCF-4DD1-44B0-8B49-08DDF421686C,10005f55-8589-4836-800d-4b8bba0bf675,2025-09-28,1
7D90C21B-F5C1-4435-8B4A-08DDF421686C,10005f55-8589-4836-800d-4b8bba0bf675,2025-09-29,1
DFEE2C39-39F3-431A-8B4B-08DDF421686C,c71ec1ec-5e2b-4c33-8c89-de5897a207a6,2025-09-24,2
332526FB-51A0-420E-8B4C-08DDF421686C,c71ec1ec-5e2b-4c33-8c89-de5897a207a6,2025-10-01,2
E53747B5-FECE-4A2F-8B4D-08DDF421686C,c71ec1ec-5e2b-4c33-8c89-de5897a207a6,2025-10-08,2
4EC330E6-D892-4905-8B4E-08DDF421686C,c71ec1ec-5e2b-4c33-8c89-de5897a207a6,2025-10-15,2
4E9A1A6A-CC93-42A6-8B4F-08DDF421686C,c71ec1ec-5e2b-4c33-8c89-de5897a207a6,2025-10-22,2
C3A422E7-59A6-45B8-8B50-08DDF421686C,c71ec1ec-5e2b-4c33-8c89-de5897a207a6,2025-10-29,2
8DE9322D-4474-4121-8B51-08DDF421686C,2c075776-4fd8-49f3-b781-7842bd8156de,2025-09-24,2
463052EA-5211-45A0-8B52-08DDF421686C,2c075776-4fd8-49f3-b781-7842bd8156de,2025-09-28,2
52434B08-ED12-4E66-8B53-08DDF421686C,1ddcffe7-c2ad-4836-a35b-75b12da1d336,2025-09-28,2
6ACBEFF3-186C-4EB6-8B54-08DDF421686C,0d2b5c5a-8a41-4997-ad20-a604731bb160,2025-10-31,2
C6501A2F-7AEB-499B-8B55-08DDF421686C,1ddcffe7-c2ad-4836-a35b-75b12da1d336,2025-09-29,2
9EECF14E-E031-45AC-4653-08DDF5032474,7afecb62-aa18-4106-a82b-a906fa7e488d,2025-09-20,1
1717E1D8-2D1C-464F-4654-08DDF5032474,7afecb62-aa18-4106-a82b-a906fa7e488d,2025-09-22,1
B54151B2-58FA-4E95-4655-08DDF5032474,7afecb62-aa18-4106-a82b-a906fa7e488d,2025-09-23,1
D74D952E-CB04-4836-4656-08DDF5032474,7afecb62-aa18-4106-a82b-a906fa7e488d,2025-09-24,1
351F42B0-50BD-4B5E-4657-08DDF5032474,7afecb62-aa18-4106-a82b-a906fa7e488d,2025-09-25,1
0658303E-62BC-41C1-4658-08DDF5032474,7afecb62-aa18-4106-a82b-a906fa7e488d,2025-09-26,1
61AF7C9D-5D2A-4D55-4659-08DDF5032474,7afecb62-aa18-4106-a82b-a906fa7e488d,2025-09-27,1
FE2BDC1E-49A5-4D86-465A-08DDF5032474,2c075776-4fd8-49f3-b781-7842bd8156de,2025-10-12,1
7AC2282D-C524-41C0-465B-08DDF5032474,2c075776-4fd8-49f3-b781-7842bd8156de,2025-10-13,1
3AEF3591-72BA-4029-5DBD-08DDF5B4246D,1916bf76-0235-4795-91ba-407148f8a703,2025-10-25,2
9B871CD9-E23C-42C5-5DBE-08DDF5B4246D,2320cb1b-d64f-4486-aabe-9754c12a1d06,2025-09-23,2
F0FD2373-8AA2-4CC2-5DBF-08DDF5B4246D,1a75df7a-e558-47c6-8af0-033582318b99,2025-09-30,2
2BCDAD2B-0086-4F3A-5DC0-08DDF5B4246D,1a75df7a-e558-47c6-8af0-033582318b99,2025-10-02,2
0F00ED3B-9E69-414B-5DC1-08DDF5B4246D,1a75df7a-e558-47c6-8af0-033582318b99,2025-10-01,2
21A8A0DB-B44B-4576-5DC2-08DDF5B4246D,925fe8e4-a2de-433d-8c9d-b07fd34a8c36,2025-09-30,2
875987CB-3C06-4AA7-5DC3-08DDF5B4246D,8b9bd17e-0e24-43f0-81f3-854b0464555f,2025-09-17,1
D07F1CB7-460D-4D0C-5DC4-08DDF5B4246D,8b9bd17e-0e24-43f0-81f3-854b0464555f,2025-09-18,1
3CF0D7D4-FFEA-4EC9-5DC5-08DDF5B4246D,8b9bd17e-0e24-43f0-81f3-854b0464555f,2025-09-19,1
AE7607B1-088B-4905-5DC6-08DDF5B4246D,8b9bd17e-0e24-43f0-81f3-854b0464555f,2025-09-20,1
926D1A17-9050-4399-5DC7-08DDF5B4246D,8b9bd17e-0e24-43f0-81f3-854b0464555f,2025-09-21,1
BEEC0AC8-25D8-41B8-5DC8-08DDF5B4246D,8b9bd17e-0e24-43f0-81f3-854b0464555f,2025-09-22,1
C8CB99EE-2454-4437-5DC9-08DDF5B4246D,8b9bd17e-0e24-43f0-81f3-854b0464555f,2025-09-23,1
AF87E011-BB6C-4239-5DCA-08DDF5B4246D,8b9bd17e-0e24-43f0-81f3-854b0464555f,2025-09-24,1
3C07523B-8D3C-463A-5DCB-08DDF5B4246D,8b9bd17e-0e24-43f0-81f3-854b0464555f,2025-09-25,1
F13147E5-7788-4B4B-5DCC-08DDF5B4246D,8b9bd17e-0e24-43f0-81f3-854b0464555f,2025-09-26,1
671EF3D9-5353-4394-5DCD-08DDF5B4246D,8b9bd17e-0e24-43f0-81f3-854b0464555f,2025-09-27,1
732E8325-E1BE-4F56-5DCE-08DDF5B4246D,8b9bd17e-0e24-43f0-81f3-854b0464555f,2025-09-28,1
584971B3-4DAA-46C7-5DCF-08DDF5B4246D,8b9bd17e-0e24-43f0-81f3-854b0464555f,2025-09-29,1
D8E8659D-4F40-4408-5DD0-08DDF5B4246D,8b9bd17e-0e24-43f0-81f3-854b0464555f,2025-09-30,1
C4E20CDC-7765-4A53-5DD1-08DDF5B4246D,8b9bd17e-0e24-43f0-81f3-854b0464555f,2025-10-01,1
A15EA270-995E-42DE-5DD2-08DDF5B4246D,8b9bd17e-0e24-43f0-81f3-854b0464555f,2025-10-02,1
F39225BB-9F61-4366-5DD3-08DDF5B4246D,8b9bd17e-0e24-43f0-81f3-854b0464555f,2025-10-03,1
B9E018EE-7B2F-4B14-5DD4-08DDF5B4246D,8b9bd17e-0e24-43f0-81f3-854b0464555f,2025-10-04,1
4721E13D-45BF-4F6B-5DD5-08DDF5B4246D,8b9bd17e-0e24-43f0-81f3-854b0464555f,2025-10-05,1
C2F5BA0E-0985-4B10-5DD6-08DDF5B4246D,8b9bd17e-0e24-43f0-81f3-854b0464555f,2025-10-06,1
B123620B-4E1C-4B3D-5DD7-08DDF5B4246D,8b9bd17e-0e24-43f0-81f3-854b0464555f,2025-10-07,1
B975152A-55DF-4BB7-5DD8-08DDF5B4246D,8b9bd17e-0e24-43f0-81f3-854b0464555f,2025-10-08,1
C1DE3656-A4F7-46AE-5DD9-08DDF5B4246D,8b9bd17e-0e24-43f0-81f3-854b0464555f,2025-10-09,1
37C4577F-C111-4E89-5DDA-08DDF5B4246D,8b9bd17e-0e24-43f0-81f3-854b0464555f,2025-10-10,1
D52EADA8-64A6-4C6B-5DDB-08DDF5B4246D,8b9bd17e-0e24-43f0-81f3-854b0464555f,2025-10-11,1
2A6D35CB-AABA-4DCD-5DDC-08DDF5B4246D,8b9bd17e-0e24-43f0-81f3-854b0464555f,2025-10-12,1
E73E777C-EB95-4B39-5DDD-08DDF5B4246D,8b9bd17e-0e24-43f0-81f3-854b0464555f,2025-10-13,1
C320502B-89B6-46B4-5DDE-08DDF5B4246D,8b9bd17e-0e24-43f0-81f3-854b0464555f,2025-10-14,1
EFDFA04D-C931-4859-5DDF-08DDF5B4246D,8b9bd17e-0e24-43f0-81f3-854b0464555f,2025-10-15,1
BB315BB0-44C1-4573-5DE0-08DDF5B4246D,8b9bd17e-0e24-43f0-81f3-854b0464555f,2025-10-16,1
DC02789A-0BCC-4A61-5DE1-08DDF5B4246D,8b9bd17e-0e24-43f0-81f3-854b0464555f,2025-10-17,1
F3D528E8-8A44-41E8-5DE2-08DDF5B4246D,8b9bd17e-0e24-43f0-81f3-854b0464555f,2025-10-18,1
890B985A-5602-49DF-5DE3-08DDF5B4246D,8b9bd17e-0e24-43f0-81f3-854b0464555f,2025-10-19,1
C3BD39A8-33A8-4C70-5DE4-08DDF5B4246D,8b9bd17e-0e24-43f0-81f3-854b0464555f,2025-10-20,1
868A7538-60E0-4A4C-5DE5-08DDF5B4246D,8b9bd17e-0e24-43f0-81f3-854b0464555f,2025-10-21,1
4AECB5D8-209F-48D4-5DE6-08DDF5B4246D,8b9bd17e-0e24-43f0-81f3-854b0464555f,2025-10-22,1
2267780B-EE8E-4A4C-5DE7-08DDF5B4246D,8b9bd17e-0e24-43f0-81f3-854b0464555f,2025-10-23,1
44F7E23D-431B-48E3-5DE8-08DDF5B4246D,8b9bd17e-0e24-43f0-81f3-854b0464555f,2025-10-24,1
4C17CA8C-36CC-41BE-5DE9-08DDF5B4246D,8b9bd17e-0e24-43f0-81f3-854b0464555f,2025-10-25,1
43408748-3922-43C1-5DEA-08DDF5B4246D,8b9bd17e-0e24-43f0-81f3-854b0464555f,2025-10-26,1
6E805053-0D5B-4216-5DEB-08DDF5B4246D,8b9bd17e-0e24-43f0-81f3-854b0464555f,2025-10-27,1
893FBB78-D521-426E-5DEC-08DDF5B4246D,8b9bd17e-0e24-43f0-81f3-854b0464555f,2025-10-28,1
B7FEA0C0-F799-44D6-5DED-08DDF5B4246D,8b9bd17e-0e24-43f0-81f3-854b0464555f,2025-10-29,1
95C4B7C8-8718-442D-5DEE-08DDF5B4246D,8b9bd17e-0e24-43f0-81f3-854b0464555f,2025-10-30,1
3192B157-C85A-4AFC-5DEF-08DDF5B4246D,8b9bd17e-0e24-43f0-81f3-854b0464555f,2025-10-31,1
5EF19FC0-27F1-426C-5DF0-08DDF5B4246D,8b9bd17e-0e24-43f0-81f3-854b0464555f,2025-11-01,1
2213864F-D360-465A-5DF1-08DDF5B4246D,8b9bd17e-0e24-43f0-81f3-854b0464555f,2025-11-02,1
5FB3D92A-6AF1-41F0-5DF2-08DDF5B4246D,8b9bd17e-0e24-43f0-81f3-854b0464555f,2025-11-03,1
F9F5C282-C670-47B1-5DF3-08DDF5B4246D,8b9bd17e-0e24-43f0-81f3-854b0464555f,2025-11-04,1
188ACA50-5E8F-4B34-5DF4-08DDF5B4246D,8b9bd17e-0e24-43f0-81f3-854b0464555f,2025-11-05,1
8B23B5A3-8C4B-4504-5DF5-08DDF5B4246D,8b9bd17e-0e24-43f0-81f3-854b0464555f,2025-11-06,1
D2920DFB-8B29-4A0E-5DF6-08DDF5B4246D,8b9bd17e-0e24-43f0-81f3-854b0464555f,2025-11-07,1
9DD11BBA-9102-4CDE-5DF7-08DDF5B4246D,8b9bd17e-0e24-43f0-81f3-854b0464555f,2025-11-08,1
718E2D17-39EF-4077-5DF8-08DDF5B4246D,8b9bd17e-0e24-43f0-81f3-854b0464555f,2025-11-09,1
46AE856C-CEA2-49EC-5DF9-08DDF5B4246D,8b9bd17e-0e24-43f0-81f3-854b0464555f,2025-11-10,1
6D0763E1-9362-4981-5DFA-08DDF5B4246D,8b9bd17e-0e24-43f0-81f3-854b0464555f,2025-11-11,1
C446F9C1-D4D0-41A6-5DFB-08DDF5B4246D,8b9bd17e-0e24-43f0-81f3-854b0464555f,2025-11-12,1
358E56D4-F528-4D9B-5DFC-08DDF5B4246D,8b9bd17e-0e24-43f0-81f3-854b0464555f,2025-11-13,1
21F24D52-443D-4C9D-5DFD-08DDF5B4246D,8b9bd17e-0e24-43f0-81f3-854b0464555f,2025-11-14,1
E5B01747-4308-410D-5DFE-08DDF5B4246D,8b9bd17e-0e24-43f0-81f3-854b0464555f,2025-11-15,1
7F90A793-D5E0-4D22-5DFF-08DDF5B4246D,8b9bd17e-0e24-43f0-81f3-854b0464555f,2025-11-16,1
E6FD094A-C17E-4707-5E00-08DDF5B4246D,8b9bd17e-0e24-43f0-81f3-854b0464555f,2025-11-17,1
7ABBF9BB-55F9-442B-5E01-08DDF5B4246D,8b9bd17e-0e24-43f0-81f3-854b0464555f,2025-11-18,1
8DE8AA38-7E20-4B52-5E02-08DDF5B4246D,8b9bd17e-0e24-43f0-81f3-854b0464555f,2025-11-19,1
3246DB97-2429-4F61-5E03-08DDF5B4246D,8b9bd17e-0e24-43f0-81f3-854b0464555f,2025-11-20,1
599FD961-FBC3-4414-5E04-08DDF5B4246D,8b9bd17e-0e24-43f0-81f3-854b0464555f,2025-11-21,1
7E1FD3B9-210B-4AC0-5E05-08DDF5B4246D,8b9bd17e-0e24-43f0-81f3-854b0464555f,2025-11-22,1
3DBE81FB-85E6-47CD-5E06-08DDF5B4246D,8b9bd17e-0e24-43f0-81f3-854b0464555f,2025-11-23,1
6E74D318-B2AC-4021-5E07-08DDF5B4246D,8b9bd17e-0e24-43f0-81f3-854b0464555f,2025-11-24,1
3B007019-B571-4818-5E08-08DDF5B4246D,8b9bd17e-0e24-43f0-81f3-854b0464555f,2025-11-25,1
BD87D56D-F8AA-4084-5E09-08DDF5B4246D,8b9bd17e-0e24-43f0-81f3-854b0464555f,2025-11-26,1
D493DEEE-7F8D-4E8F-5E0A-08DDF5B4246D,8b9bd17e-0e24-43f0-81f3-854b0464555f,2025-11-27,1
BA0D8C50-F639-4B13-5E0B-08DDF5B4246D,8b9bd17e-0e24-43f0-81f3-854b0464555f,2025-11-28,1
E66E3DA5-042C-4A62-5E0C-08DDF5B4246D,8b9bd17e-0e24-43f0-81f3-854b0464555f,2025-11-29,1
FD371ED3-073E-437F-5E0D-08DDF5B4246D,8b9bd17e-0e24-43f0-81f3-854b0464555f,2025-11-30,1
3AA4E9E8-463A-41D7-5E0E-08DDF5B4246D,8b9bd17e-0e24-43f0-81f3-854b0464555f,2025-12-01,1
0601FA43-3209-4E43-5E0F-08DDF5B4246D,8b9bd17e-0e24-43f0-81f3-854b0464555f,2025-12-02,1
FEE16ECF-F9B4-4CE7-5E10-08DDF5B4246D,8b9bd17e-0e24-43f0-81f3-854b0464555f,2025-12-03,1
64AD8404-465C-4018-5E11-08DDF5B4246D,8b9bd17e-0e24-43f0-81f3-854b0464555f,2025-12-04,1
A7DAB6BD-191F-422C-5E12-08DDF5B4246D,8b9bd17e-0e24-43f0-81f3-854b0464555f,2025-12-05,1
244E273F-B5FE-4199-5E13-08DDF5B4246D,8b9bd17e-0e24-43f0-81f3-854b0464555f,2025-12-06,1
6F638379-55BB-4596-5E14-08DDF5B4246D,8b9bd17e-0e24-43f0-81f3-854b0464555f,2025-12-07,1
B58955C6-AA36-460B-5E15-08DDF5B4246D,8b9bd17e-0e24-43f0-81f3-854b0464555f,2025-12-08,1
96AB95AD-2945-44E3-5E16-08DDF5B4246D,8b9bd17e-0e24-43f0-81f3-854b0464555f,2025-12-09,1
17C52A74-63FA-47A5-5E17-08DDF5B4246D,8b9bd17e-0e24-43f0-81f3-854b0464555f,2025-12-10,1
93075DA0-6952-4AF7-5E18-08DDF5B4246D,8b9bd17e-0e24-43f0-81f3-854b0464555f,2025-12-11,1
382C303E-8AFB-411F-5E19-08DDF5B4246D,8b9bd17e-0e24-43f0-81f3-854b0464555f,2025-12-12,1
28217D62-AB46-40F1-5E1A-08DDF5B4246D,8b9bd17e-0e24-43f0-81f3-854b0464555f,2025-12-13,1
230FC902-2178-4836-5E1B-08DDF5B4246D,8b9bd17e-0e24-43f0-81f3-854b0464555f,2025-12-14,1
666D597B-C1D6-491A-5E1C-08DDF5B4246D,8b9bd17e-0e24-43f0-81f3-854b0464555f,2025-12-15,1
47BC3708-3177-4F76-5E1D-08DDF5B4246D,8b9bd17e-0e24-43f0-81f3-854b0464555f,2025-12-16,1
5BA64C4A-B411-4618-5E1E-08DDF5B4246D,8b9bd17e-0e24-43f0-81f3-854b0464555f,2025-12-17,1
1AAA1030-D368-4D3B-5E1F-08DDF5B4246D,8b9bd17e-0e24-43f0-81f3-854b0464555f,2025-12-18,1
C027E622-BE23-4CE3-5E20-08DDF5B4246D,8b9bd17e-0e24-43f0-81f3-854b0464555f,2025-12-19,1
B6174F37-809F-4378-5E21-08DDF5B4246D,8b9bd17e-0e24-43f0-81f3-854b0464555f,2025-12-20,1
B9B30959-815B-4EFF-5E22-08DDF5B4246D,8b9bd17e-0e24-43f0-81f3-854b0464555f,2025-12-21,1
86D103BB-6D0D-45C9-5E23-08DDF5B4246D,8b9bd17e-0e24-43f0-81f3-854b0464555f,2025-12-22,1
E1DDDCCB-7D74-41FB-5E24-08DDF5B4246D,8b9bd17e-0e24-43f0-81f3-854b0464555f,2025-12-23,1
E7E91C0E-C76E-4C96-5E25-08DDF5B4246D,8b9bd17e-0e24-43f0-81f3-854b0464555f,2025-12-24,1
47CF9347-7FE5-411F-5E26-08DDF5B4246D,8b9bd17e-0e24-43f0-81f3-854b0464555f,2025-12-25,1
A836A20C-C7CA-426D-5E27-08DDF5B4246D,8b9bd17e-0e24-43f0-81f3-854b0464555f,2025-12-26,1
9F60C44A-4A45-45C4-5E28-08DDF5B4246D,8b9bd17e-0e24-43f0-81f3-854b0464555f,2025-12-27,1
E1F96605-2229-4D55-5E29-08DDF5B4246D,8b9bd17e-0e24-43f0-81f3-854b0464555f,2025-12-28,1
F864B51F-9F15-439B-5E2A-08DDF5B4246D,8b9bd17e-0e24-43f0-81f3-854b0464555f,2025-12-29,1
5E9E0486-4A51-4681-5E2B-08DDF5B4246D,8b9bd17e-0e24-43f0-81f3-854b0464555f,2025-12-30,1
DFD81C8E-386C-47DA-5E2C-08DDF5B4246D,8b9bd17e-0e24-43f0-81f3-854b0464555f,2025-12-31,1
BFEFC5FD-2475-4331-5E2D-08DDF5B4246D,8b9bd17e-0e24-43f0-81f3-854b0464555f,2026-01-01,1
06E9E821-A151-48BE-5E2E-08DDF5B4246D,8b9bd17e-0e24-43f0-81f3-854b0464555f,2026-01-02,1
694AF890-C94D-4C56-5E2F-08DDF5B4246D,8b9bd17e-0e24-43f0-81f3-854b0464555f,2026-01-03,1
81DADD09-2C95-4833-5E30-08DDF5B4246D,8b9bd17e-0e24-43f0-81f3-854b0464555f,2026-01-04,1
803D763B-DAC6-4AD0-5E31-08DDF5B4246D,8b9bd17e-0e24-43f0-81f3-854b0464555f,2026-01-05,1
7415B89D-4B01-4F18-EC60-08DDF67BD830,1a75df7a-e558-47c6-8af0-033582318b99,2025-10-04,2
A774F068-F475-425E-EC61-08DDF67BD830,157e4c9d-980e-4897-ad5f-f4c5c301f195,2025-09-11,1
642A995F-90A3-4477-EC62-08DDF67BD830,157e4c9d-980e-4897-ad5f-f4c5c301f195,2025-09-12,1
1CB5438D-A843-4EE0-EC63-08DDF67BD830,157e4c9d-980e-4897-ad5f-f4c5c301f195,2025-09-23,1
3739427E-24AF-4A26-EC64-08DDF67BD830,157e4c9d-980e-4897-ad5f-f4c5c301f195,2025-09-24,1
6738AF37-78A7-426D-EC65-08DDF67BD830,27e0791f-5767-4877-b1e4-c80aceb86623,2025-10-04,2
2AB3148E-4952-4C64-EC66-08DDF67BD830,27e0791f-5767-4877-b1e4-c80aceb86623,2025-10-05,2
DF0193C0-AAFA-4BED-EC68-08DDF67BD830,c71ec1ec-5e2b-4c33-8c89-de5897a207a6,2025-11-23,2
475B6210-A513-40C2-B828-08DDF6FD1A19,8d97501c-e7a6-46e6-9882-10ee0dea5a69,2025-09-25,1
9DB4ACD2-A831-4FD0-1B08-08DDF7481AA7,c720feeb-93e1-4d88-b275-525f95f377ee,2025-09-29,2
531F444C-D918-4007-867A-08DDF7585BE8,157e4c9d-980e-4897-ad5f-f4c5c301f195,2025-09-26,1
0DC0673C-A81D-4204-867B-08DDF7585BE8,157e4c9d-980e-4897-ad5f-f4c5c301f195,2025-10-04,1
F24B43AA-F6F7-4A56-867C-08DDF7585BE8,11838d58-5415-42bd-8c7f-3bef4f9db2aa,2025-10-25,1
14937282-D10C-4F94-867D-08DDF7585BE8,11838d58-5415-42bd-8c7f-3bef4f9db2aa,2025-10-26,1
360596CD-2ADB-457E-867E-08DDF7585BE8,11838d58-5415-42bd-8c7f-3bef4f9db2aa,2025-10-27,1
6644B10E-6ED7-4937-867F-08DDF7585BE8,11838d58-5415-42bd-8c7f-3bef4f9db2aa,2025-10-28,1
19994CB6-F634-42E6-8680-08DDF7585BE8,ab577efb-8d05-4666-a51a-6b95edc5ec45,2025-09-30,2
BC5D9655-E386-4B3B-8681-08DDF7585BE8,ab577efb-8d05-4666-a51a-6b95edc5ec45,2025-10-02,2
C634B3E3-318B-4E77-8682-08DDF7585BE8,ab577efb-8d05-4666-a51a-6b95edc5ec45,2025-10-03,2
654490A1-3306-46F7-8683-08DDF7585BE8,b5ca6829-6ac9-4e18-96d7-3282ff6f3250,2025-10-03,2
D022846A-3602-445C-8684-08DDF7585BE8,b5ca6829-6ac9-4e18-96d7-3282ff6f3250,2025-10-27,2
938DCB44-F943-4B95-8685-08DDF7585BE8,b5ca6829-6ac9-4e18-96d7-3282ff6f3250,2025-10-28,2
E06C1148-6399-4FDA-8686-08DDF7585BE8,b5ca6829-6ac9-4e18-96d7-3282ff6f3250,2025-10-29,2
10328A06-5B4A-4ABB-8687-08DDF7585BE8,1ddcffe7-c2ad-4836-a35b-75b12da1d336,2025-10-04,2
8CB31570-4A6F-4A3F-8688-08DDF7585BE8,1ddcffe7-c2ad-4836-a35b-75b12da1d336,2025-10-05,2
2A13EF33-864E-4258-9019-08DDF80B777A,157e4c9d-980e-4897-ad5f-f4c5c301f195,2025-09-19,1
57ADC682-AC83-47E0-901A-08DDF80B777A,157e4c9d-980e-4897-ad5f-f4c5c301f195,2025-11-08,1
7E92D2EE-0A2B-412F-901B-08DDF80B777A,157e4c9d-980e-4897-ad5f-f4c5c301f195,2025-11-10,1
180B1347-DBC5-4174-901C-08DDF80B777A,157e4c9d-980e-4897-ad5f-f4c5c301f195,2025-11-11,1
2C76B074-D4D4-48BD-901D-08DDF80B777A,157e4c9d-980e-4897-ad5f-f4c5c301f195,2025-11-12,1
8EAB80BB-6A76-4ED0-901E-08DDF80B777A,157e4c9d-980e-4897-ad5f-f4c5c301f195,2025-11-13,1
880AC1BD-B9B6-495A-901F-08DDF80B777A,157e4c9d-980e-4897-ad5f-f4c5c301f195,2025-11-14,1
5C15FCA9-7130-46E6-9020-08DDF80B777A,157e4c9d-980e-4897-ad5f-f4c5c301f195,2025-11-15,1
C50DF384-4B90-42FB-C5A3-08DDF8CB42D5,1ddcffe7-c2ad-4836-a35b-75b12da1d336,2025-09-30,2
B67FDCFD-665C-477F-C5A4-08DDF8CB42D5,4d71f5cd-5e03-4e0e-b17d-593586b88b99,2025-09-29,2
C515532D-7D25-4A13-C5A5-08DDF8CB42D5,4d71f5cd-5e03-4e0e-b17d-593586b88b99,2025-10-02,2
626648E9-F2D3-4C8A-C5A6-08DDF8CB42D5,4d71f5cd-5e03-4e0e-b17d-593586b88b99,2025-10-03,2
8342F9BA-4573-44EE-C5A7-08DDF8CB42D5,1b96029f-d249-4657-97e1-ce4086f265fc,2025-10-27,1
8529124A-F690-4C2E-C5A8-08DDF8CB42D5,1b96029f-d249-4657-97e1-ce4086f265fc,2025-10-28,1
C847CB40-8927-412C-C5A9-08DDF8CB42D5,1b96029f-d249-4657-97e1-ce4086f265fc,2025-10-29,1
4F528988-85C1-4DE4-C5AA-08DDF8CB42D5,1b96029f-d249-4657-97e1-ce4086f265fc,2025-10-30,1
146DA988-331D-4ADF-C5AB-08DDF8CB42D5,1b96029f-d249-4657-97e1-ce4086f265fc,2025-10-31,1
50CD66AB-F889-4E75-C5AC-08DDF8CB42D5,1b96029f-d249-4657-97e1-ce4086f265fc,2025-11-01,1
8A76FC29-9E85-4B86-C5AD-08DDF8CB42D5,1b96029f-d249-4657-97e1-ce4086f265fc,2025-11-02,1
D3D14406-30B2-4DE9-C5AE-08DDF8CB42D5,1b96029f-d249-4657-97e1-ce4086f265fc,2025-11-03,1
53F9385C-4C61-4503-C5AF-08DDF8CB42D5,1b96029f-d249-4657-97e1-ce4086f265fc,2025-11-04,1
D6F78093-6912-4ABC-C5B0-08DDF8CB42D5,1b96029f-d249-4657-97e1-ce4086f265fc,2025-11-05,1
286F2923-DA7E-4015-C5B1-08DDF8CB42D5,1b96029f-d249-4657-97e1-ce4086f265fc,2025-11-06,1
6D921F73-7F73-42DD-C5B2-08DDF8CB42D5,1b96029f-d249-4657-97e1-ce4086f265fc,2025-11-07,1
278B43F7-30CF-4C4D-C5B3-08DDF8CB42D5,1b96029f-d249-4657-97e1-ce4086f265fc,2025-11-08,1
F5C142DC-FD59-432D-C5B4-08DDF8CB42D5,1b96029f-d249-4657-97e1-ce4086f265fc,2025-11-09,1
07014C9E-CE8F-48FF-C5B5-08DDF8CB42D5,1b96029f-d249-4657-97e1-ce4086f265fc,2025-11-10,1
C3E80353-C367-47C3-C5B6-08DDF8CB42D5,1b96029f-d249-4657-97e1-ce4086f265fc,2025-11-11,1
3FE0B128-AC88-47A5-C5B7-08DDF8CB42D5,1b96029f-d249-4657-97e1-ce4086f265fc,2025-11-12,1
414AB4DD-FB12-420B-C5B8-08DDF8CB42D5,1b96029f-d249-4657-97e1-ce4086f265fc,2025-11-13,1
CADBE462-83F9-47D2-C5B9-08DDF8CB42D5,1b96029f-d249-4657-97e1-ce4086f265fc,2025-11-14,1
427FDD56-6473-46DF-C5BA-08DDF8CB42D5,1b96029f-d249-4657-97e1-ce4086f265fc,2025-11-15,1
BB2601E4-B073-40B0-C5BB-08DDF8CB42D5,1b96029f-d249-4657-97e1-ce4086f265fc,2025-11-16,1
89A37889-9C9D-4CD7-C5BC-08DDF8CB42D5,57f57d9a-735a-4bcc-afb6-f2799bd738a4,2025-10-03,2
D01CC737-BEFB-44C4-C5BD-08DDF8CB42D5,57f57d9a-735a-4bcc-afb6-f2799bd738a4,2025-10-04,2
0BFB1825-03FF-4952-67C0-08DDF8DCF6BC,0fac737b-0e61-46db-a27a-52730d65cb9a,2025-09-29,2
C311ED9C-C15C-4F6A-67C1-08DDF8DCF6BC,0fac737b-0e61-46db-a27a-52730d65cb9a,2025-09-30,2
5BCDB863-79B8-4E0E-67C2-08DDF8DCF6BC,0fac737b-0e61-46db-a27a-52730d65cb9a,2025-10-02,2
9D0711D5-1465-4499-D340-08DDF8E7DF9E,43072b87-23d4-4ad6-88f8-7999ef3c86ca,2025-09-29,2
D52F4AFB-2765-4FBF-D341-08DDF8E7DF9E,43072b87-23d4-4ad6-88f8-7999ef3c86ca,2025-10-04,2
834EF4C0-CBD9-4B39-9043-08DDF90865D5,c720feeb-93e1-4d88-b275-525f95f377ee,2025-10-06,2
FA5615DB-D1E9-41D6-9044-08DDF90865D5,c720feeb-93e1-4d88-b275-525f95f377ee,2025-10-07,2
B275756C-8FD2-4862-9045-08DDF90865D5,c720feeb-93e1-4d88-b275-525f95f377ee,2025-10-09,2
CCEAA06D-3904-40E0-9046-08DDF90865D5,c720feeb-93e1-4d88-b275-525f95f377ee,2025-10-10,2
A4ED0769-BB6E-4C1B-1676-08DDF9150BD9,6663d684-ce88-47ff-a4f7-e40d3b82a13f,2025-09-30,2
B24C7102-3A22-41C6-1677-08DDF9150BD9,6663d684-ce88-47ff-a4f7-e40d3b82a13f,2025-10-03,2
EAE6F0F1-9438-45A9-1678-08DDF9150BD9,6663d684-ce88-47ff-a4f7-e40d3b82a13f,2025-10-04,2
E66C28D0-0C4B-4690-A1E3-08DDF94FCFE0,d71b50b4-750e-4644-9786-becc6520c6d7,2025-09-30,2
9F534C8A-36F6-4863-A1E4-08DDF94FCFE0,d71b50b4-750e-4644-9786-becc6520c6d7,2025-10-02,2
498EDF80-FB14-46BC-A1E5-08DDF94FCFE0,d71b50b4-750e-4644-9786-becc6520c6d7,2025-10-04,2
CD9C4FE0-FA14-4CEF-A1E6-08DDF94FCFE0,d71b50b4-750e-4644-9786-becc6520c6d7,2025-10-06,1
B20C5481-CA0B-49A0-3519-08DDF999D908,144bc00f-b27f-49a9-8664-9bcd79ea6975,2025-10-01,2
D180F56C-832E-40C2-351A-08DDF999D908,144bc00f-b27f-49a9-8664-9bcd79ea6975,2025-10-03,2
A4C8D9D6-0F5D-40A8-351B-08DDF999D908,f538e494-84f3-4ea8-ae3b-f0f142294fbe,2025-10-03,1
9A41BCDC-D327-41D4-351C-08DDF999D908,f538e494-84f3-4ea8-ae3b-f0f142294fbe,2025-10-02,2
E1ECF2E9-CA58-4411-351D-08DDF999D908,b8eaaef1-8890-4d24-8c6c-3db23f8812a0,2025-10-01,2
F4A34BFF-8C6E-485B-351E-08DDF999D908,4afd5d07-d782-4b98-92cb-eea7ca0104bf,2025-09-29,2
CDC6541B-A371-424F-351F-08DDF999D908,144bc00f-b27f-49a9-8664-9bcd79ea6975,2025-09-29,2
A3B607A2-3D2A-4632-3520-08DDF999D908,c5ce5a45-2b0a-40ff-a82f-ea5df6501805,2025-10-03,1
6DFD1C33-8830-47B0-3521-08DDF999D908,c5ce5a45-2b0a-40ff-a82f-ea5df6501805,2025-10-04,1
B0E06122-0030-4FA6-3522-08DDF999D908,c5ce5a45-2b0a-40ff-a82f-ea5df6501805,2025-10-05,1
C79029ED-1B88-46D6-3523-08DDF999D908,c5ce5a45-2b0a-40ff-a82f-ea5df6501805,2025-09-28,2
9095FD8D-EF75-4471-3524-08DDF999D908,c5ce5a45-2b0a-40ff-a82f-ea5df6501805,2025-09-30,2
013662B9-8596-407A-4BD0-08DDF9C498F2,c720feeb-93e1-4d88-b275-525f95f377ee,2025-10-06,1
F878CD08-A90D-4941-4BD1-08DDF9C498F2,ab577efb-8d05-4666-a51a-6b95edc5ec45,2025-10-02,1
96D82BBB-E7D3-45E9-4BD2-08DDF9C498F2,925fe8e4-a2de-433d-8c9d-b07fd34a8c36,2025-10-03,2
6ED95596-1DE8-4B0C-4BD3-08DDF9C498F2,925fe8e4-a2de-433d-8c9d-b07fd34a8c36,2025-09-29,2
7DCFD1E8-EBF9-4055-4BD4-08DDF9C498F2,925fe8e4-a2de-433d-8c9d-b07fd34a8c36,2025-10-01,2
026762DC-4EC0-458E-4BD5-08DDF9C498F2,925fe8e4-a2de-433d-8c9d-b07fd34a8c36,2025-10-02,2
9DC14C75-2325-4CD9-4BD6-08DDF9C498F2,2c075776-4fd8-49f3-b781-7842bd8156de,2025-10-03,2
D3646237-29AA-47AA-4BD7-08DDF9C498F2,c280d18d-86b9-4bba-85e6-2c00472efd9d,2025-09-29,1
F0B78D94-7209-41CA-4BD8-08DDF9C498F2,c280d18d-86b9-4bba-85e6-2c00472efd9d,2025-10-01,2
6B358B30-0428-419B-4BD9-08DDF9C498F2,c280d18d-86b9-4bba-85e6-2c00472efd9d,2025-10-04,2
F3ED7FAA-9203-4217-5391-08DDFA16A327,413e6437-7712-4672-8d5f-80a6c94ef119,2025-10-05,2
A40B2281-8543-4E32-642F-08DDFA880684,9b1e36ac-7e99-4109-b4c6-9a85c1bf7719,2025-10-03,2
DC825DD0-BC3E-485B-6430-08DDFA880684,ff7cc517-15bb-4dc9-a941-2902d92fc311,2025-10-06,2
DEE9DA20-C85B-4313-6431-08DDFA880684,ff7cc517-15bb-4dc9-a941-2902d92fc311,2025-10-08,2
A271ADA2-2140-4858-6432-08DDFA880684,10005f55-8589-4836-800d-4b8bba0bf675,2025-09-30,2
D3EFE25E-5C26-4635-6433-08DDFA880684,fafe9819-8c58-4398-a1cc-77584270b6ed,2025-10-27,1
7F62F13F-B866-4F87-6434-08DDFA880684,fafe9819-8c58-4398-a1cc-77584270b6ed,2025-10-28,1
84FF52AD-B4CB-4D9F-6435-08DDFA880684,fafe9819-8c58-4398-a1cc-77584270b6ed,2025-10-29,1
3100A7DE-D08B-474E-6436-08DDFA880684,fafe9819-8c58-4398-a1cc-77584270b6ed,2025-10-30,1
B7C1809D-9791-4900-6437-08DDFA880684,fafe9819-8c58-4398-a1cc-77584270b6ed,2025-10-31,1
F467FF84-AA3A-491B-6438-08DDFA880684,fafe9819-8c58-4398-a1cc-77584270b6ed,2025-11-01,1
97E01E23-44C1-47B4-6439-08DDFA880684,fafe9819-8c58-4398-a1cc-77584270b6ed,2025-11-02,1
2A3D5F4D-A02F-4DBC-643A-08DDFA880684,fafe9819-8c58-4398-a1cc-77584270b6ed,2025-11-03,1
74041A86-93A6-41B5-643B-08DDFA880684,fafe9819-8c58-4398-a1cc-77584270b6ed,2025-11-04,1
18A5B403-9564-4E43-643C-08DDFA880684,fafe9819-8c58-4398-a1cc-77584270b6ed,2025-11-05,1
F337F448-D7D0-4F43-643D-08DDFA880684,fafe9819-8c58-4398-a1cc-77584270b6ed,2025-11-06,1
9DF02400-9EC7-4B13-643E-08DDFA880684,fafe9819-8c58-4398-a1cc-77584270b6ed,2025-11-07,1
B4BC2F0A-897D-4BBB-643F-08DDFA880684,fafe9819-8c58-4398-a1cc-77584270b6ed,2025-11-08,1
883A52ED-0A13-4E5B-6440-08DDFA880684,fafe9819-8c58-4398-a1cc-77584270b6ed,2025-11-09,1
53FA5DD8-D03B-4BDE-6441-08DDFA880684,fafe9819-8c58-4398-a1cc-77584270b6ed,2025-11-10,1
62ECCF4B-7456-47AC-6442-08DDFA880684,fafe9819-8c58-4398-a1cc-77584270b6ed,2025-11-11,1
DE627298-CCEB-485D-6443-08DDFA880684,fafe9819-8c58-4398-a1cc-77584270b6ed,2025-11-12,1
3823E32D-6BB0-47D7-6444-08DDFA880684,fafe9819-8c58-4398-a1cc-77584270b6ed,2025-11-13,1
2AACF61E-5503-445F-6445-08DDFA880684,fafe9819-8c58-4398-a1cc-77584270b6ed,2025-11-14,1
229485CE-8CF9-40A1-6446-08DDFA880684,fafe9819-8c58-4398-a1cc-77584270b6ed,2025-11-15,1
C440A171-371A-4355-6447-08DDFA880684,fafe9819-8c58-4398-a1cc-77584270b6ed,2025-11-16,1
BC5C08BC-19AC-4C71-6448-08DDFA880684,1b96029f-d249-4657-97e1-ce4086f265fc,2025-10-07,2
00388FA2-E5E4-401A-6449-08DDFA880684,d71b50b4-750e-4644-9786-becc6520c6d7,2025-10-27,1
AE1F3E42-07F6-4771-644A-08DDFA880684,d71b50b4-750e-4644-9786-becc6520c6d7,2025-10-28,1
9EA3DF10-AB61-4ACC-644B-08DDFA880684,d71b50b4-750e-4644-9786-becc6520c6d7,2025-10-29,1
BD2F852F-1476-44CF-644C-08DDFA880684,d71b50b4-750e-4644-9786-becc6520c6d7,2025-10-30,1
6160570E-602E-4FE2-644D-08DDFA880684,d71b50b4-750e-4644-9786-becc6520c6d7,2025-10-31,1
2FCCDA37-ED52-4EFE-644E-08DDFA880684,d71b50b4-750e-4644-9786-becc6520c6d7,2025-11-01,1
3C44904B-4130-427B-644F-08DDFA880684,d71b50b4-750e-4644-9786-becc6520c6d7,2025-11-02,1
BE8B9198-B696-4D5D-6450-08DDFA880684,d71b50b4-750e-4644-9786-becc6520c6d7,2025-11-03,1
321788E8-B54F-401E-6451-08DDFA880684,d71b50b4-750e-4644-9786-becc6520c6d7,2025-11-04,1
E222FEDE-7128-469F-6452-08DDFA880684,d71b50b4-750e-4644-9786-becc6520c6d7,2025-11-05,1
DCC22C9A-A032-48A2-6453-08DDFA880684,d71b50b4-750e-4644-9786-becc6520c6d7,2025-11-06,1
7C3DC12F-542C-4CF8-6454-08DDFA880684,d71b50b4-750e-4644-9786-becc6520c6d7,2025-11-07,1
DE2CC4A8-A8CB-4173-6455-08DDFA880684,d71b50b4-750e-4644-9786-becc6520c6d7,2025-11-08,1
7CD4FAA5-633F-43DD-6456-08DDFA880684,d71b50b4-750e-4644-9786-becc6520c6d7,2025-11-09,1
C7D3226E-F084-4194-6457-08DDFA880684,d71b50b4-750e-4644-9786-becc6520c6d7,2025-11-10,1
CE1AE7DE-84DD-42A2-6458-08DDFA880684,d71b50b4-750e-4644-9786-becc6520c6d7,2025-11-11,1
E036A811-E854-4826-6459-08DDFA880684,d71b50b4-750e-4644-9786-becc6520c6d7,2025-11-12,1
CB834BC5-C343-46C7-645A-08DDFA880684,d71b50b4-750e-4644-9786-becc6520c6d7,2025-11-13,1
06782EE2-98D5-4038-645B-08DDFA880684,d71b50b4-750e-4644-9786-becc6520c6d7,2025-11-14,1
14020EB3-4860-4B9C-645C-08DDFA880684,d71b50b4-750e-4644-9786-becc6520c6d7,2025-11-15,1
BD0E3584-34C0-4297-645D-08DDFA880684,d71b50b4-750e-4644-9786-becc6520c6d7,2025-11-16,1
30DEF7C7-813A-447A-2E4B-08DDFB31AC36,1a75df7a-e558-47c6-8af0-033582318b99,2025-10-09,2
AB7E45E1-7881-4FB6-2E4C-08DDFB31AC36,1a75df7a-e558-47c6-8af0-033582318b99,2025-10-07,2
2763182E-9CF1-4C84-2E4D-08DDFB31AC36,1a75df7a-e558-47c6-8af0-033582318b99,2025-10-08,2
30CB557F-6198-4431-2E4E-08DDFB31AC36,f488e272-24db-42ce-9d36-80a013657223,2025-12-03,2
B67A9AD8-641C-4E3F-2E4F-08DDFB31AC36,27e0791f-5767-4877-b1e4-c80aceb86623,2025-10-06,1
1E356C94-2F01-461B-2E50-08DDFB31AC36,157e4c9d-980e-4897-ad5f-f4c5c301f195,2025-10-02,2
48917726-BDCD-4D37-2E51-08DDFB31AC36,78732633-0af4-4912-9602-d3923d7c10d0,2025-10-01,2
F3F6EC0A-EF84-41A1-2A7D-08DDFBA6E41B,9964c775-c7f7-42d2-9d2c-a75cb68487d1,2025-10-15,2
A88C87E3-59E0-4AE8-2A7E-08DDFBA6E41B,9964c775-c7f7-42d2-9d2c-a75cb68487d1,2025-10-07,2
F58BE489-29BC-41A6-41A9-08DDFC089AFA,1641a578-00b2-4973-955d-095bc254d709,2025-10-01,2
CB7F28C1-2921-454B-41AA-08DDFC089AFA,1b96029f-d249-4657-97e1-ce4086f265fc,2025-10-11,2
A912C730-BFD1-48DC-41AB-08DDFC089AFA,1b96029f-d249-4657-97e1-ce4086f265fc,2025-10-12,2
DCF8E893-A189-4705-41AD-08DDFC089AFA,ff7cc517-15bb-4dc9-a941-2902d92fc311,2025-10-17,2
C76652DD-BB05-40F8-41AE-08DDFC089AFA,6663d684-ce88-47ff-a4f7-e40d3b82a13f,2025-10-07,2
8EC4E879-A000-4D02-41AF-08DDFC089AFA,6663d684-ce88-47ff-a4f7-e40d3b82a13f,2025-10-10,2
9B78C925-42C7-4CD3-41B1-08DDFC089AFA,8d97501c-e7a6-46e6-9882-10ee0dea5a69,2025-10-01,2
989A8439-F519-497E-41B2-08DDFC089AFA,8d97501c-e7a6-46e6-9882-10ee0dea5a69,2025-10-04,2
9CBB0075-1069-47BE-41B3-08DDFC089AFA,2320cb1b-d64f-4486-aabe-9754c12a1d06,2025-10-04,1
090C045D-4D6E-4B98-41B4-08DDFC089AFA,6548dfd4-e2fb-4d11-8745-1f62d8dd322c,2025-10-04,1
4E3EAE1F-1239-4102-41B5-08DDFC089AFA,57f57d9a-735a-4bcc-afb6-f2799bd738a4,2025-10-10,2
CE4F1CB9-F184-4C26-5842-08DDFCDC7ED4,b5ca6829-6ac9-4e18-96d7-3282ff6f3250,2025-10-22,2
78CDA5CC-AD55-4CF4-5843-08DDFCDC7ED4,8d97501c-e7a6-46e6-9882-10ee0dea5a69,2025-10-06,2
956B096E-D9F3-4677-5844-08DDFCDC7ED4,b8eaaef1-8890-4d24-8c6c-3db23f8812a0,2025-10-08,2
C1E68BF4-F5EB-4415-5845-08DDFCDC7ED4,10005f55-8589-4836-800d-4b8bba0bf675,2025-10-12,2
D45ED4F9-048C-40CF-6BA8-08DDFD1E538D,f488e272-24db-42ce-9d36-80a013657223,2025-10-09,2
EBA9F6F9-562D-46DE-6BA9-08DDFD1E538D,f488e272-24db-42ce-9d36-80a013657223,2025-10-17,2
4A91182D-14C0-42B8-EB43-08DDFDB33AEE,1641a578-00b2-4973-955d-095bc254d709,2025-10-07,2
51877C05-6D1D-4ACE-EB44-08DDFDB33AEE,1641a578-00b2-4973-955d-095bc254d709,2025-10-11,2
0CC7AB02-D207-48AA-B5C5-08DDFDD7D9E6,9964c775-c7f7-42d2-9d2c-a75cb68487d1,2025-10-09,2
3D96FF6A-D5F8-4F14-9034-08DDFE287179,d71b50b4-750e-4644-9786-becc6520c6d7,2025-10-07,2
416D020D-8BE6-4874-9035-08DDFE287179,d71b50b4-750e-4644-9786-becc6520c6d7,2025-10-11,2
38AD24C0-64B8-40B2-9F64-08DDFE52CCC3,4d71f5cd-5e03-4e0e-b17d-593586b88b99,2025-10-06,2
8F0648A1-A3AA-4DCB-9F65-08DDFE52CCC3,4d71f5cd-5e03-4e0e-b17d-593586b88b99,2025-10-10,2
6E872D78-791A-4C3A-357B-08DDFE904C0A,477951d3-95b8-4933-ad3b-ae6f86eafc55,2025-10-06,2
D123983D-E9B1-4839-357D-08DDFE904C0A,477951d3-95b8-4933-ad3b-ae6f86eafc55,2025-10-09,2
081119AC-73C5-4B42-1348-08DDFEB120A8,c280d18d-86b9-4bba-85e6-2c00472efd9d,2025-10-08,2
F4B70363-5227-40B0-1349-08DDFEB120A8,c280d18d-86b9-4bba-85e6-2c00472efd9d,2025-10-09,2
A8BDAA67-75C6-411E-134A-08DDFEB120A8,c280d18d-86b9-4bba-85e6-2c00472efd9d,2025-10-10,2
9634440B-8234-4FA9-134B-08DDFEB120A8,413e6437-7712-4672-8d5f-80a6c94ef119,2025-10-06,2
59A8DAF5-5D67-42F3-134C-08DDFEB120A8,413e6437-7712-4672-8d5f-80a6c94ef119,2025-10-09,2
9F3EA996-78DB-441A-05AA-08DDFF20C293,ab577efb-8d05-4666-a51a-6b95edc5ec45,2025-10-09,2
58C6E772-B658-4D8B-05AB-08DDFF20C293,144bc00f-b27f-49a9-8664-9bcd79ea6975,2025-10-07,2
EE0666F4-7B0D-4FC1-05AC-08DDFF20C293,38b41087-0565-4dea-8ddf-e3b522a14368,2025-10-08,2
747B089B-233A-48D8-05AD-08DDFF20C293,38b41087-0565-4dea-8ddf-e3b522a14368,2025-10-09,2
3778EDF4-B2BC-4820-05AE-08DDFF20C293,38b41087-0565-4dea-8ddf-e3b522a14368,2025-10-13,2
D2A899BC-EC9B-4306-05AF-08DDFF20C293,38b41087-0565-4dea-8ddf-e3b522a14368,2025-10-14,2
4D79D232-5A98-4EF8-05B0-08DDFF20C293,38b41087-0565-4dea-8ddf-e3b522a14368,2025-10-25,2
7FE444AB-3D3B-4C13-05B1-08DDFF20C293,38b41087-0565-4dea-8ddf-e3b522a14368,2025-10-26,2
3815AD8A-757D-4136-05B2-08DDFF20C293,38b41087-0565-4dea-8ddf-e3b522a14368,2025-10-31,2
5A7F3391-7432-41B4-05B3-08DDFF20C293,38b41087-0565-4dea-8ddf-e3b522a14368,2025-11-01,2
D91F850E-F36D-4BD3-05B4-08DDFF20C293,c5ce5a45-2b0a-40ff-a82f-ea5df6501805,2025-10-06,2
69EA0BD3-C97A-4AD1-05B5-08DDFF20C293,c5ce5a45-2b0a-40ff-a82f-ea5df6501805,2025-10-08,2
7C484C65-68FB-49BE-05B6-08DDFF20C293,4da65404-40f7-408c-8831-dec60d86d60b,2025-10-06,2
6698881A-ECFB-4762-05B7-08DDFF20C293,4da65404-40f7-408c-8831-dec60d86d60b,2025-10-07,2
944F5A6E-8884-44BF-05B8-08DDFF20C293,4da65404-40f7-408c-8831-dec60d86d60b,2025-10-10,2
9E2CBF24-1394-4682-007D-08DDFF57A3BA,2c075776-4fd8-49f3-b781-7842bd8156de,2025-10-07,2
9A8E06E9-329B-4B20-007E-08DDFF57A3BA,f488e272-24db-42ce-9d36-80a013657223,2025-10-30,2
BD2883C6-09EA-423B-007F-08DDFF57A3BA,f488e272-24db-42ce-9d36-80a013657223,2025-10-22,2
FB8F239C-9345-4D1F-0081-08DDFF57A3BA,43072b87-23d4-4ad6-88f8-7999ef3c86ca,2025-10-11,2
7F3BC50F-4161-4E77-0082-08DDFF57A3BA,43072b87-23d4-4ad6-88f8-7999ef3c86ca,2025-10-06,2
85C6D807-3338-43FE-0083-08DDFF57A3BA,43072b87-23d4-4ad6-88f8-7999ef3c86ca,2025-10-07,2
F217DF83-FEF7-4C19-0085-08DDFF57A3BA,57f57d9a-735a-4bcc-afb6-f2799bd738a4,2025-10-07,2
6FF49A5C-6FCD-4538-7491-08DDFF901262,9964c775-c7f7-42d2-9d2c-a75cb68487d1,2025-10-26,2
E1A38D72-3ED6-4DFB-7492-08DDFF901262,9964c775-c7f7-42d2-9d2c-a75cb68487d1,2025-10-25,2
D567BE9E-FB72-4BC4-D137-08DDFFEB12FE,1a75df7a-e558-47c6-8af0-033582318b99,2025-10-14,2
8E0C7E2F-6338-477B-D138-08DDFFEB12FE,1a75df7a-e558-47c6-8af0-033582318b99,2025-10-16,2
5ED78F60-D0CF-40E1-D139-08DDFFEB12FE,1a75df7a-e558-47c6-8af0-033582318b99,2025-10-15,2
B9D8F67F-FE5A-4A6B-D13A-08DDFFEB12FE,c71ec1ec-5e2b-4c33-8c89-de5897a207a6,2025-10-08,1
C137F4A6-D99B-4072-D13B-08DDFFEB12FE,4d71f5cd-5e03-4e0e-b17d-593586b88b99,2025-10-13,2
2EF58F00-5E76-474C-D13C-08DDFFEB12FE,4d71f5cd-5e03-4e0e-b17d-593586b88b99,2025-10-14,2
87526296-C048-44F4-D13D-08DDFFEB12FE,4d71f5cd-5e03-4e0e-b17d-593586b88b99,2025-10-17,2
D2DB41A4-4C19-4A7D-D13E-08DDFFEB12FE,ff7cc517-15bb-4dc9-a941-2902d92fc311,2025-10-18,1
9B7EE2FF-5607-48B6-D13F-08DDFFEB12FE,ff7cc517-15bb-4dc9-a941-2902d92fc311,2025-10-19,1
89B8DAE6-EB48-4BE0-95EC-08DE0071501C,11838d58-5415-42bd-8c7f-3bef4f9db2aa,2025-10-06,1
980F4E04-C03C-4BA5-95ED-08DE0071501C,11838d58-5415-42bd-8c7f-3bef4f9db2aa,2025-10-07,1
97F70D3D-C120-4DB8-25C4-08DE00C811E7,2320cb1b-d64f-4486-aabe-9754c12a1d06,2025-10-06,2
C5429029-EC3E-43B7-25C5-08DE00C811E7,9b1e36ac-7e99-4109-b4c6-9a85c1bf7719,2025-10-16,1
3EA74042-B028-4ADC-25C6-08DE00C811E7,9b1e36ac-7e99-4109-b4c6-9a85c1bf7719,2025-10-17,1
82B6B45C-9F2F-4CF1-25C7-08DE00C811E7,9b1e36ac-7e99-4109-b4c6-9a85c1bf7719,2025-10-18,1
8DA5C32F-97BE-408A-25C8-08DE00C811E7,9b1e36ac-7e99-4109-b4c6-9a85c1bf7719,2025-10-19,1
79383EE9-6479-4B3E-25C9-08DE00C811E7,9b1e36ac-7e99-4109-b4c6-9a85c1bf7719,2025-10-15,2
51C50851-C84C-4A41-3450-08DE00F39EE6,b5ca6829-6ac9-4e18-96d7-3282ff6f3250,2025-10-17,2
C8869B53-AB2C-4D33-3451-08DE00F39EE6,6663d684-ce88-47ff-a4f7-e40d3b82a13f,2025-10-14,2
2A56587D-1088-468F-3452-08DE00F39EE6,6663d684-ce88-47ff-a4f7-e40d3b82a13f,2025-10-17,2
27DFD2D3-0874-4C3C-3454-08DE00F39EE6,27e0791f-5767-4877-b1e4-c80aceb86623,2025-10-17,2
355D4091-8292-4A3C-3455-08DE00F39EE6,27e0791f-5767-4877-b1e4-c80aceb86623,2025-10-28,2
A1E12E94-0335-4E86-3456-08DE00F39EE6,57f57d9a-735a-4bcc-afb6-f2799bd738a4,2025-10-17,2
87754084-8B9F-4F76-3457-08DE00F39EE6,57f57d9a-735a-4bcc-afb6-f2799bd738a4,2025-10-18,2
FADEA5EF-DC82-4327-3458-08DE00F39EE6,57f57d9a-735a-4bcc-afb6-f2799bd738a4,2025-10-18,2
8B9737C0-63FB-4F55-3459-08DE00F39EE6,57f57d9a-735a-4bcc-afb6-f2799bd738a4,2025-10-19,2
FBF84D1F-AA21-41C1-345A-08DE00F39EE6,f488e272-24db-42ce-9d36-80a013657223,2025-10-16,2
C24EC785-C0E3-4059-345B-08DE00F39EE6,6663d684-ce88-47ff-a4f7-e40d3b82a13f,2025-10-18,2
E360B436-1E72-4938-345C-08DE00F39EE6,6663d684-ce88-47ff-a4f7-e40d3b82a13f,2025-10-18,2
1CFC7A5A-FF63-40C1-345D-08DE00F39EE6,6663d684-ce88-47ff-a4f7-e40d3b82a13f,2025-10-19,2
FA76FDAC-F341-40B8-345F-08DE00F39EE6,1b96029f-d249-4657-97e1-ce4086f265fc,2025-10-26,2
6FE95F7B-98F6-4F2C-3460-08DE00F39EE6,1916bf76-0235-4795-91ba-407148f8a703,2025-10-26,2
0DEAD559-3709-41B5-3461-08DE00F39EE6,1b96029f-d249-4657-97e1-ce4086f265fc,2025-10-23,2
03A3B20B-7B48-4788-3462-08DE00F39EE6,1916bf76-0235-4795-91ba-407148f8a703,2025-10-27,1
F06A54DC-8C8C-4067-3463-08DE00F39EE6,1916bf76-0235-4795-91ba-407148f8a703,2025-10-28,1
406CD896-551A-4C45-3464-08DE00F39EE6,1916bf76-0235-4795-91ba-407148f8a703,2025-10-29,1
81270921-258A-47CB-3465-08DE00F39EE6,1916bf76-0235-4795-91ba-407148f8a703,2025-10-30,1
001F4EBF-9EFB-49B0-3466-08DE00F39EE6,1916bf76-0235-4795-91ba-407148f8a703,2025-10-31,1
206BFD3A-EFC6-496A-3467-08DE00F39EE6,1916bf76-0235-4795-91ba-407148f8a703,2025-11-01,1
BC81B6AB-6460-48EA-3468-08DE00F39EE6,1916bf76-0235-4795-91ba-407148f8a703,2025-11-02,1
8B09B1DA-D479-4159-3469-08DE00F39EE6,1916bf76-0235-4795-91ba-407148f8a703,2025-11-03,1
2B499CFC-5ADA-49DB-346A-08DE00F39EE6,1916bf76-0235-4795-91ba-407148f8a703,2025-11-04,1
ABBBC56E-C8EB-4842-346B-08DE00F39EE6,1916bf76-0235-4795-91ba-407148f8a703,2025-11-05,1
E6E85F39-BB55-44AB-346C-08DE00F39EE6,1916bf76-0235-4795-91ba-407148f8a703,2025-11-06,1
52671768-CFEE-437A-346D-08DE00F39EE6,1916bf76-0235-4795-91ba-407148f8a703,2025-11-07,1
DC014F40-886F-4E6F-346E-08DE00F39EE6,1916bf76-0235-4795-91ba-407148f8a703,2025-11-08,1
B50EB31E-C64A-4E3F-346F-08DE00F39EE6,1916bf76-0235-4795-91ba-407148f8a703,2025-11-09,1
975BD985-0CBC-47FF-3470-08DE00F39EE6,1916bf76-0235-4795-91ba-407148f8a703,2025-11-10,1
88869972-7E31-4A32-3471-08DE00F39EE6,1916bf76-0235-4795-91ba-407148f8a703,2025-11-11,1
77AA5FBE-09C4-48AE-3472-08DE00F39EE6,1916bf76-0235-4795-91ba-407148f8a703,2025-11-12,1
9AD57D0B-A451-40E4-3473-08DE00F39EE6,1916bf76-0235-4795-91ba-407148f8a703,2025-11-13,1
28DBDC5E-4632-4A6D-3474-08DE00F39EE6,1916bf76-0235-4795-91ba-407148f8a703,2025-11-14,1
01DB4DE7-53A2-42F0-3475-08DE00F39EE6,1916bf76-0235-4795-91ba-407148f8a703,2025-11-15,1
AFBE6F75-8B81-41E5-3476-08DE00F39EE6,1916bf76-0235-4795-91ba-407148f8a703,2025-11-16,1
3EFDE7B7-A8AB-4C09-2C3D-08DE012F9C9F,78732633-0af4-4912-9602-d3923d7c10d0,2025-10-15,2
8A97C38E-2E61-43D3-3F53-08DE017D6201,1a75df7a-e558-47c6-8af0-033582318b99,2025-10-18,2
94C0E20B-F021-4618-3F54-08DE017D6201,1a75df7a-e558-47c6-8af0-033582318b99,2025-10-25,2
9E51FBEC-89AF-4781-3F55-08DE017D6201,d5900ef2-17fd-42da-b9ea-b20a194fec05,2025-10-06,1
F5D5CE7D-9390-4243-3F56-08DE017D6201,d5900ef2-17fd-42da-b9ea-b20a194fec05,2025-10-07,1
8D2BE70C-A488-462A-3F57-08DE017D6201,d5900ef2-17fd-42da-b9ea-b20a194fec05,2025-10-08,1
9F87CCA2-1B03-4888-3F58-08DE017D6201,d5900ef2-17fd-42da-b9ea-b20a194fec05,2025-10-09,1
7650A966-A9AC-4417-3F59-08DE017D6201,d5900ef2-17fd-42da-b9ea-b20a194fec05,2025-10-10,1
7B51C03C-3274-47CD-3F5A-08DE017D6201,d5900ef2-17fd-42da-b9ea-b20a194fec05,2025-10-11,1
57325534-826F-45F7-3F5B-08DE017D6201,d5900ef2-17fd-42da-b9ea-b20a194fec05,2025-10-12,1
A19B6F83-11F8-4502-3F5C-08DE017D6201,d5900ef2-17fd-42da-b9ea-b20a194fec05,2025-10-13,1
A79C1113-226F-453B-3F5D-08DE017D6201,d5900ef2-17fd-42da-b9ea-b20a194fec05,2025-10-14,1
FE66727B-61A1-474E-3F5E-08DE017D6201,d5900ef2-17fd-42da-b9ea-b20a194fec05,2025-10-15,1
8205F063-05B5-45B2-3F5F-08DE017D6201,d5900ef2-17fd-42da-b9ea-b20a194fec05,2025-10-16,1
404AFB93-14B8-4E93-3F60-08DE017D6201,d5900ef2-17fd-42da-b9ea-b20a194fec05,2025-10-17,1
0BE465F3-720F-42F0-3F61-08DE017D6201,d5900ef2-17fd-42da-b9ea-b20a194fec05,2025-10-18,1
F017376A-D380-4F54-3F62-08DE017D6201,d5900ef2-17fd-42da-b9ea-b20a194fec05,2025-10-19,1
DD6A7C07-8004-4630-3F63-08DE017D6201,d5900ef2-17fd-42da-b9ea-b20a194fec05,2025-10-20,1
53D41DAF-C4C4-46D7-3F64-08DE017D6201,d5900ef2-17fd-42da-b9ea-b20a194fec05,2025-10-21,1
8E8CA479-968A-409E-3F65-08DE017D6201,d5900ef2-17fd-42da-b9ea-b20a194fec05,2025-10-22,1
D0D9E913-20DB-495C-3F66-08DE017D6201,d5900ef2-17fd-42da-b9ea-b20a194fec05,2025-10-23,1
EBFC5292-E20E-4A0C-3F67-08DE017D6201,d5900ef2-17fd-42da-b9ea-b20a194fec05,2025-10-24,1
81C50DAE-DF2B-45B8-3F68-08DE017D6201,d5900ef2-17fd-42da-b9ea-b20a194fec05,2025-10-25,1
EB8CE809-1D32-4DCC-3F69-08DE017D6201,d5900ef2-17fd-42da-b9ea-b20a194fec05,2025-10-26,1
5CC905DD-D0AC-4F1B-3F6A-08DE017D6201,d5900ef2-17fd-42da-b9ea-b20a194fec05,2025-10-27,1
B28BCD52-6719-481D-3F6B-08DE017D6201,d5900ef2-17fd-42da-b9ea-b20a194fec05,2025-10-28,1
7DEFF515-746E-47C4-3F6C-08DE017D6201,d5900ef2-17fd-42da-b9ea-b20a194fec05,2025-10-29,1
CC2C7D10-E124-43E0-3F6D-08DE017D6201,d5900ef2-17fd-42da-b9ea-b20a194fec05,2025-10-30,1
4775932B-4D9B-4167-3F6E-08DE017D6201,d5900ef2-17fd-42da-b9ea-b20a194fec05,2025-10-31,1
5F2FF767-5DEE-476D-3F6F-08DE017D6201,d5900ef2-17fd-42da-b9ea-b20a194fec05,2025-11-01,1
6B972F71-C194-44CB-3F70-08DE017D6201,9249db54-a23a-48e5-847d-cae130c90544,2025-10-06,1
C4EA45C6-1C85-4D11-3F71-08DE017D6201,9249db54-a23a-48e5-847d-cae130c90544,2025-10-07,1
3D344B3C-5CA6-431E-3F72-08DE017D6201,9249db54-a23a-48e5-847d-cae130c90544,2025-10-08,1
5292FF9D-2489-4147-3F73-08DE017D6201,9249db54-a23a-48e5-847d-cae130c90544,2025-10-09,1
F1D57061-DA70-4614-3F74-08DE017D6201,9249db54-a23a-48e5-847d-cae130c90544,2025-10-10,1
8E04E978-15A7-49EE-3F75-08DE017D6201,9249db54-a23a-48e5-847d-cae130c90544,2025-10-11,1
87560ED3-7BB5-46AD-3F76-08DE017D6201,9249db54-a23a-48e5-847d-cae130c90544,2025-10-12,1
D82E3C39-0F44-4827-3F77-08DE017D6201,96b641a5-1e20-43b7-b1fb-3f2921eaca46,2025-10-01,1
A6F104F3-EB03-48B6-3F78-08DE017D6201,96b641a5-1e20-43b7-b1fb-3f2921eaca46,2025-10-02,1
4F3A43A7-9DAC-471A-3F79-08DE017D6201,96b641a5-1e20-43b7-b1fb-3f2921eaca46,2025-10-03,1
A0476DAC-AF7E-498D-3F7A-08DE017D6201,96b641a5-1e20-43b7-b1fb-3f2921eaca46,2025-10-04,1
6B161727-1E48-4310-3F7B-08DE017D6201,96b641a5-1e20-43b7-b1fb-3f2921eaca46,2025-10-05,1
C6991B3C-EB28-468B-3F7C-08DE017D6201,96b641a5-1e20-43b7-b1fb-3f2921eaca46,2025-10-06,1
C291A02C-5EF0-4282-3F7D-08DE017D6201,96b641a5-1e20-43b7-b1fb-3f2921eaca46,2025-10-07,1
0D04AAFD-EF54-48E7-3F7E-08DE017D6201,96b641a5-1e20-43b7-b1fb-3f2921eaca46,2025-10-08,1
9947EA89-BF24-4B7E-3F7F-08DE017D6201,96b641a5-1e20-43b7-b1fb-3f2921eaca46,2025-10-09,1
05ADCD40-1903-4867-3F80-08DE017D6201,96b641a5-1e20-43b7-b1fb-3f2921eaca46,2025-10-10,1
A3DFB7EA-B0BD-4D37-3F81-08DE017D6201,96b641a5-1e20-43b7-b1fb-3f2921eaca46,2025-10-11,1
3B268A42-A252-4FA3-3DC9-08DE01CCF011,f03ea971-0ec2-4be7-aae9-364f3922b741,2025-10-01,1
C38ADAB2-4168-4EC0-3DCA-08DE01CCF011,f03ea971-0ec2-4be7-aae9-364f3922b741,2025-10-02,1
3BAA53CC-07F1-49F8-3DCB-08DE01CCF011,f03ea971-0ec2-4be7-aae9-364f3922b741,2025-10-03,1
5FA393C9-B3A3-4EBF-3DCC-08DE01CCF011,f03ea971-0ec2-4be7-aae9-364f3922b741,2025-10-04,1
B955DB5B-95F7-44CA-3DCD-08DE01CCF011,f03ea971-0ec2-4be7-aae9-364f3922b741,2025-10-05,1
C787A3CF-649C-46C6-3DCE-08DE01CCF011,f03ea971-0ec2-4be7-aae9-364f3922b741,2025-10-06,1
F9C53DC5-CC0F-42AA-3DCF-08DE01CCF011,f03ea971-0ec2-4be7-aae9-364f3922b741,2025-10-07,1
B6807ADA-E6B9-4C60-3DD0-08DE01CCF011,f03ea971-0ec2-4be7-aae9-364f3922b741,2025-10-08,1
1F270CF1-E938-42AB-3DD1-08DE01CCF011,f03ea971-0ec2-4be7-aae9-364f3922b741,2025-10-09,1
17D3BADD-6B5A-44FB-3DD2-08DE01CCF011,f03ea971-0ec2-4be7-aae9-364f3922b741,2025-10-10,1
FD3DBF39-A90E-4E98-3DD3-08DE01CCF011,f03ea971-0ec2-4be7-aae9-364f3922b741,2025-10-11,1
DA83B952-7B58-4E6E-3DD4-08DE01CCF011,f03ea971-0ec2-4be7-aae9-364f3922b741,2025-10-12,1
B1BEA8EA-42D1-4895-3DD5-08DE01CCF011,f03ea971-0ec2-4be7-aae9-364f3922b741,2025-10-13,1
321F8BDE-2749-4E3E-3DD6-08DE01CCF011,f03ea971-0ec2-4be7-aae9-364f3922b741,2025-10-14,1
31545E50-7B57-4F0E-3DD7-08DE01CCF011,f03ea971-0ec2-4be7-aae9-364f3922b741,2025-10-15,1
79E8CB49-CE25-4688-3DD8-08DE01CCF011,f03ea971-0ec2-4be7-aae9-364f3922b741,2025-10-16,1
F9CA52AE-97D6-4E83-3DD9-08DE01CCF011,f03ea971-0ec2-4be7-aae9-364f3922b741,2025-10-17,1
B1537A04-1578-4EBE-3DDA-08DE01CCF011,f03ea971-0ec2-4be7-aae9-364f3922b741,2025-10-18,1
299DCC16-59FE-48A6-3DDB-08DE01CCF011,f03ea971-0ec2-4be7-aae9-364f3922b741,2025-10-19,1
C8F28F26-4040-4377-3DDC-08DE01CCF011,f03ea971-0ec2-4be7-aae9-364f3922b741,2025-10-20,1
1DE6611E-F5A4-4A47-3DDD-08DE01CCF011,f03ea971-0ec2-4be7-aae9-364f3922b741,2025-10-21,1
CDF49F69-0350-4E9A-3DDE-08DE01CCF011,f03ea971-0ec2-4be7-aae9-364f3922b741,2025-10-22,1
8B9BBB41-E403-4F7F-3DDF-08DE01CCF011,f03ea971-0ec2-4be7-aae9-364f3922b741,2025-10-23,1
59A73EDE-28A6-4070-3DE0-08DE01CCF011,f03ea971-0ec2-4be7-aae9-364f3922b741,2025-10-24,1
656E6AF7-BDA4-422B-3DE1-08DE01CCF011,f03ea971-0ec2-4be7-aae9-364f3922b741,2025-10-25,1
F5BA44A9-E304-4E82-3DE2-08DE01CCF011,f03ea971-0ec2-4be7-aae9-364f3922b741,2025-10-26,1
35AA307F-64F0-4D6D-3DE3-08DE01CCF011,f03ea971-0ec2-4be7-aae9-364f3922b741,2025-10-27,1
08859A61-C2AA-453B-3DE4-08DE01CCF011,f03ea971-0ec2-4be7-aae9-364f3922b741,2025-10-28,1
3450B27D-DE8B-49F9-3DE5-08DE01CCF011,f03ea971-0ec2-4be7-aae9-364f3922b741,2025-10-29,1
E7D6FB92-F8E5-450C-3DE6-08DE01CCF011,f03ea971-0ec2-4be7-aae9-364f3922b741,2025-10-30,1
FA5883AC-1FF0-44B1-3DE7-08DE01CCF011,f03ea971-0ec2-4be7-aae9-364f3922b741,2025-10-31,1
8B1AD979-1624-4B8D-3DE8-08DE01CCF011,f03ea971-0ec2-4be7-aae9-364f3922b741,2025-11-01,1
929BD69F-604C-417C-3DE9-08DE01CCF011,f03ea971-0ec2-4be7-aae9-364f3922b741,2025-11-02,1
A7C96B04-4E29-42BC-3DEA-08DE01CCF011,f03ea971-0ec2-4be7-aae9-364f3922b741,2025-11-03,1
17954F39-E551-4B7D-3DEB-08DE01CCF011,f03ea971-0ec2-4be7-aae9-364f3922b741,2025-11-04,1
9A1F2D65-7337-4F66-3DEC-08DE01CCF011,f03ea971-0ec2-4be7-aae9-364f3922b741,2025-11-05,1
02B32DC9-5D13-4D37-3DED-08DE01CCF011,f03ea971-0ec2-4be7-aae9-364f3922b741,2025-11-06,1
444CDEFA-5F0E-4CD2-3DEE-08DE01CCF011,f03ea971-0ec2-4be7-aae9-364f3922b741,2025-11-07,1
46643656-8128-4F1D-3DEF-08DE01CCF011,f03ea971-0ec2-4be7-aae9-364f3922b741,2025-11-08,1
0E4E7E2A-3A57-4AFF-EA22-08DE01F20687,1ddcffe7-c2ad-4836-a35b-75b12da1d336,2025-10-17,2
E02B6443-2D0A-4458-EA23-08DE01F20687,1ddcffe7-c2ad-4836-a35b-75b12da1d336,2025-10-18,2
FF3137B4-B7F9-4A88-EA24-08DE01F20687,1ddcffe7-c2ad-4836-a35b-75b12da1d336,2025-10-19,2
71B7C848-300F-478B-EA25-08DE01F20687,1ddcffe7-c2ad-4836-a35b-75b12da1d336,2025-10-14,2
2AD4470C-1AF7-4738-8928-08DE024B603E,b5ca6829-6ac9-4e18-96d7-3282ff6f3250,2025-10-14,2
58D20165-CE72-446C-8929-08DE024B603E,144bc00f-b27f-49a9-8664-9bcd79ea6975,2025-10-14,2
44318BC7-3E4B-4225-892A-08DE024B603E,27e0791f-5767-4877-b1e4-c80aceb86623,2025-10-14,2
40998280-B2EA-4C8D-892E-08DE024B603E,fafe9819-8c58-4398-a1cc-77584270b6ed,2025-10-17,2
A5C94E76-664A-4E8E-8930-08DE024B603E,c71ec1ec-5e2b-4c33-8c89-de5897a207a6,2025-10-18,2
48DFCF41-C52A-4716-8931-08DE024B603E,1641a578-00b2-4973-955d-095bc254d709,2025-10-17,2
171FCF4E-0DE6-402A-8932-08DE024B603E,d71b50b4-750e-4644-9786-becc6520c6d7,2025-10-17,2
916EB341-F30C-40EF-8933-08DE024B603E,4afd5d07-d782-4b98-92cb-eea7ca0104bf,2025-10-14,2
60895F76-78F7-4C48-8934-08DE024B603E,d71b50b4-750e-4644-9786-becc6520c6d7,2025-10-18,2
C6A9406E-000E-440A-4B8C-08DE02F22630,477951d3-95b8-4933-ad3b-ae6f86eafc55,2025-10-15,2
5FD84209-07F3-4F38-15F8-08DE0323D339,0fac737b-0e61-46db-a27a-52730d65cb9a,2025-10-14,2
369914E1-B892-4E5D-15F9-08DE0323D339,0fac737b-0e61-46db-a27a-52730d65cb9a,2025-10-16,2
F2D10B71-59B3-4C58-15FC-08DE0323D339,144bc00f-b27f-49a9-8664-9bcd79ea6975,2025-10-26,2
8B686448-66EC-4DF1-6451-08DE03596062,2c075776-4fd8-49f3-b781-7842bd8156de,2025-10-14,1
59FD4C57-97B5-4EA7-6452-08DE03596062,b5ca6829-6ac9-4e18-96d7-3282ff6f3250,2025-10-30,2
C3DAB8E2-0E17-41B5-B4A8-08DE038C34AF,0fac737b-0e61-46db-a27a-52730d65cb9a,2025-10-18,2
2F8CBE4A-8A10-4F74-BD20-08DE0407FB75,477951d3-95b8-4933-ad3b-ae6f86eafc55,2025-10-19,2
32DABB0A-00C7-49C6-BD21-08DE0407FB75,477951d3-95b8-4933-ad3b-ae6f86eafc55,2025-10-18,2
1CF7ECCB-AD8D-4B33-BD22-08DE0407FB75,299503c0-1a91-43dd-8b64-b2b35f44afd6,2025-10-13,2
D760F55A-12F0-4109-BD23-08DE0407FB75,299503c0-1a91-43dd-8b64-b2b35f44afd6,2025-10-14,2
1499ABD7-068B-4109-0888-08DE0410221F,1916bf76-0235-4795-91ba-407148f8a703,2025-10-18,2
EC5A4803-E649-42B3-0889-08DE0410221F,1916bf76-0235-4795-91ba-407148f8a703,2025-10-19,2
16BCA6AF-1EF0-4FF6-A9C2-08DE045CF5FC,9964c775-c7f7-42d2-9d2c-a75cb68487d1,2025-10-26,2
E7141AE6-B940-4887-C42C-08DE049C4CE3,1641a578-00b2-4973-955d-095bc254d709,2025-10-18,2
C6BFD7E6-F395-46F5-C42D-08DE049C4CE3,1641a578-00b2-4973-955d-095bc254d709,2025-10-14,2
5B5F82DB-165D-4040-C42E-08DE049C4CE3,1a75df7a-e558-47c6-8af0-033582318b99,2025-10-21,2
BA8E955F-4F79-417F-C430-08DE049C4CE3,c71ec1ec-5e2b-4c33-8c89-de5897a207a6,2025-11-09,2
6F6B9BA9-CF24-4A05-C431-08DE049C4CE3,0d2b5c5a-8a41-4997-ad20-a604731bb160,2025-10-18,2
1F0980E2-F23C-4517-C432-08DE049C4CE3,1b96029f-d249-4657-97e1-ce4086f265fc,2025-10-25,2
99C7F156-6296-43A2-C433-08DE049C4CE3,57f57d9a-735a-4bcc-afb6-f2799bd738a4,2025-10-14,2
A0B7EBBA-809C-44AA-C434-08DE049C4CE3,fafe9819-8c58-4398-a1cc-77584270b6ed,2025-10-25,2
5A67A10D-A300-41AF-C435-08DE049C4CE3,fafe9819-8c58-4398-a1cc-77584270b6ed,2025-10-26,2
13D66F92-825F-4613-C436-08DE049C4CE3,c280d18d-86b9-4bba-85e6-2c00472efd9d,2025-10-13,2
BD3E820C-92EB-4C69-C437-08DE049C4CE3,c280d18d-86b9-4bba-85e6-2c00472efd9d,2025-10-15,2
31387C33-A352-4083-C438-08DE049C4CE3,1a75df7a-e558-47c6-8af0-033582318b99,2025-10-28,2
5EEC5CCB-F206-4FAD-C439-08DE049C4CE3,1a75df7a-e558-47c6-8af0-033582318b99,2025-10-28,2
425A1915-37AD-4674-C43A-08DE049C4CE3,c280d18d-86b9-4bba-85e6-2c00472efd9d,2025-10-17,2
1DA0447A-9562-415D-C43B-08DE049C4CE3,477951d3-95b8-4933-ad3b-ae6f86eafc55,2025-10-17,1
E8349A5D-DDF8-4EA3-C43C-08DE049C4CE3,11838d58-5415-42bd-8c7f-3bef4f9db2aa,2025-10-17,2
3541908A-BF42-4E2E-C43D-08DE049C4CE3,b8eaaef1-8890-4d24-8c6c-3db23f8812a0,2025-10-17,2
91D66B26-8E50-416F-C441-08DE049C4CE3,43072b87-23d4-4ad6-88f8-7999ef3c86ca,2025-10-16,2
AC8C4F1E-09B2-4E36-C443-08DE049C4CE3,43072b87-23d4-4ad6-88f8-7999ef3c86ca,2025-10-14,2
1996EDAE-26CE-468E-C444-08DE049C4CE3,1916bf76-0235-4795-91ba-407148f8a703,2025-10-22,2
905734CA-CDB6-403A-C445-08DE049C4CE3,413e6437-7712-4672-8d5f-80a6c94ef119,2025-10-13,2
71FF9B5B-80B2-4185-C447-08DE049C4CE3,ab577efb-8d05-4666-a51a-6b95edc5ec45,2025-10-16,1
51516CB8-675E-448F-C448-08DE049C4CE3,ab577efb-8d05-4666-a51a-6b95edc5ec45,2025-10-17,1
CDBFDD9E-74E7-46D3-C449-08DE049C4CE3,ab577efb-8d05-4666-a51a-6b95edc5ec45,2025-10-18,1
962BFB84-5738-42B5-C44A-08DE049C4CE3,ab577efb-8d05-4666-a51a-6b95edc5ec45,2025-10-19,1
00E3EF3E-7981-4C6B-C44B-08DE049C4CE3,ab577efb-8d05-4666-a51a-6b95edc5ec45,2025-10-20,1
054D28A7-0FBF-4C7B-C44C-08DE049C4CE3,ab577efb-8d05-4666-a51a-6b95edc5ec45,2025-10-21,1
B89630E3-46F9-4B8E-C44E-08DE049C4CE3,413e6437-7712-4672-8d5f-80a6c94ef119,2025-10-18,2
5E9D727B-D20A-4B9B-C44F-08DE049C4CE3,4da65404-40f7-408c-8831-dec60d86d60b,2025-10-14,2
35297D93-5ECA-4EA0-C450-08DE049C4CE3,4da65404-40f7-408c-8831-dec60d86d60b,2025-10-16,2
B6AC43C5-BB99-409B-C451-08DE049C4CE3,4da65404-40f7-408c-8831-dec60d86d60b,2025-10-18,2
D1439C26-0014-4A2F-C454-08DE049C4CE3,413e6437-7712-4672-8d5f-80a6c94ef119,2025-10-16,2
8E6352AE-4D3F-4367-D6E9-08DE056E2F2F,157e4c9d-980e-4897-ad5f-f4c5c301f195,2025-10-11,1
053D0BDD-F923-4D4A-35BA-08DE05E93BD7,fafe9819-8c58-4398-a1cc-77584270b6ed,2025-10-21,2
018E2DC6-51AE-453A-18D3-08DE065A82FD,1b96029f-d249-4657-97e1-ce4086f265fc,2025-10-24,2
BE886D1F-294C-4126-53B7-08DE06E6D537,144bc00f-b27f-49a9-8664-9bcd79ea6975,2025-10-24,2
B1B7192F-063C-4861-1911-08DE070162F8,157e4c9d-980e-4897-ad5f-f4c5c301f195,2025-10-14,2
CEC81161-CC97-4725-1912-08DE070162F8,157e4c9d-980e-4897-ad5f-f4c5c301f195,2025-10-17,2
DE1AC3B8-FA6A-4A83-1913-08DE070162F8,1a75df7a-e558-47c6-8af0-033582318b99,2025-11-06,1
867B07EA-B708-4E42-1914-08DE070162F8,0fac737b-0e61-46db-a27a-52730d65cb9a,2025-10-15,2
06130521-B38A-4637-1915-08DE070162F8,2320cb1b-d64f-4486-aabe-9754c12a1d06,2025-10-14,2
0610A7BC-3D20-4915-1916-08DE070162F8,1a75df7a-e558-47c6-8af0-033582318b99,2025-10-23,2
8798EE1F-9EB4-4A08-1917-08DE070162F8,0fac737b-0e61-46db-a27a-52730d65cb9a,2025-10-21,2
36F81C43-2869-4427-1918-08DE070162F8,0fac737b-0e61-46db-a27a-52730d65cb9a,2025-10-23,2
299F2C44-C506-4684-191A-08DE070162F8,8d97501c-e7a6-46e6-9882-10ee0dea5a69,2025-10-30,2
F9BFDE33-3144-4F6F-191B-08DE070162F8,f538e494-84f3-4ea8-ae3b-f0f142294fbe,2025-10-20,1
3AF2A82C-044D-4D5C-191C-08DE070162F8,27e0791f-5767-4877-b1e4-c80aceb86623,2025-10-25,2
353EE121-A90E-45E9-2EDE-08DE075A627D,8d97501c-e7a6-46e6-9882-10ee0dea5a69,2025-11-12,2
E0D3B3CE-2DAB-4547-BC0E-08DE07BE5EAF,1ddcffe7-c2ad-4836-a35b-75b12da1d336,2025-10-24,2
6B08A232-FB80-4500-BC0F-08DE07BE5EAF,1ddcffe7-c2ad-4836-a35b-75b12da1d336,2025-10-25,2
A2BDD740-01FB-448C-BC10-08DE07BE5EAF,ff7cc517-15bb-4dc9-a941-2902d92fc311,2025-10-20,2
458F14DE-C9F9-442F-BC11-08DE07BE5EAF,4d71f5cd-5e03-4e0e-b17d-593586b88b99,2025-10-21,2
8C680902-CB23-40C3-BC12-08DE07BE5EAF,4d71f5cd-5e03-4e0e-b17d-593586b88b99,2025-10-23,2
30BE9EA3-26F7-4FB7-BC13-08DE07BE5EAF,4d71f5cd-5e03-4e0e-b17d-593586b88b99,2025-10-24,2
3683D2C3-E9A2-486D-BC14-08DE07BE5EAF,d71b50b4-750e-4644-9786-becc6520c6d7,2025-10-09,1
1A4914A1-7C6C-4070-F924-08DE08C34707,6663d684-ce88-47ff-a4f7-e40d3b82a13f,2025-10-21,2
126F8A4E-EA96-4049-F925-08DE08C34707,6663d684-ce88-47ff-a4f7-e40d3b82a13f,2025-10-24,2
61946AD2-F2E1-4AFF-F926-08DE08C34707,57f57d9a-735a-4bcc-afb6-f2799bd738a4,2025-10-25,2
8CE317FD-DCDF-45A1-F927-08DE08C34707,57f57d9a-735a-4bcc-afb6-f2799bd738a4,2025-10-21,2
49D078AF-9818-4416-F928-08DE08C34707,6663d684-ce88-47ff-a4f7-e40d3b82a13f,2025-10-25,2
E251D343-1AB4-468C-C422-08DE0901693C,299503c0-1a91-43dd-8b64-b2b35f44afd6,2025-10-20,2
68E35687-1957-4B60-C423-08DE0901693C,299503c0-1a91-43dd-8b64-b2b35f44afd6,2025-10-22,2
23904F76-7D67-475D-A598-08DE09637CE6,ab577efb-8d05-4666-a51a-6b95edc5ec45,2025-10-23,2
E807248B-6475-4041-0B55-08DE0971975B,c720feeb-93e1-4d88-b275-525f95f377ee,2025-10-31,2
FF52C8CC-7A1F-46A3-3932-08DE0985000F,1641a578-00b2-4973-955d-095bc254d709,2025-10-21,2
0D01F312-442B-49DE-6864-08DE09D2BEBC,d71b50b4-750e-4644-9786-becc6520c6d7,2025-10-21,2
7C0D23F3-30A2-4DC7-6865-08DE09D2BEBC,d71b50b4-750e-4644-9786-becc6520c6d7,2025-10-23,2
A08E0B7D-8B26-4312-6866-08DE09D2BEBC,d71b50b4-750e-4644-9786-becc6520c6d7,2025-10-25,2
9536A547-C468-4BC9-6867-08DE09D2BEBC,b8eaaef1-8890-4d24-8c6c-3db23f8812a0,2025-10-25,2
02EFF0E2-B096-4F87-4A40-08DE0A20A9D9,c720feeb-93e1-4d88-b275-525f95f377ee,2025-11-24,1
20F5C06B-8196-436E-4A41-08DE0A20A9D9,c720feeb-93e1-4d88-b275-525f95f377ee,2025-11-25,1
F93CEAAB-F5B4-49B5-4A42-08DE0A20A9D9,c720feeb-93e1-4d88-b275-525f95f377ee,2025-11-26,1
AF486D09-571C-429A-4A43-08DE0A20A9D9,43072b87-23d4-4ad6-88f8-7999ef3c86ca,2025-10-21,2
6FAAB91F-B9B1-46A1-4A44-08DE0A20A9D9,43072b87-23d4-4ad6-88f8-7999ef3c86ca,2025-10-25,2
129D3AA9-A6B5-42FC-4A45-08DE0A20A9D9,43072b87-23d4-4ad6-88f8-7999ef3c86ca,2025-10-23,2
A58B6543-9236-4647-4A46-08DE0A20A9D9,43072b87-23d4-4ad6-88f8-7999ef3c86ca,2025-10-20,2
A8DFB315-4E49-473F-A48D-08DE0A3B74D2,57f57d9a-735a-4bcc-afb6-f2799bd738a4,2025-10-27,1
07219F14-392A-47DB-A48E-08DE0A3B74D2,57f57d9a-735a-4bcc-afb6-f2799bd738a4,2025-10-28,1
733DAAFC-F1A7-41F0-A48F-08DE0A3B74D2,57f57d9a-735a-4bcc-afb6-f2799bd738a4,2025-10-29,1
BF2D89E9-ED58-4305-A490-08DE0A3B74D2,57f57d9a-735a-4bcc-afb6-f2799bd738a4,2025-10-30,1
87B78A88-3C9B-4C5B-A491-08DE0A3B74D2,57f57d9a-735a-4bcc-afb6-f2799bd738a4,2025-10-31,1
06E7F349-8906-4E51-A492-08DE0A3B74D2,57f57d9a-735a-4bcc-afb6-f2799bd738a4,2025-11-01,1
FE7FADBB-136F-4122-A493-08DE0A3B74D2,57f57d9a-735a-4bcc-afb6-f2799bd738a4,2025-11-02,1
A523F3B4-E9B0-4520-A494-08DE0A3B74D2,57f57d9a-735a-4bcc-afb6-f2799bd738a4,2025-11-03,1
CB2D73B5-47ED-43D2-A495-08DE0A3B74D2,57f57d9a-735a-4bcc-afb6-f2799bd738a4,2025-11-04,1
4D679C0F-B4D1-4BDC-A496-08DE0A3B74D2,57f57d9a-735a-4bcc-afb6-f2799bd738a4,2025-11-05,1
00EFEC22-AF5C-4EBA-A497-08DE0A3B74D2,57f57d9a-735a-4bcc-afb6-f2799bd738a4,2025-11-06,1
2638F449-7C92-4442-A498-08DE0A3B74D2,57f57d9a-735a-4bcc-afb6-f2799bd738a4,2025-11-07,1
EC51381D-1E2B-4E06-A499-08DE0A3B74D2,57f57d9a-735a-4bcc-afb6-f2799bd738a4,2025-11-08,1
C0A2AF93-B6A8-44BD-A49A-08DE0A3B74D2,57f57d9a-735a-4bcc-afb6-f2799bd738a4,2025-11-09,1
158A52A0-D7B0-4170-A49B-08DE0A3B74D2,1ddcffe7-c2ad-4836-a35b-75b12da1d336,2025-11-08,2
EB64A983-B6FF-4D22-A49C-08DE0A3B74D2,1ddcffe7-c2ad-4836-a35b-75b12da1d336,2025-11-09,2
A166AB31-7006-4142-80D9-08DE0AF3AC11,144bc00f-b27f-49a9-8664-9bcd79ea6975,2025-11-01,2
1C0DB616-F0E5-4F50-80DA-08DE0AF3AC11,144bc00f-b27f-49a9-8664-9bcd79ea6975,2025-11-02,2
B47D266A-2C32-416D-80DB-08DE0AF3AC11,144bc00f-b27f-49a9-8664-9bcd79ea6975,2025-10-31,2
322E412B-B1ED-4F7F-80DC-08DE0AF3AC11,0fac737b-0e61-46db-a27a-52730d65cb9a,2025-10-22,2
216DE908-A63F-4E15-80DD-08DE0AF3AC11,0fac737b-0e61-46db-a27a-52730d65cb9a,2026-01-10,1
D7336666-07DD-4E7B-80DE-08DE0AF3AC11,0fac737b-0e61-46db-a27a-52730d65cb9a,2026-01-11,1
0692C4D0-AE8C-4292-80DF-08DE0AF3AC11,0fac737b-0e61-46db-a27a-52730d65cb9a,2026-01-12,1
25389EEA-AE2E-4904-80E0-08DE0AF3AC11,0fac737b-0e61-46db-a27a-52730d65cb9a,2026-01-13,1
4649BA2B-A57D-463A-80E1-08DE0AF3AC11,0fac737b-0e61-46db-a27a-52730d65cb9a,2026-01-14,1
40E6B09B-13D1-40F7-80E2-08DE0AF3AC11,0fac737b-0e61-46db-a27a-52730d65cb9a,2026-01-15,1
723DB404-35C0-43FA-80E3-08DE0AF3AC11,0fac737b-0e61-46db-a27a-52730d65cb9a,2026-01-16,1
9ACB90BE-8EB0-4658-80E4-08DE0AF3AC11,0fac737b-0e61-46db-a27a-52730d65cb9a,2026-01-17,1
C9A0BD91-E79C-4E71-80E5-08DE0AF3AC11,c5ce5a45-2b0a-40ff-a82f-ea5df6501805,2025-10-20,2
BA924536-354C-4568-80E6-08DE0AF3AC11,c5ce5a45-2b0a-40ff-a82f-ea5df6501805,2025-10-22,2
418A1413-95EB-4D3F-80E7-08DE0AF3AC11,b5ca6829-6ac9-4e18-96d7-3282ff6f3250,2025-10-31,2
72C82025-A836-4539-80E8-08DE0AF3AC11,b5ca6829-6ac9-4e18-96d7-3282ff6f3250,2025-11-01,2
8EBBB824-727E-4530-80E9-08DE0AF3AC11,b5ca6829-6ac9-4e18-96d7-3282ff6f3250,2025-11-02,2
10332C91-B56B-49FB-80EA-08DE0AF3AC11,f488e272-24db-42ce-9d36-80a013657223,2025-11-04,2
03C35F2C-5EE3-48C7-8C26-08DE0BC71E9F,27e0791f-5767-4877-b1e4-c80aceb86623,2025-10-22,2
32B1C29C-ADAF-45D4-8C27-08DE0BC71E9F,78732633-0af4-4912-9602-d3923d7c10d0,2025-10-29,2
91CDD183-B0BA-410D-2996-08DE0C141CFC,c71ec1ec-5e2b-4c33-8c89-de5897a207a6,2025-11-05,2
ABB03AD0-2539-4CE9-2997-08DE0C141CFC,c71ec1ec-5e2b-4c33-8c89-de5897a207a6,2025-11-12,2
F256EE6A-FA09-4427-2998-08DE0C141CFC,c71ec1ec-5e2b-4c33-8c89-de5897a207a6,2025-11-19,2
168AA00A-546A-4145-2999-08DE0C141CFC,c71ec1ec-5e2b-4c33-8c89-de5897a207a6,2025-11-26,2
E6C17AD9-6DA2-4811-EDBA-08DE0CA42193,95bf29ca-f6b4-4fbb-88b1-46de45dcf625,2025-10-29,2
AE69D007-6B73-4970-EDBB-08DE0CA42193,144bc00f-b27f-49a9-8664-9bcd79ea6975,2025-10-31,2
7F83F44B-9532-402C-9B0A-08DE0D4BCDF3,b8eaaef1-8890-4d24-8c6c-3db23f8812a0,2025-10-28,2
B1B13D45-F295-4242-9B0B-08DE0D4BCDF3,b8eaaef1-8890-4d24-8c6c-3db23f8812a0,2025-10-30,2
D7C54FB4-9CE7-49F0-9B0C-08DE0D4BCDF3,f538e494-84f3-4ea8-ae3b-f0f142294fbe,2025-11-06,2
9A0BD052-3981-4E1A-9B0D-08DE0D4BCDF3,f538e494-84f3-4ea8-ae3b-f0f142294fbe,2025-11-13,2
A9CF7605-52D6-4D01-9B0E-08DE0D4BCDF3,9249db54-a23a-48e5-847d-cae130c90544,2025-11-08,2
B6B3B005-BD5C-4FEC-9B0F-08DE0D4BCDF3,1a75df7a-e558-47c6-8af0-033582318b99,2025-10-30,2
A121D503-D325-40D2-0110-08DE0E04D066,c5ce5a45-2b0a-40ff-a82f-ea5df6501805,2025-10-27,2
636B6547-7160-4667-0111-08DE0E04D066,c5ce5a45-2b0a-40ff-a82f-ea5df6501805,2025-10-29,2
53308591-CEEB-4C28-0112-08DE0E04D066,c5ce5a45-2b0a-40ff-a82f-ea5df6501805,2025-11-03,2
E83C7769-FA08-4C03-0113-08DE0E04D066,c5ce5a45-2b0a-40ff-a82f-ea5df6501805,2025-11-05,2
6B81FD43-FE72-4E36-0114-08DE0E04D066,c5ce5a45-2b0a-40ff-a82f-ea5df6501805,2025-11-10,2
D09E231B-3988-4788-0115-08DE0E04D066,c5ce5a45-2b0a-40ff-a82f-ea5df6501805,2025-11-12,2
4C783838-B1C5-4043-0116-08DE0E04D066,c5ce5a45-2b0a-40ff-a82f-ea5df6501805,2025-11-17,2
5D2243AD-8BE7-41F2-0117-08DE0E04D066,c5ce5a45-2b0a-40ff-a82f-ea5df6501805,2025-11-19,2
78638264-FB58-48EF-0118-08DE0E04D066,c5ce5a45-2b0a-40ff-a82f-ea5df6501805,2025-11-24,2
DF2BBF39-358B-4150-0119-08DE0E04D066,c5ce5a45-2b0a-40ff-a82f-ea5df6501805,2025-11-26,2
831B83ED-A72D-4214-12D5-08DE0E28F568,1641a578-00b2-4973-955d-095bc254d709,2025-11-23,1
4984D92E-8AC3-46BC-12D6-08DE0E28F568,1641a578-00b2-4973-955d-095bc254d709,2025-11-24,1
D2125100-66B6-48E1-12D7-08DE0E28F568,1641a578-00b2-4973-955d-095bc254d709,2025-11-25,1
8595F8BA-9739-4012-12D8-08DE0E28F568,1641a578-00b2-4973-955d-095bc254d709,2025-11-26,1
32F316D2-9F7C-4411-12D9-08DE0E28F568,1641a578-00b2-4973-955d-095bc254d709,2025-11-01,2
05F6ADDC-551F-44A9-12DA-08DE0E28F568,1641a578-00b2-4973-955d-095bc254d709,2025-10-27,2
37948770-7CD7-4B20-12DB-08DE0E28F568,1641a578-00b2-4973-955d-095bc254d709,2025-10-29,2
90D7DCB1-B402-4AF2-2E54-08DE0E3B61AA,2c075776-4fd8-49f3-b781-7842bd8156de,2025-10-27,2
F0842F4E-CEFA-4158-05CC-08DE0E4B4093,9c1113fb-90f9-4b8b-8fdd-bcc7b6b5365b,2025-11-01,2
D7FF3C82-C364-4E5D-05CD-08DE0E4B4093,4d71f5cd-5e03-4e0e-b17d-593586b88b99,2025-10-29,2
6C01D69A-A244-4439-05CE-08DE0E4B4093,4d71f5cd-5e03-4e0e-b17d-593586b88b99,2025-10-31,2
335C9DFE-1773-4E2A-05CF-08DE0E4B4093,4d71f5cd-5e03-4e0e-b17d-593586b88b99,2025-11-01,2
98E16F81-D1DB-404D-05D1-08DE0E4B4093,1ddcffe7-c2ad-4836-a35b-75b12da1d336,2025-10-31,2
E21A5F4D-E562-4661-05D2-08DE0E4B4093,1ddcffe7-c2ad-4836-a35b-75b12da1d336,2025-11-01,2
F91763AD-6B55-4E7E-05D3-08DE0E4B4093,6663d684-ce88-47ff-a4f7-e40d3b82a13f,2025-10-28,2
18D7691B-CD66-40B2-05D4-08DE0E4B4093,6663d684-ce88-47ff-a4f7-e40d3b82a13f,2025-10-29,2
618EF2D9-9E5E-4510-9831-08DE0ECD6B4D,0fac737b-0e61-46db-a27a-52730d65cb9a,2025-10-28,2
ED06E929-FEE6-4E43-9832-08DE0ECD6B4D,0fac737b-0e61-46db-a27a-52730d65cb9a,2025-10-30,2
AF03C0F1-438F-49AD-9835-08DE0ECD6B4D,1a75df7a-e558-47c6-8af0-033582318b99,2025-10-31,2
1A19FEF1-2E61-4B54-9837-08DE0ECD6B4D,1a75df7a-e558-47c6-8af0-033582318b99,2025-12-06,2
204BA458-2FCB-436F-9838-08DE0ECD6B4D,1a75df7a-e558-47c6-8af0-033582318b99,2025-11-04,2
0A6DFEC0-D987-4293-AA19-08DE0EFD3BB9,0fac737b-0e61-46db-a27a-52730d65cb9a,2025-10-29,2
56010015-2DA6-482B-AA1A-08DE0EFD3BB9,27e0791f-5767-4877-b1e4-c80aceb86623,2025-11-01,2
BB59B7C4-7AD1-46F2-AA1B-08DE0EFD3BB9,27e0791f-5767-4877-b1e4-c80aceb86623,2025-11-02,2
250BCA01-D181-45AE-815C-08DE0F064C99,299503c0-1a91-43dd-8b64-b2b35f44afd6,2025-10-27,2
630A5169-372E-43CA-815D-08DE0F064C99,299503c0-1a91-43dd-8b64-b2b35f44afd6,2025-10-29,2
6A34BB22-E27B-41FB-F09E-08DE0F3D68EA,4da65404-40f7-408c-8831-dec60d86d60b,2025-10-30,2
D98525F5-8416-4D18-2A92-08DE0FA114D7,10005f55-8589-4836-800d-4b8bba0bf675,2025-10-31,2
76DF41BD-23BD-4488-A30C-08DE0FB71F03,477951d3-95b8-4933-ad3b-ae6f86eafc55,2025-10-29,2
A4985D84-E3C0-466C-A30D-08DE0FB71F03,fa431862-6ab2-46f0-91f3-97ae1452fc85,2025-10-31,2
9D76F9CE-6342-4395-A30E-08DE0FB71F03,fa431862-6ab2-46f0-91f3-97ae1452fc85,2025-11-01,2
6D85DD04-2C51-47A1-A30F-08DE0FB71F03,9b1e36ac-7e99-4109-b4c6-9a85c1bf7719,2025-10-31,2
15357D46-33AA-4A97-A311-08DE0FB71F03,9b1e36ac-7e99-4109-b4c6-9a85c1bf7719,2025-11-02,2
757356C6-D51F-4189-A312-08DE0FB71F03,9b1e36ac-7e99-4109-b4c6-9a85c1bf7719,2025-11-04,2
A9984B3F-C1B8-45D8-A314-08DE0FB71F03,43072b87-23d4-4ad6-88f8-7999ef3c86ca,2025-10-27,2
3748AFD1-417D-4248-A316-08DE0FB71F03,43072b87-23d4-4ad6-88f8-7999ef3c86ca,2025-10-28,2
190210B4-8040-4388-A317-08DE0FB71F03,c280d18d-86b9-4bba-85e6-2c00472efd9d,2025-10-28,2
7FAC935B-B602-4E9C-A318-08DE0FB71F03,c280d18d-86b9-4bba-85e6-2c00472efd9d,2025-10-30,2
4BA00223-D64C-4039-A319-08DE0FB71F03,43072b87-23d4-4ad6-88f8-7999ef3c86ca,2025-10-30,2
643CC025-0901-4C90-A31A-08DE0FB71F03,c280d18d-86b9-4bba-85e6-2c00472efd9d,2025-10-31,2
5A3486C0-59B5-4458-DD49-08DE101992C0,6663d684-ce88-47ff-a4f7-e40d3b82a13f,2025-11-01,1
2991C4B7-040C-4C15-DD4A-08DE101992C0,6663d684-ce88-47ff-a4f7-e40d3b82a13f,2025-11-02,1
776CE022-D4A9-4567-DD4B-08DE101992C0,6663d684-ce88-47ff-a4f7-e40d3b82a13f,2025-11-03,1
95995CBB-44C5-4C75-EC11-08DE1060A1F4,ff7cc517-15bb-4dc9-a941-2902d92fc311,2025-11-05,2
C3D7856C-DAC9-439C-F92F-08DE1068602F,144bc00f-b27f-49a9-8664-9bcd79ea6975,2025-11-04,2
66CDBDE5-7839-45FB-EFB4-08DE11357E38,b5ca6829-6ac9-4e18-96d7-3282ff6f3250,2025-11-18,2
41187D99-6BB9-4B88-EFB5-08DE11357E38,b5ca6829-6ac9-4e18-96d7-3282ff6f3250,2025-11-19,2
015905A5-D388-4FB6-EFB6-08DE11357E38,144bc00f-b27f-49a9-8664-9bcd79ea6975,2025-11-18,2
0689B95C-F081-4B0D-EFB7-08DE11357E38,f488e272-24db-42ce-9d36-80a013657223,2025-11-09,2
F0D8F0CA-A325-459B-EFB8-08DE11357E38,144bc00f-b27f-49a9-8664-9bcd79ea6975,2025-11-07,2
9873A526-B7BD-4BEC-EFB9-08DE11357E38,144bc00f-b27f-49a9-8664-9bcd79ea6975,2025-11-08,2
AB267274-20A7-4928-EFBA-08DE11357E38,144bc00f-b27f-49a9-8664-9bcd79ea6975,2025-11-09,2
BE6D17CA-6380-4CB3-EFBB-08DE11357E38,1ddcffe7-c2ad-4836-a35b-75b12da1d336,2025-11-11,2
7576FEFB-C9F0-42A3-EFBC-08DE11357E38,1ddcffe7-c2ad-4836-a35b-75b12da1d336,2025-11-17,2
B2863E4F-2C5E-4DC8-5718-08DE1200005D,c720feeb-93e1-4d88-b275-525f95f377ee,2025-11-10,2
DE210C47-4152-44C8-5719-08DE1200005D,c720feeb-93e1-4d88-b275-525f95f377ee,2025-11-07,2
22C579DB-DB61-4555-571A-08DE1200005D,1ddcffe7-c2ad-4836-a35b-75b12da1d336,2025-11-14,2
AE381889-0355-4C1A-571B-08DE1200005D,1ddcffe7-c2ad-4836-a35b-75b12da1d336,2025-11-12,2
1D2676A2-3FE2-4965-571C-08DE1200005D,1ddcffe7-c2ad-4836-a35b-75b12da1d336,2025-11-06,2
B58A9B1E-5D86-48DA-571D-08DE1200005D,144bc00f-b27f-49a9-8664-9bcd79ea6975,2025-12-02,2
2601ADC4-CFA2-4437-571E-08DE1200005D,144bc00f-b27f-49a9-8664-9bcd79ea6975,2025-12-08,2
CBACE07A-8C6A-4D7F-A63B-08DE12D33A36,9c1113fb-90f9-4b8b-8fdd-bcc7b6b5365b,2025-11-23,2
1743924B-D82B-4009-A63C-08DE12D33A36,9964c775-c7f7-42d2-9d2c-a75cb68487d1,2025-11-05,2
65685E71-E79C-40C5-A63D-08DE12D33A36,b8eaaef1-8890-4d24-8c6c-3db23f8812a0,2025-11-03,1
FDC888D3-B4EB-4117-49E6-08DE131A418D,ff7cc517-15bb-4dc9-a941-2902d92fc311,2025-11-11,2
19EC8679-FB0C-43B3-49E7-08DE131A418D,ff7cc517-15bb-4dc9-a941-2902d92fc311,2025-11-16,2
9367F3B0-C2AD-46C7-49E8-08DE131A418D,ff7cc517-15bb-4dc9-a941-2902d92fc311,2025-11-09,2
3C974B73-A539-4850-49E9-08DE131A418D,d71b50b4-750e-4644-9786-becc6520c6d7,2025-11-22,2
CCD15CCE-1662-4C53-49EA-08DE131A418D,d71b50b4-750e-4644-9786-becc6520c6d7,2025-11-25,2
6AAEFFE8-BEEA-4C0B-49EB-08DE131A418D,d71b50b4-750e-4644-9786-becc6520c6d7,2025-11-29,2
0110D931-5524-49C2-49EC-08DE131A418D,d71b50b4-750e-4644-9786-becc6520c6d7,2025-11-28,2
B5B2E36B-1BAE-463F-CE5C-08DE13462762,fafe9819-8c58-4398-a1cc-77584270b6ed,2025-11-17,2
F89DAB6B-AF3B-4A04-D406-08DE137A7F42,1641a578-00b2-4973-955d-095bc254d709,2025-11-04,2
2FA4FAFE-6900-42AD-D407-08DE137A7F42,1641a578-00b2-4973-955d-095bc254d709,2025-11-07,2
B8235E5C-1FE6-43C2-DDD5-08DE13851F1A,d71b50b4-750e-4644-9786-becc6520c6d7,2025-11-17,2
74E27FF0-84FE-4BD5-86F9-08DE138ED3E4,b8eaaef1-8890-4d24-8c6c-3db23f8812a0,2025-11-06,2
0C5DC666-95C7-40C8-124B-08DE13A5EB38,38b41087-0565-4dea-8ddf-e3b522a14368,2025-11-05,2
DA599587-4A10-408B-124C-08DE13A5EB38,38b41087-0565-4dea-8ddf-e3b522a14368,2025-11-06,2
0FD67A44-4220-4BAD-124D-08DE13A5EB38,38b41087-0565-4dea-8ddf-e3b522a14368,2025-11-10,2
9EF256A4-4180-4EF6-124E-08DE13A5EB38,38b41087-0565-4dea-8ddf-e3b522a14368,2025-11-11,2
D75C4FE7-716D-4FC1-124F-08DE13A5EB38,38b41087-0565-4dea-8ddf-e3b522a14368,2025-11-22,2
82615A7A-B446-4F34-1250-08DE13A5EB38,38b41087-0565-4dea-8ddf-e3b522a14368,2025-11-23,2
41EB62D3-5540-4C6A-1251-08DE13A5EB38,38b41087-0565-4dea-8ddf-e3b522a14368,2025-11-28,2
8974C6B6-C5C3-42E7-1252-08DE13A5EB38,38b41087-0565-4dea-8ddf-e3b522a14368,2025-11-29,2
27F86F14-5075-44B4-1253-08DE13A5EB38,38b41087-0565-4dea-8ddf-e3b522a14368,2025-12-03,2
1EF4F561-2DB4-48B4-1254-08DE13A5EB38,38b41087-0565-4dea-8ddf-e3b522a14368,2025-12-04,2
C55A8E47-6BA4-41A7-A7D8-08DE13C94B77,299503c0-1a91-43dd-8b64-b2b35f44afd6,2025-11-05,2
63FFAD32-8527-47AF-5423-08DE145694D8,c720feeb-93e1-4d88-b275-525f95f377ee,2025-11-09,2
4F3DB219-9C63-40F4-6B3F-08DE146F1135,27e0791f-5767-4877-b1e4-c80aceb86623,2025-11-08,2
2F7572FE-0784-4B05-6B40-08DE146F1135,27e0791f-5767-4877-b1e4-c80aceb86623,2025-11-15,2
B8C87839-7FAE-4B09-E096-08DE148464B5,1a75df7a-e558-47c6-8af0-033582318b99,2025-11-03,2
882FC3B7-6AE6-4AE9-E09C-08DE148464B5,4d71f5cd-5e03-4e0e-b17d-593586b88b99,2025-11-05,2
EC5875E9-7E5D-4D53-E09D-08DE148464B5,4d71f5cd-5e03-4e0e-b17d-593586b88b99,2025-11-07,2
B6F36166-E226-472C-E09E-08DE148464B5,4d71f5cd-5e03-4e0e-b17d-593586b88b99,2025-11-04,2
46856F0D-902F-4FD3-E09F-08DE148464B5,6663d684-ce88-47ff-a4f7-e40d3b82a13f,2025-11-04,2
E8F9205E-0A2E-45AF-E0A0-08DE148464B5,6663d684-ce88-47ff-a4f7-e40d3b82a13f,2025-11-09,2
6E5CE9B6-2E68-40C6-E0A1-08DE148464B5,ab577efb-8d05-4666-a51a-6b95edc5ec45,2025-11-04,2
4C6A458C-FB1B-4E92-B08B-08DE14EA7C09,c280d18d-86b9-4bba-85e6-2c00472efd9d,2025-11-03,2
6E53C982-F7C5-4849-B08C-08DE14EA7C09,c280d18d-86b9-4bba-85e6-2c00472efd9d,2025-11-04,2
A0EBAC5D-D367-43AB-B08D-08DE14EA7C09,c280d18d-86b9-4bba-85e6-2c00472efd9d,2025-11-06,2
96CACE5E-33AA-4697-3D0B-08DE1529AE9D,477951d3-95b8-4933-ad3b-ae6f86eafc55,2025-11-12,1
4B64EC8E-3F51-4708-3D0C-08DE1529AE9D,0fac737b-0e61-46db-a27a-52730d65cb9a,2025-11-04,2
CF1A9AAB-7F43-43D1-3D0D-08DE1529AE9D,0fac737b-0e61-46db-a27a-52730d65cb9a,2025-11-06,2
339C3A31-A606-444E-3D0E-08DE1529AE9D,0fac737b-0e61-46db-a27a-52730d65cb9a,2025-11-07,2
D6E5FC86-86EF-4575-3D10-08DE1529AE9D,9964c775-c7f7-42d2-9d2c-a75cb68487d1,2025-11-08,2
79A1D08F-325B-44EB-3D13-08DE1529AE9D,4d71f5cd-5e03-4e0e-b17d-593586b88b99,2025-11-09,1
06792DB7-7D0A-44F3-3D14-08DE1529AE9D,27e0791f-5767-4877-b1e4-c80aceb86623,2025-11-03,2
DD44D477-AE33-4F4D-3D15-08DE1529AE9D,95bf29ca-f6b4-4fbb-88b1-46de45dcf625,2025-11-08,2
4503E15E-47FC-4D53-3D16-08DE1529AE9D,95bf29ca-f6b4-4fbb-88b1-46de45dcf625,2025-11-09,2
7179DE56-2A53-4D62-3D17-08DE1529AE9D,95bf29ca-f6b4-4fbb-88b1-46de45dcf625,2025-11-15,2
AC76D6A0-B986-4F4B-3D18-08DE1529AE9D,95bf29ca-f6b4-4fbb-88b1-46de45dcf625,2025-12-01,2
2250ECF9-FB60-4F9B-3D19-08DE1529AE9D,95bf29ca-f6b4-4fbb-88b1-46de45dcf625,2025-12-06,2
FD86AF0E-BEAD-40BC-3D1A-08DE1529AE9D,95bf29ca-f6b4-4fbb-88b1-46de45dcf625,2025-12-07,1
6DEA4500-5A12-4C72-3D1B-08DE1529AE9D,43072b87-23d4-4ad6-88f8-7999ef3c86ca,2025-11-03,2
F9A2249F-C3F6-4C8F-3D1C-08DE1529AE9D,43072b87-23d4-4ad6-88f8-7999ef3c86ca,2025-11-05,2
AF7FC9E0-F8D1-420C-0387-08DE1587E8A4,43072b87-23d4-4ad6-88f8-7999ef3c86ca,2025-11-07,2
DEBFB046-94E3-43B0-0774-08DE15B5A447,9b1e36ac-7e99-4109-b4c6-9a85c1bf7719,2025-11-15,2
B5EEB8E6-4D4C-4613-0988-08DE15F0163E,144bc00f-b27f-49a9-8664-9bcd79ea6975,2025-11-10,2
560AA6A0-481C-4B31-0989-08DE15F0163E,477951d3-95b8-4933-ad3b-ae6f86eafc55,2025-11-16,2
9FB16D92-16B3-4334-B766-08DE160B06B2,0d2b5c5a-8a41-4997-ad20-a604731bb160,2025-10-27,1
B87920AF-1AE8-4956-B767-08DE160B06B2,4afd5d07-d782-4b98-92cb-eea7ca0104bf,2025-10-27,1
CE0CF5B5-0E72-40C9-B768-08DE160B06B2,2320cb1b-d64f-4486-aabe-9754c12a1d06,2025-11-07,2
8BDF35B4-530B-4A97-B769-08DE160B06B2,2320cb1b-d64f-4486-aabe-9754c12a1d06,2025-11-10,2
AB1FEB32-AB4A-494C-B76A-08DE160B06B2,2320cb1b-d64f-4486-aabe-9754c12a1d06,2025-11-10,2
ABF68471-E10D-4862-B76B-08DE160B06B2,2320cb1b-d64f-4486-aabe-9754c12a1d06,2025-11-14,2
374B4252-58F9-4376-2040-08DE16B892B5,299503c0-1a91-43dd-8b64-b2b35f44afd6,2025-12-06,2
6006EECF-2A8A-4B1D-B089-08DE170CBBCF,c720feeb-93e1-4d88-b275-525f95f377ee,2025-11-11,2
EE196AF9-CE2D-4F72-EBD6-08DE171BE342,1ddcffe7-c2ad-4836-a35b-75b12da1d336,2025-11-16,2
FB3E3489-2FEE-440F-D2FF-08DE179BEAE6,144bc00f-b27f-49a9-8664-9bcd79ea6975,2025-11-26,2
B84E7D48-2050-470D-D300-08DE179BEAE6,1a75df7a-e558-47c6-8af0-033582318b99,2025-11-11,2
53B90588-B7B4-4487-D302-08DE179BEAE6,1a75df7a-e558-47c6-8af0-033582318b99,2025-11-13,2
A23D900D-F241-4E29-A7A8-08DE189BEAD7,c71ec1ec-5e2b-4c33-8c89-de5897a207a6,2025-11-17,2
F3F2CD40-0ED3-46E7-A7A9-08DE189BEAD7,c71ec1ec-5e2b-4c33-8c89-de5897a207a6,2025-11-18,2
4E5841AF-CB58-4F2C-A7AA-08DE189BEAD7,c71ec1ec-5e2b-4c33-8c89-de5897a207a6,2025-11-20,2
667A40DE-562E-4B57-A7AB-08DE189BEAD7,c71ec1ec-5e2b-4c33-8c89-de5897a207a6,2025-11-21,2
57F2730C-B74E-4674-A7AC-08DE189BEAD7,4da65404-40f7-408c-8831-dec60d86d60b,2025-11-11,2
C78376C7-D97D-40E8-A7AD-08DE189BEAD7,4da65404-40f7-408c-8831-dec60d86d60b,2025-11-13,2
CCEA8BA0-B6BF-4FB4-A7AE-08DE189BEAD7,4da65404-40f7-408c-8831-dec60d86d60b,2025-11-14,2
4B559D60-8070-468B-A7AF-08DE189BEAD7,6663d684-ce88-47ff-a4f7-e40d3b82a13f,2025-11-11,2
9878451D-8E06-4412-A7B0-08DE189BEAD7,6663d684-ce88-47ff-a4f7-e40d3b82a13f,2025-11-14,2
A2D396EF-46A1-4A5A-A7B2-08DE189BEAD7,27e0791f-5767-4877-b1e4-c80aceb86623,2025-11-29,2
27383EEA-0DEB-4D4E-5AA2-08DE190EC2C4,23585a8f-5bb9-44d7-a5f9-d7498c60ab2c,2026-01-13,2
14783F0B-0638-46F1-6630-08DE196F97C9,2c075776-4fd8-49f3-b781-7842bd8156de,2025-11-11,2
DEDBEEFB-95E5-495F-6631-08DE196F97C9,9964c775-c7f7-42d2-9d2c-a75cb68487d1,2025-11-15,2
41737768-46ED-4A1A-6632-08DE196F97C9,9964c775-c7f7-42d2-9d2c-a75cb68487d1,2025-11-16,2
4EC6C81E-3F84-4370-602D-08DE19D15435,1ddcffe7-c2ad-4836-a35b-75b12da1d336,2025-11-23,2
60771A2D-C6D0-45A0-7539-08DE19DA9EA7,1641a578-00b2-4973-955d-095bc254d709,2025-11-11,2
F4810789-F51B-4D9A-753A-08DE19DA9EA7,1641a578-00b2-4973-955d-095bc254d709,2025-11-12,2
46C3EBDA-3C51-4695-753B-08DE19DA9EA7,1641a578-00b2-4973-955d-095bc254d709,2025-11-14,2
E20B9642-E580-48DC-093E-08DE1A1A5734,4d71f5cd-5e03-4e0e-b17d-593586b88b99,2025-11-12,2
3C3CBE24-9CBC-45C4-093F-08DE1A1A5734,4d71f5cd-5e03-4e0e-b17d-593586b88b99,2025-11-13,2
96BA4577-8DD4-4039-0940-08DE1A1A5734,4d71f5cd-5e03-4e0e-b17d-593586b88b99,2025-11-14,2
8F5CE1D7-C1A5-4554-A4A1-08DE1A2111AF,fa431862-6ab2-46f0-91f3-97ae1452fc85,2025-11-14,2
D851FD71-D315-400B-A4A2-08DE1A2111AF,fa431862-6ab2-46f0-91f3-97ae1452fc85,2025-11-15,2
40577A3A-DE05-4FC4-C3EB-08DE1A7939EE,299503c0-1a91-43dd-8b64-b2b35f44afd6,2025-11-10,2
F80E1408-BB81-4E69-C3EC-08DE1A7939EE,299503c0-1a91-43dd-8b64-b2b35f44afd6,2025-11-12,2
CE1D883E-8647-4A4F-299A-08DE1AB0DF99,27e0791f-5767-4877-b1e4-c80aceb86623,2025-11-23,2
BAFB7523-471A-44E9-299B-08DE1AB0DF99,27e0791f-5767-4877-b1e4-c80aceb86623,2025-11-22,2
05575157-FCC9-4E4B-299C-08DE1AB0DF99,ff7cc517-15bb-4dc9-a941-2902d92fc311,2025-11-27,2
A6D482D0-A096-46E4-299D-08DE1AB0DF99,57f57d9a-735a-4bcc-afb6-f2799bd738a4,2025-11-14,2
1CF455A7-04C2-42E4-299E-08DE1AB0DF99,c720feeb-93e1-4d88-b275-525f95f377ee,2025-11-23,2
0CD28E44-4981-4C0A-299F-08DE1AB0DF99,43072b87-23d4-4ad6-88f8-7999ef3c86ca,2025-11-10,2
0157A5C5-70C7-4406-29A0-08DE1AB0DF99,43072b87-23d4-4ad6-88f8-7999ef3c86ca,2025-11-14,2
54E098AE-4C71-4F47-29A1-08DE1AB0DF99,0fac737b-0e61-46db-a27a-52730d65cb9a,2025-11-11,2
CE143F87-9C4C-46B4-29A2-08DE1AB0DF99,0fac737b-0e61-46db-a27a-52730d65cb9a,2025-11-12,2
09FB48DF-78A9-42B5-29A3-08DE1AB0DF99,0fac737b-0e61-46db-a27a-52730d65cb9a,2025-11-13,2
569C6AAA-B4A6-47C0-29A4-08DE1AB0DF99,1ddcffe7-c2ad-4836-a35b-75b12da1d336,2025-11-18,2
DD27FA6D-E40A-4A8F-29A6-08DE1AB0DF99,b5ca6829-6ac9-4e18-96d7-3282ff6f3250,2025-11-24,2
FAB96D00-7552-4390-29A7-08DE1AB0DF99,b5ca6829-6ac9-4e18-96d7-3282ff6f3250,2025-11-27,2
A956D288-56D3-4CBB-29A8-08DE1AB0DF99,b5ca6829-6ac9-4e18-96d7-3282ff6f3250,2025-11-28,2
2E3ED98E-F87E-47AF-29A9-08DE1AB0DF99,b5ca6829-6ac9-4e18-96d7-3282ff6f3250,2025-11-25,2
4D58B824-11B8-490E-29AA-08DE1AB0DF99,c280d18d-86b9-4bba-85e6-2c00472efd9d,2025-11-15,2
42FD750B-5FB3-4346-29AB-08DE1AB0DF99,c280d18d-86b9-4bba-85e6-2c00472efd9d,2025-11-16,2
3C5E8A25-29A8-4DC8-FC04-08DE1AFF6A2E,1a75df7a-e558-47c6-8af0-033582318b99,2025-11-12,2
3D15B06A-5B54-43BD-FC06-08DE1AFF6A2E,144bc00f-b27f-49a9-8664-9bcd79ea6975,2025-11-15,2
7D18DA72-BFB6-402C-FC07-08DE1AFF6A2E,144bc00f-b27f-49a9-8664-9bcd79ea6975,2025-11-16,2
A4A6A9A4-E0F0-49ED-7597-08DE1B66B3A9,10005f55-8589-4836-800d-4b8bba0bf675,2025-12-24,2
3F636AB1-E3B2-488E-7598-08DE1B66B3A9,10005f55-8589-4836-800d-4b8bba0bf675,2025-12-25,1
3EB57E46-310A-4C21-7599-08DE1B66B3A9,10005f55-8589-4836-800d-4b8bba0bf675,2025-12-26,1
04061091-8E2A-4AAF-759A-08DE1B66B3A9,10005f55-8589-4836-800d-4b8bba0bf675,2025-12-27,1
CB723150-79DC-4F24-0794-08DE1B9960A0,d5900ef2-17fd-42da-b9ea-b20a194fec05,2025-11-13,2
FA0C4EA1-9D21-421F-0795-08DE1B9960A0,f488e272-24db-42ce-9d36-80a013657223,2025-11-13,2
9B0B2069-A22A-4218-B47F-08DE1BACB674,1916bf76-0235-4795-91ba-407148f8a703,2025-11-17,2
1C8085BB-2DF7-49A6-B480-08DE1BACB674,1a75df7a-e558-47c6-8af0-033582318b99,2025-11-18,2
FCFE1413-171B-42EB-B481-08DE1BACB674,1a75df7a-e558-47c6-8af0-033582318b99,2025-11-22,2
5ECA5701-AF1A-4D46-B482-08DE1BACB674,1a75df7a-e558-47c6-8af0-033582318b99,2025-11-23,2
A0111A6D-EEA3-496C-B484-08DE1BACB674,1a75df7a-e558-47c6-8af0-033582318b99,2025-11-25,2
5DCE4791-9EA1-4926-B486-08DE1BACB674,1a75df7a-e558-47c6-8af0-033582318b99,2025-11-30,2
83A6B9B5-2C96-4D4F-B487-08DE1BACB674,1a75df7a-e558-47c6-8af0-033582318b99,2025-12-02,2
BFB14F8B-B9AD-4016-B489-08DE1BACB674,1a75df7a-e558-47c6-8af0-033582318b99,2025-12-04,2
C8405AEB-1FCB-4166-B48A-08DE1BACB674,1a75df7a-e558-47c6-8af0-033582318b99,2025-12-08,2
080616CD-1277-4A7C-1BFC-08DE1BEC2A93,9964c775-c7f7-42d2-9d2c-a75cb68487d1,2025-11-19,2
9E799BB8-5D07-4E66-CACC-08DE1C56F010,144bc00f-b27f-49a9-8664-9bcd79ea6975,2025-11-27,2
37BD2EF7-5405-479D-CACD-08DE1C56F010,144bc00f-b27f-49a9-8664-9bcd79ea6975,2025-11-22,2
46435525-9BD4-4E64-CACE-08DE1C56F010,144bc00f-b27f-49a9-8664-9bcd79ea6975,2025-11-23,2
E8B9DD20-3131-4247-CACF-08DE1C56F010,925fe8e4-a2de-433d-8c9d-b07fd34a8c36,2025-11-22,2
71D582EB-86E3-451E-CAD0-08DE1C56F010,925fe8e4-a2de-433d-8c9d-b07fd34a8c36,2025-11-23,2
7F9E869D-89C3-49B4-D808-08DE1C85E774,ff7cc517-15bb-4dc9-a941-2902d92fc311,2025-11-17,2
40FC6EAF-DD4A-412E-D809-08DE1C85E774,f538e494-84f3-4ea8-ae3b-f0f142294fbe,2025-11-23,2
B37CE3D1-00CD-489D-1639-08DE1CB8FC40,78732633-0af4-4912-9602-d3923d7c10d0,2025-11-19,2
48947224-501B-41F9-7BC3-08DE1D2199D0,144bc00f-b27f-49a9-8664-9bcd79ea6975,2025-11-10,2
DFBD3855-87AE-47C2-762B-08DE1D5FE408,ff7cc517-15bb-4dc9-a941-2902d92fc311,2025-11-18,2
4D40DCBC-2920-4DCD-EB4B-08DE1DDB06A4,ab577efb-8d05-4666-a51a-6b95edc5ec45,2025-11-17,2
75151F0A-D5CE-42DE-EB4C-08DE1DDB06A4,0fac737b-0e61-46db-a27a-52730d65cb9a,2025-12-31,1
5F22CE69-557B-45A5-EB4D-08DE1DDB06A4,0fac737b-0e61-46db-a27a-52730d65cb9a,2026-01-01,1
9EDDE174-CCAC-4F46-EB4E-08DE1DDB06A4,0fac737b-0e61-46db-a27a-52730d65cb9a,2026-01-02,1
92EC0549-BB60-4D2F-EB4F-08DE1DDB06A4,0fac737b-0e61-46db-a27a-52730d65cb9a,2026-01-03,1
D222D59F-CCE9-4458-EB50-08DE1DDB06A4,f488e272-24db-42ce-9d36-80a013657223,2025-12-02,2
5CF28CC7-75F4-479A-EB51-08DE1DDB06A4,27e0791f-5767-4877-b1e4-c80aceb86623,2025-11-18,2
A7E91254-BA88-46A3-EB52-08DE1DDB06A4,f488e272-24db-42ce-9d36-80a013657223,2025-11-27,2
7C84FAE5-0276-4F53-EB54-08DE1DDB06A4,b8eaaef1-8890-4d24-8c6c-3db23f8812a0,2025-11-19,2
E94B6E18-0D58-43B3-EB55-08DE1DDB06A4,b8eaaef1-8890-4d24-8c6c-3db23f8812a0,2025-11-20,2
46D1F7AE-2385-4C26-5DDF-08DE1E9BBDED,1641a578-00b2-4973-955d-095bc254d709,2025-11-18,2
193CC06D-8285-4DD6-5DE0-08DE1E9BBDED,1641a578-00b2-4973-955d-095bc254d709,2025-11-19,2
C9112AB2-6EB4-48FF-5DE1-08DE1E9BBDED,1641a578-00b2-4973-955d-095bc254d709,2025-11-20,2
03EC8B1B-AC86-4621-5341-08DE1EF60670,f538e494-84f3-4ea8-ae3b-f0f142294fbe,2025-11-17,2
6385F0EA-FA5C-414D-5342-08DE1EF60670,f538e494-84f3-4ea8-ae3b-f0f142294fbe,2025-11-28,2
B5667CA6-70BC-4FFA-2269-08DE1F2C7A52,2c075776-4fd8-49f3-b781-7842bd8156de,2025-11-17,2
07BB3463-A06D-40ED-226A-08DE1F2C7A52,2c075776-4fd8-49f3-b781-7842bd8156de,2025-11-20,2
284A11F7-0F98-4FD2-226B-08DE1F2C7A52,2c075776-4fd8-49f3-b781-7842bd8156de,2025-11-18,2
778FC6F1-A765-4D06-4057-08DE1F59A4D3,4d71f5cd-5e03-4e0e-b17d-593586b88b99,2025-12-19,2
2FE5F8D0-0E18-4439-4058-08DE1F59A4D3,4d71f5cd-5e03-4e0e-b17d-593586b88b99,2025-11-21,2
F8820CCF-1F64-4821-BD69-08DE1F851638,43072b87-23d4-4ad6-88f8-7999ef3c86ca,2025-11-17,2
8061D194-FA54-44F0-BD6A-08DE1F851638,43072b87-23d4-4ad6-88f8-7999ef3c86ca,2025-11-18,2
59C4B084-4FC7-4AEC-BD6B-08DE1F851638,43072b87-23d4-4ad6-88f8-7999ef3c86ca,2025-11-22,2
60145595-CF11-4381-BD6C-08DE1F851638,43072b87-23d4-4ad6-88f8-7999ef3c86ca,2025-11-23,2
FA531F71-8031-4A20-BD6D-08DE1F851638,477951d3-95b8-4933-ad3b-ae6f86eafc55,2025-11-22,2
5E4EF25C-49E1-4039-BD6E-08DE1F851638,1a75df7a-e558-47c6-8af0-033582318b99,2025-11-27,2
FB236A39-3CA0-4E47-7B5F-08DE1FAC0061,299503c0-1a91-43dd-8b64-b2b35f44afd6,2025-11-17,2
3E50B25E-1102-42C2-7B60-08DE1FAC0061,299503c0-1a91-43dd-8b64-b2b35f44afd6,2025-11-19,2
F0ED1D58-1396-4065-BE43-08DE20264886,477951d3-95b8-4933-ad3b-ae6f86eafc55,2025-11-19,2
1FD7D12C-4210-4C38-BE44-08DE20264886,c720feeb-93e1-4d88-b275-525f95f377ee,2025-11-28,2
33C06484-49E4-45B4-BE45-08DE20264886,c720feeb-93e1-4d88-b275-525f95f377ee,2025-12-08,2
31D8BEAD-8D96-4D14-BE47-08DE20264886,d5900ef2-17fd-42da-b9ea-b20a194fec05,2025-11-18,2
AC8B68F9-9F41-4306-BE48-08DE20264886,d5900ef2-17fd-42da-b9ea-b20a194fec05,2025-11-20,2
B4F96D1B-1F8C-440E-BE49-08DE20264886,0fac737b-0e61-46db-a27a-52730d65cb9a,2025-11-18,2
735BB59C-B2D6-42B3-BE4B-08DE20264886,0fac737b-0e61-46db-a27a-52730d65cb9a,2025-11-22,2
55E5F4C1-8D21-402D-BE4C-08DE20264886,c280d18d-86b9-4bba-85e6-2c00472efd9d,2025-11-17,2
1D75335B-B899-44A9-BE4D-08DE20264886,c280d18d-86b9-4bba-85e6-2c00472efd9d,2025-11-21,2
05BA56BF-AE33-49B1-BE4E-08DE20264886,c280d18d-86b9-4bba-85e6-2c00472efd9d,2025-11-23,2
BB8C88CF-FC67-41FC-BE4F-08DE20264886,4da65404-40f7-408c-8831-dec60d86d60b,2025-11-19,2
28858F32-7F69-4347-BE50-08DE20264886,4da65404-40f7-408c-8831-dec60d86d60b,2025-11-22,2
977BF1AC-F18D-4613-BE54-08DE20264886,f538e494-84f3-4ea8-ae3b-f0f142294fbe,2025-11-19,1
3545707A-6FBC-4238-BE55-08DE20264886,f538e494-84f3-4ea8-ae3b-f0f142294fbe,2025-11-20,1
F07C48BE-F868-4ECC-BE56-08DE20264886,f538e494-84f3-4ea8-ae3b-f0f142294fbe,2025-11-21,1
39673032-6ABA-4159-BE57-08DE20264886,f538e494-84f3-4ea8-ae3b-f0f142294fbe,2025-11-22,1
22EA21E5-71F4-4D6F-BE58-08DE20264886,78732633-0af4-4912-9602-d3923d7c10d0,2025-12-09,2
F4775EBA-B6D6-424E-BE59-08DE20264886,b5ca6829-6ac9-4e18-96d7-3282ff6f3250,2025-11-21,1
D28C6DC3-0E76-4E25-BE5A-08DE20264886,6663d684-ce88-47ff-a4f7-e40d3b82a13f,2025-11-18,2
D9EAF58F-3920-4BC8-BE5B-08DE20264886,6663d684-ce88-47ff-a4f7-e40d3b82a13f,2025-11-23,2
E19B3891-4C3A-4C6F-BE5C-08DE20264886,10005f55-8589-4836-800d-4b8bba0bf675,2025-11-21,2
A7D3ED48-28B4-4185-BE5D-08DE20264886,57f57d9a-735a-4bcc-afb6-f2799bd738a4,2025-11-23,2
36D2F596-E314-4908-BE5E-08DE20264886,57f57d9a-735a-4bcc-afb6-f2799bd738a4,2025-11-18,2
BC66B2DC-0896-423A-1350-08DE207144A2,0d2b5c5a-8a41-4997-ad20-a604731bb160,2025-12-06,2
B4532F5E-0D83-4A66-1351-08DE207144A2,23585a8f-5bb9-44d7-a5f9-d7498c60ab2c,2025-11-27,2
22E214F9-2902-47B5-1352-08DE207144A2,23585a8f-5bb9-44d7-a5f9-d7498c60ab2c,2025-12-07,2
0061741B-71CF-4BDE-C949-08DE20FF18D3,0fac737b-0e61-46db-a27a-52730d65cb9a,2025-11-21,2
F05D501C-4E18-40FE-C94A-08DE20FF18D3,0fac737b-0e61-46db-a27a-52730d65cb9a,2025-11-20,2
D1504F27-74F3-4EFD-C94E-08DE20FF18D3,1a75df7a-e558-47c6-8af0-033582318b99,2025-12-31,1
B560963E-B3AF-425B-C94F-08DE20FF18D3,1a75df7a-e558-47c6-8af0-033582318b99,2026-01-01,1
CAE0E102-F732-40F2-C950-08DE20FF18D3,1a75df7a-e558-47c6-8af0-033582318b99,2026-01-02,1
4A133F78-D899-4314-C951-08DE20FF18D3,1a75df7a-e558-47c6-8af0-033582318b99,2025-12-12,2
EC71A8EE-1A2A-4B67-C952-08DE20FF18D3,1a75df7a-e558-47c6-8af0-033582318b99,2025-12-30,2
5D5908DA-C5CE-4753-C953-08DE20FF18D3,95bf29ca-f6b4-4fbb-88b1-46de45dcf625,2025-11-27,2
E17558C6-8859-4A4F-C955-08DE20FF18D3,9249db54-a23a-48e5-847d-cae130c90544,2026-01-02,1
D6BC3A50-8648-4EC4-C956-08DE20FF18D3,9249db54-a23a-48e5-847d-cae130c90544,2026-01-03,1
EDC271F0-8C04-418E-C957-08DE20FF18D3,9249db54-a23a-48e5-847d-cae130c90544,2026-01-04,1
72A4DF98-F386-4FDE-C958-08DE20FF18D3,9249db54-a23a-48e5-847d-cae130c90544,2026-01-05,1
7D9BDD5B-E862-4844-C959-08DE20FF18D3,9249db54-a23a-48e5-847d-cae130c90544,2026-01-06,1
7A168E35-21F1-4B9D-1FBE-08DE21BA1F86,0fac737b-0e61-46db-a27a-52730d65cb9a,2025-11-28,1
05C59E79-577C-4998-1FBF-08DE21BA1F86,0fac737b-0e61-46db-a27a-52730d65cb9a,2025-11-29,1
B2E49517-D063-4730-1FC0-08DE21BA1F86,0fac737b-0e61-46db-a27a-52730d65cb9a,2025-11-30,1
E56F5BAC-312F-4F7A-1FC1-08DE21BA1F86,0fac737b-0e61-46db-a27a-52730d65cb9a,2025-12-01,1
2FDD66D9-5F87-4251-1FC2-08DE21BA1F86,0fac737b-0e61-46db-a27a-52730d65cb9a,2025-11-26,2
51A6970E-6C8B-4B3F-1FC3-08DE21BA1F86,0fac737b-0e61-46db-a27a-52730d65cb9a,2025-11-27,2
2496F1E5-EEFD-4ABE-1FC4-08DE21BA1F86,0fac737b-0e61-46db-a27a-52730d65cb9a,2025-11-24,2
68306D8F-FE61-4535-460B-08DE21E1C827,c720feeb-93e1-4d88-b275-525f95f377ee,2025-11-18,2
492FF0F5-B941-4F8D-B343-08DE221584A3,1ddcffe7-c2ad-4836-a35b-75b12da1d336,2025-11-24,2
D27B9D06-48D0-4677-3C8B-08DE22920655,9b1e36ac-7e99-4109-b4c6-9a85c1bf7719,2025-11-22,2
16BE5D57-4533-41B4-3C8D-08DE22920655,11838d58-5415-42bd-8c7f-3bef4f9db2aa,2025-11-22,1
CCB82608-CE3D-415A-3C8E-08DE22920655,11838d58-5415-42bd-8c7f-3bef4f9db2aa,2025-11-23,1
EA1C02CC-629F-4435-3C8F-08DE22920655,4afd5d07-d782-4b98-92cb-eea7ca0104bf,2025-11-17,1
C5665259-923A-47CD-3C90-08DE22920655,4afd5d07-d782-4b98-92cb-eea7ca0104bf,2025-11-18,1
DB32FDBE-71AF-4E76-3C91-08DE22920655,4afd5d07-d782-4b98-92cb-eea7ca0104bf,2025-11-19,1
9184F0BB-D06C-4EA3-3C92-08DE22920655,4afd5d07-d782-4b98-92cb-eea7ca0104bf,2025-11-20,1
6C10D814-EB36-43F5-3C93-08DE22920655,4afd5d07-d782-4b98-92cb-eea7ca0104bf,2025-11-21,1
F2303147-8DDD-42BF-3C94-08DE22920655,4afd5d07-d782-4b98-92cb-eea7ca0104bf,2025-11-22,1
CFC545FF-0DFF-4E82-3C95-08DE22920655,4afd5d07-d782-4b98-92cb-eea7ca0104bf,2025-11-23,1
A1D10AAA-0A5D-4645-3C96-08DE22920655,f03ea971-0ec2-4be7-aae9-364f3922b741,2025-11-01,1
64B77B6D-E066-4240-3C97-08DE22920655,f03ea971-0ec2-4be7-aae9-364f3922b741,2025-11-02,1
E28D019E-69D5-491B-3C98-08DE22920655,f03ea971-0ec2-4be7-aae9-364f3922b741,2025-11-03,1
5553B008-3D6F-458C-3C99-08DE22920655,f03ea971-0ec2-4be7-aae9-364f3922b741,2025-11-04,1
D2998C2D-028B-4F1F-3C9A-08DE22920655,f03ea971-0ec2-4be7-aae9-364f3922b741,2025-11-05,1
715D0452-FB44-45D2-3C9B-08DE22920655,f03ea971-0ec2-4be7-aae9-364f3922b741,2025-11-06,1
D71CEF9C-D28A-43A0-3C9C-08DE22920655,f03ea971-0ec2-4be7-aae9-364f3922b741,2025-11-07,1
09CBB5A2-8D00-4764-3C9D-08DE22920655,f03ea971-0ec2-4be7-aae9-364f3922b741,2025-11-08,1
13D59E7F-FF2F-4835-3C9E-08DE22920655,f03ea971-0ec2-4be7-aae9-364f3922b741,2025-11-09,1
07B91C71-9D99-4472-3C9F-08DE22920655,f03ea971-0ec2-4be7-aae9-364f3922b741,2025-11-10,1
2AB5FD26-16E4-4D9D-3CA0-08DE22920655,f03ea971-0ec2-4be7-aae9-364f3922b741,2025-11-11,1
3EF48A4E-E9F7-4657-3CA1-08DE22920655,f03ea971-0ec2-4be7-aae9-364f3922b741,2025-11-12,1
5C9E1186-EC4B-4503-3CA2-08DE22920655,f03ea971-0ec2-4be7-aae9-364f3922b741,2025-11-13,1
9AA82142-A23C-475F-3CA3-08DE22920655,f03ea971-0ec2-4be7-aae9-364f3922b741,2025-11-14,1
E5B502C5-C3A9-484D-3CA4-08DE22920655,f03ea971-0ec2-4be7-aae9-364f3922b741,2025-11-15,1
CC4F0469-0AA5-4B6F-3CA5-08DE22920655,f03ea971-0ec2-4be7-aae9-364f3922b741,2025-11-16,1
20AB9370-F1B0-4E62-3CA6-08DE22920655,f03ea971-0ec2-4be7-aae9-364f3922b741,2025-11-17,1
A846D5B3-E31E-4C0C-3CA7-08DE22920655,f03ea971-0ec2-4be7-aae9-364f3922b741,2025-11-18,1
F75D9954-DFB2-4222-3CA8-08DE22920655,f03ea971-0ec2-4be7-aae9-364f3922b741,2025-11-19,1
2D8A8C09-8BF9-488D-3CA9-08DE22920655,f03ea971-0ec2-4be7-aae9-364f3922b741,2025-11-20,1
42A8027A-A36B-45BE-3CAA-08DE22920655,f03ea971-0ec2-4be7-aae9-364f3922b741,2025-11-21,1
32CF617E-1DD1-4612-3CAB-08DE22920655,f03ea971-0ec2-4be7-aae9-364f3922b741,2025-11-22,1
09646F70-42DC-435F-3CAC-08DE22920655,f03ea971-0ec2-4be7-aae9-364f3922b741,2025-11-23,1
E1C9E8C5-A2A1-41CD-3CAD-08DE22920655,f03ea971-0ec2-4be7-aae9-364f3922b741,2025-11-24,1
47290767-B6EC-41A6-3CAE-08DE22920655,f03ea971-0ec2-4be7-aae9-364f3922b741,2025-11-25,1
92BE79E2-48AB-4E9D-3CAF-08DE22920655,f03ea971-0ec2-4be7-aae9-364f3922b741,2025-11-26,1
87086253-C4C3-449A-3CB0-08DE22920655,f03ea971-0ec2-4be7-aae9-364f3922b741,2025-11-27,1
393D3B11-B5A0-474D-3CB1-08DE22920655,f03ea971-0ec2-4be7-aae9-364f3922b741,2025-11-28,1
2511CCF8-62D1-4D8E-3CB2-08DE22920655,f03ea971-0ec2-4be7-aae9-364f3922b741,2025-11-29,1
6B33657A-9FD8-46E5-3CB3-08DE22920655,f03ea971-0ec2-4be7-aae9-364f3922b741,2025-11-30,1
8AFD4798-B7E3-4831-3CB5-08DE22920655,157e4c9d-980e-4897-ad5f-f4c5c301f195,2025-11-20,2
5700B956-409B-461D-F0C9-08DE22E4EBDF,299503c0-1a91-43dd-8b64-b2b35f44afd6,2025-12-11,2
BEA3F9A4-9A21-46CA-05F4-08DE2356A70D,9249db54-a23a-48e5-847d-cae130c90544,2025-11-24,2
EE6EC4EA-8333-42B1-05F5-08DE2356A70D,c720feeb-93e1-4d88-b275-525f95f377ee,2025-11-29,2
1B9C4581-3F46-469A-05F6-08DE2356A70D,c720feeb-93e1-4d88-b275-525f95f377ee,2025-11-30,2
AF82D66E-9671-4649-05F7-08DE2356A70D,ff7cc517-15bb-4dc9-a941-2902d92fc311,2025-12-20,2
8A604B7F-C8E7-40C2-05F8-08DE2356A70D,ff7cc517-15bb-4dc9-a941-2902d92fc311,2025-11-29,2
78F89B29-FF33-459C-05F9-08DE2356A70D,ab577efb-8d05-4666-a51a-6b95edc5ec45,2025-11-28,2
4FC75733-ADDA-45E4-05FA-08DE2356A70D,d5900ef2-17fd-42da-b9ea-b20a194fec05,2025-11-24,2
DA7D71ED-0FA9-4338-05FB-08DE2356A70D,4da65404-40f7-408c-8831-dec60d86d60b,2025-11-24,2
662C9894-EAA4-4AFE-05FC-08DE2356A70D,4da65404-40f7-408c-8831-dec60d86d60b,2025-11-26,2
4DDE2577-BEB3-465A-05FD-08DE2356A70D,4da65404-40f7-408c-8831-dec60d86d60b,2025-11-27,2
6948FC1C-86A7-443B-2A47-08DE2416A674,c720feeb-93e1-4d88-b275-525f95f377ee,2025-12-13,2
3BB105C5-80B5-462D-56F6-08DE24291E97,27e0791f-5767-4877-b1e4-c80aceb86623,2025-11-26,2
AC71190C-DCBC-4F54-56F7-08DE24291E97,477951d3-95b8-4933-ad3b-ae6f86eafc55,2025-12-08,1
D0AC8F4A-3D3F-42EB-56F8-08DE24291E97,477951d3-95b8-4933-ad3b-ae6f86eafc55,2025-12-09,1
2CA2856E-4D74-4C89-56F9-08DE24291E97,43072b87-23d4-4ad6-88f8-7999ef3c86ca,2025-11-24,2
7F447EA6-6F69-4F88-56FA-08DE24291E97,43072b87-23d4-4ad6-88f8-7999ef3c86ca,2025-11-25,2
CBF09CD3-6F93-4172-56FB-08DE24291E97,43072b87-23d4-4ad6-88f8-7999ef3c86ca,2025-11-29,2
5194349E-F6C1-4050-2BD7-08DE243EA586,8d97501c-e7a6-46e6-9882-10ee0dea5a69,2025-11-26,2
EE04FFE7-4F51-46D1-13E5-08DE24551986,4d71f5cd-5e03-4e0e-b17d-593586b88b99,2025-11-26,2
8B851E6D-C746-4529-13E6-08DE24551986,4d71f5cd-5e03-4e0e-b17d-593586b88b99,2025-11-27,2
7451BD3F-870C-4901-13E7-08DE24551986,4d71f5cd-5e03-4e0e-b17d-593586b88b99,2025-11-28,2
BD5FF9FE-E866-4E10-995D-08DE24704ADE,b8eaaef1-8890-4d24-8c6c-3db23f8812a0,2025-11-24,2
DB30DBF1-CC85-4B4D-995E-08DE24704ADE,b8eaaef1-8890-4d24-8c6c-3db23f8812a0,2025-11-26,2
2BB09088-FB3B-4339-995F-08DE24704ADE,6663d684-ce88-47ff-a4f7-e40d3b82a13f,2025-11-25,2
513D3FDD-E2C4-4426-9960-08DE24704ADE,6663d684-ce88-47ff-a4f7-e40d3b82a13f,2025-11-26,2
58EA2C61-B1F0-4C2D-9961-08DE24704ADE,6663d684-ce88-47ff-a4f7-e40d3b82a13f,2025-11-30,2
83EA0C20-C669-4CED-87D6-08DE24813466,1ddcffe7-c2ad-4836-a35b-75b12da1d336,2025-12-15,2
CB7293E1-5636-4C12-6165-08DE24DE83FD,299503c0-1a91-43dd-8b64-b2b35f44afd6,2025-11-24,2
07F5EDD7-BA8B-4295-6166-08DE24DE83FD,9c1113fb-90f9-4b8b-8fdd-bcc7b6b5365b,2025-11-24,2
2A18238B-7639-451B-6167-08DE24DE83FD,299503c0-1a91-43dd-8b64-b2b35f44afd6,2025-11-26,2
CCBAB29D-7C50-42D9-6168-08DE24DE83FD,299503c0-1a91-43dd-8b64-b2b35f44afd6,2025-11-30,2
8B21BBAD-C3B9-4021-E17D-08DE24F9187D,57f57d9a-735a-4bcc-afb6-f2799bd738a4,2025-11-26,2
0095C9D8-24FB-4F89-E17E-08DE24F9187D,57f57d9a-735a-4bcc-afb6-f2799bd738a4,2025-11-30,2
77A09FF1-6E8B-4BF4-BC50-08DE253D26A9,c280d18d-86b9-4bba-85e6-2c00472efd9d,2025-11-30,2
66911FE2-B66E-476C-BC51-08DE253D26A9,c280d18d-86b9-4bba-85e6-2c00472efd9d,2025-11-28,2
EC9F37CE-1321-4F0F-BC52-08DE253D26A9,c280d18d-86b9-4bba-85e6-2c00472efd9d,2025-11-24,2
40DE4B75-9127-4A66-93AB-08DE25433761,2c075776-4fd8-49f3-b781-7842bd8156de,2025-11-24,2
D86F2750-68DF-4621-93AC-08DE25433761,2c075776-4fd8-49f3-b781-7842bd8156de,2025-11-25,2
A4ECF6A2-1382-48A0-93AD-08DE25433761,2c075776-4fd8-49f3-b781-7842bd8156de,2025-11-26,2
82557912-A2C3-4E93-D023-08DE2552F0F6,78732633-0af4-4912-9602-d3923d7c10d0,2026-01-11,2
EF2F6422-B161-45FF-D778-08DE25BAD1C7,f488e272-24db-42ce-9d36-80a013657223,2025-12-05,1
1148FE45-7450-4C18-D779-08DE25BAD1C7,f488e272-24db-42ce-9d36-80a013657223,2025-12-06,1
F607A067-31A6-44F1-D77A-08DE25BAD1C7,f488e272-24db-42ce-9d36-80a013657223,2025-12-07,1
6D32F350-D70B-466E-D77B-08DE25BAD1C7,6663d684-ce88-47ff-a4f7-e40d3b82a13f,2025-12-06,1
38CF58EC-C40C-4039-D77C-08DE25BAD1C7,6663d684-ce88-47ff-a4f7-e40d3b82a13f,2025-12-07,1
6032EAC7-7338-4529-D77D-08DE25BAD1C7,6663d684-ce88-47ff-a4f7-e40d3b82a13f,2025-12-08,1
E97F3D8C-758A-445E-D77E-08DE25BAD1C7,6663d684-ce88-47ff-a4f7-e40d3b82a13f,2025-12-09,1
45316FAC-619F-4DA8-D77F-08DE25BAD1C7,6663d684-ce88-47ff-a4f7-e40d3b82a13f,2025-12-10,1
6E40BDD4-069E-45A0-D780-08DE25BAD1C7,6663d684-ce88-47ff-a4f7-e40d3b82a13f,2025-12-11,1
26FE20CF-906C-47C6-D781-08DE25BAD1C7,6663d684-ce88-47ff-a4f7-e40d3b82a13f,2025-12-12,1
7A4F4781-1B68-4191-D782-08DE25BAD1C7,6663d684-ce88-47ff-a4f7-e40d3b82a13f,2025-12-13,1
F104424E-9254-4AF4-D783-08DE25BAD1C7,6663d684-ce88-47ff-a4f7-e40d3b82a13f,2025-12-14,1
756A67E8-FF33-4200-D784-08DE25BAD1C7,6663d684-ce88-47ff-a4f7-e40d3b82a13f,2025-12-15,1
AC02B736-EB35-4E7E-D785-08DE25BAD1C7,144bc00f-b27f-49a9-8664-9bcd79ea6975,2025-11-29,2
093E7B6A-C076-4DD6-D786-08DE25BAD1C7,a4ad082b-fd58-4e76-9864-5a0339b700be,2025-11-24,2
79D99329-3A42-4B57-D787-08DE25BAD1C7,a4ad082b-fd58-4e76-9864-5a0339b700be,2025-11-26,2
F0DD107E-5C03-46CC-D788-08DE25BAD1C7,fa431862-6ab2-46f0-91f3-97ae1452fc85,2025-11-26,2
CB64D8DB-D54A-40DD-D789-08DE25BAD1C7,fa431862-6ab2-46f0-91f3-97ae1452fc85,2025-11-30,2
49C37036-7323-435F-D78A-08DE25BAD1C7,c71ec1ec-5e2b-4c33-8c89-de5897a207a6,2025-12-13,2
1EAAA663-4CFF-4A2C-D78B-08DE25BAD1C7,c71ec1ec-5e2b-4c33-8c89-de5897a207a6,2025-12-20,2
9D6D594D-D017-4529-D78C-08DE25BAD1C7,1b96029f-d249-4657-97e1-ce4086f265fc,2025-11-28,2
DABD8427-231A-4087-D78D-08DE25BAD1C7,1916bf76-0235-4795-91ba-407148f8a703,2025-11-29,2
6E082540-5787-43E1-D78E-08DE25BAD1C7,1916bf76-0235-4795-91ba-407148f8a703,2025-11-30,2
1412410A-1563-438D-D78F-08DE25BAD1C7,fafe9819-8c58-4398-a1cc-77584270b6ed,2025-11-29,2
211E6635-8314-4C9C-D790-08DE25BAD1C7,1b96029f-d249-4657-97e1-ce4086f265fc,2025-11-29,2
2EF6A93D-5F63-4F1C-D791-08DE25BAD1C7,1b96029f-d249-4657-97e1-ce4086f265fc,2025-11-30,2
656CF546-13A6-4E9C-D792-08DE25BAD1C7,1916bf76-0235-4795-91ba-407148f8a703,2025-11-28,2
2E800637-A09E-4C0D-EE4E-08DE267ED41D,b5ca6829-6ac9-4e18-96d7-3282ff6f3250,2025-12-06,1
016F3370-0C94-4688-EE4F-08DE267ED41D,b5ca6829-6ac9-4e18-96d7-3282ff6f3250,2025-12-07,1
1C745E13-D4AE-4E75-EE50-08DE267ED41D,b5ca6829-6ac9-4e18-96d7-3282ff6f3250,2025-12-08,1
C12ED30D-0373-4FA1-EE51-08DE267ED41D,9b1e36ac-7e99-4109-b4c6-9a85c1bf7719,2025-11-28,2
28E98DC0-650C-4D3C-3511-08DE26C15161,477951d3-95b8-4933-ad3b-ae6f86eafc55,2025-12-04,2
32CBB172-54DB-487A-0062-08DE26CEAD16,78732633-0af4-4912-9602-d3923d7c10d0,2025-12-01,2
719DDACB-6C6F-4FC7-14B9-08DE26FBF050,c720feeb-93e1-4d88-b275-525f95f377ee,2025-12-09,2
0508706F-CAD7-48E8-C142-08DE2740AA7C,0fac737b-0e61-46db-a27a-52730d65cb9a,2025-12-02,2
4DD72D2F-26E5-474B-C143-08DE2740AA7C,0fac737b-0e61-46db-a27a-52730d65cb9a,2025-12-04,2
B36DB847-352F-4832-C144-08DE2740AA7C,0fac737b-0e61-46db-a27a-52730d65cb9a,2025-12-06,2
354F410D-320F-4541-C147-08DE2740AA7C,c5ce5a45-2b0a-40ff-a82f-ea5df6501805,2025-11-25,2
C9DBA5A0-5337-4E03-C148-08DE2740AA7C,c5ce5a45-2b0a-40ff-a82f-ea5df6501805,2025-11-29,2
6AD7BCE6-4D8B-4599-C149-08DE2740AA7C,c5ce5a45-2b0a-40ff-a82f-ea5df6501805,2025-11-30,2
BD45ABB2-589D-48B3-92A8-08DE279A2012,27e0791f-5767-4877-b1e4-c80aceb86623,2025-12-06,2
AE65E324-5496-46CD-E989-08DE27BC3E40,9964c775-c7f7-42d2-9d2c-a75cb68487d1,2025-12-10,2
BFB3E6A3-DEEF-430A-AA8D-08DE2812679E,4afd5d07-d782-4b98-92cb-eea7ca0104bf,2025-11-24,1
50D19442-CEA0-497E-AA8E-08DE2812679E,4afd5d07-d782-4b98-92cb-eea7ca0104bf,2025-11-25,1
F8E16B82-22D5-49FA-AA8F-08DE2812679E,4afd5d07-d782-4b98-92cb-eea7ca0104bf,2025-11-26,1
38B8586E-F4EE-4FA6-AA90-08DE2812679E,4afd5d07-d782-4b98-92cb-eea7ca0104bf,2025-11-27,1
3F958D79-62C5-472D-AA91-08DE2812679E,4afd5d07-d782-4b98-92cb-eea7ca0104bf,2025-11-28,1
FFB7013E-B966-4EE8-AA92-08DE2812679E,4afd5d07-d782-4b98-92cb-eea7ca0104bf,2025-11-29,1
E9703655-2734-4F99-AA93-08DE2812679E,4afd5d07-d782-4b98-92cb-eea7ca0104bf,2025-11-30,1
C095DE4F-12EC-4CCA-AA96-08DE2812679E,fafe9819-8c58-4398-a1cc-77584270b6ed,2025-12-10,2
91D148F9-52C9-4049-AA98-08DE2812679E,1a75df7a-e558-47c6-8af0-033582318b99,2025-12-11,2
19D2B002-4AD2-42E8-AA9A-08DE2812679E,1a75df7a-e558-47c6-8af0-033582318b99,2025-12-18,2
F479517D-7C38-4591-9527-08DE28918718,1b96029f-d249-4657-97e1-ce4086f265fc,2025-12-05,2
60D85303-AA3C-4A30-AC6D-08DE28C35B8A,1a75df7a-e558-47c6-8af0-033582318b99,2025-12-16,2
0CD77357-B8DE-4DEF-35F5-08DE29014270,57f57d9a-735a-4bcc-afb6-f2799bd738a4,2025-12-19,2
8CF340EF-E364-4ACE-35F6-08DE29014270,ab577efb-8d05-4666-a51a-6b95edc5ec45,2025-12-01,2
9E8EAA7C-9198-4F0C-35F7-08DE29014270,57f57d9a-735a-4bcc-afb6-f2799bd738a4,2025-12-02,2
273FDB6B-A154-4E33-35F8-08DE29014270,57f57d9a-735a-4bcc-afb6-f2799bd738a4,2025-12-04,2
280AB53E-7636-485F-35F9-08DE29014270,57f57d9a-735a-4bcc-afb6-f2799bd738a4,2025-12-03,2
EF5F8E27-784E-496A-35FA-08DE29014270,413e6437-7712-4672-8d5f-80a6c94ef119,2025-12-02,2
0FFE6C7C-0F11-450E-35FC-08DE29014270,413e6437-7712-4672-8d5f-80a6c94ef119,2025-12-11,2
72131E48-4190-415D-35FD-08DE29014270,413e6437-7712-4672-8d5f-80a6c94ef119,2025-12-10,2
031C53EB-60B9-4018-35FE-08DE29014270,413e6437-7712-4672-8d5f-80a6c94ef119,2025-12-12,1
F6925B07-D2A9-4370-35FF-08DE29014270,413e6437-7712-4672-8d5f-80a6c94ef119,2025-12-13,1
84AE42E9-6D79-41B0-3600-08DE29014270,413e6437-7712-4672-8d5f-80a6c94ef119,2025-12-14,1
1CF117D8-F07A-457D-ED97-08DE2997C138,b8eaaef1-8890-4d24-8c6c-3db23f8812a0,2025-12-05,2
8D6B5CF5-6D1C-44F2-ED98-08DE2997C138,b8eaaef1-8890-4d24-8c6c-3db23f8812a0,2025-12-04,2
805F8B15-6010-475E-7E74-08DE29B6F839,c720feeb-93e1-4d88-b275-525f95f377ee,2025-12-01,2
D78106E5-D0D6-455F-7E75-08DE29B6F839,c5ce5a45-2b0a-40ff-a82f-ea5df6501805,2025-12-01,2
AA0E8F90-7297-45DF-7E76-08DE29B6F839,c5ce5a45-2b0a-40ff-a82f-ea5df6501805,2025-12-03,2
97D3D94A-623C-4A98-7E77-08DE29B6F839,c5ce5a45-2b0a-40ff-a82f-ea5df6501805,2025-12-10,2
BAC612FB-EEBA-4E89-7E78-08DE29B6F839,c5ce5a45-2b0a-40ff-a82f-ea5df6501805,2025-12-15,2
DABD84DF-FA4D-4E1C-7E79-08DE29B6F839,c5ce5a45-2b0a-40ff-a82f-ea5df6501805,2025-12-17,2
5E38EC0F-201E-41E2-7E7A-08DE29B6F839,c5ce5a45-2b0a-40ff-a82f-ea5df6501805,2025-12-22,2
4C412647-01BF-4F36-5616-08DE29EE152F,1641a578-00b2-4973-955d-095bc254d709,2025-12-05,2
456716D8-3D51-4891-5617-08DE29EE152F,1641a578-00b2-4973-955d-095bc254d709,2025-12-06,2
2BB21C7F-5945-48F9-5618-08DE29EE152F,1641a578-00b2-4973-955d-095bc254d709,2025-12-01,2
69F8FE15-F16E-40AF-5619-08DE29EE152F,1641a578-00b2-4973-955d-095bc254d709,2025-12-03,2
7F6D603F-9BCF-41A0-3858-08DE2A07CCF4,299503c0-1a91-43dd-8b64-b2b35f44afd6,2025-12-01,2
8AC497C1-8EE0-4D00-3859-08DE2A07CCF4,299503c0-1a91-43dd-8b64-b2b35f44afd6,2025-12-03,2
CB5DE41D-F6A2-4BFE-5DE8-08DE2A629DE4,4d71f5cd-5e03-4e0e-b17d-593586b88b99,2025-12-03,1
949EE8B8-7ACC-446A-5DE9-08DE2A629DE4,4d71f5cd-5e03-4e0e-b17d-593586b88b99,2025-12-07,1
2FEFB91B-3D6C-4299-5DEB-08DE2A629DE4,4d71f5cd-5e03-4e0e-b17d-593586b88b99,2025-12-04,2
F3B10149-DCFB-44C3-5DEC-08DE2A629DE4,d71b50b4-750e-4644-9786-becc6520c6d7,2025-12-01,2
9D884C58-4B91-46DE-5DED-08DE2A629DE4,d71b50b4-750e-4644-9786-becc6520c6d7,2025-12-03,2
ABAE7A5D-E076-42D7-5DEE-08DE2A629DE4,d71b50b4-750e-4644-9786-becc6520c6d7,2025-12-06,2
281632BD-2B0F-49D9-A05A-08DE2A84C525,4da65404-40f7-408c-8831-dec60d86d60b,2025-12-03,2
E336ACCA-913F-4D09-A05B-08DE2A84C525,4da65404-40f7-408c-8831-dec60d86d60b,2025-12-05,2
D0AEAC22-2E6F-4071-9AD4-08DE2AB179D6,9964c775-c7f7-42d2-9d2c-a75cb68487d1,2025-12-07,2
77D397C6-CDD6-4DB9-47BC-08DE2AD0EED3,27e0791f-5767-4877-b1e4-c80aceb86623,2025-12-13,2
A43F3DCF-813D-4119-FD3E-08DE2B3428EA,2c075776-4fd8-49f3-b781-7842bd8156de,2025-12-01,2
766B15F8-6E68-4956-FD3F-08DE2B3428EA,2c075776-4fd8-49f3-b781-7842bd8156de,2025-12-03,2
9139DD13-DB3F-4E08-FD40-08DE2B3428EA,2c075776-4fd8-49f3-b781-7842bd8156de,2025-12-05,2
DAAF4F77-5A5A-4E1B-FD42-08DE2B3428EA,2320cb1b-d64f-4486-aabe-9754c12a1d06,2025-12-03,2
661A40F9-A9BC-44B7-FD43-08DE2B3428EA,2320cb1b-d64f-4486-aabe-9754c12a1d06,2025-12-04,2
7E7073C8-C86E-4D3E-FD44-08DE2B3428EA,2320cb1b-d64f-4486-aabe-9754c12a1d06,2025-12-06,2
8CB49E91-79A4-47AA-FD45-08DE2B3428EA,2320cb1b-d64f-4486-aabe-9754c12a1d06,2025-12-09,2
D04D8EB8-55B9-44F6-FD46-08DE2B3428EA,2320cb1b-d64f-4486-aabe-9754c12a1d06,2025-12-11,2
DC55BB26-37E8-41A2-DB82-08DE2B42A5F9,95bf29ca-f6b4-4fbb-88b1-46de45dcf625,2025-12-08,1
3FEE3898-51C9-4A7C-DB83-08DE2B42A5F9,144bc00f-b27f-49a9-8664-9bcd79ea6975,2025-12-05,2
7C780C4E-C51E-46AD-DB84-08DE2B42A5F9,144bc00f-b27f-49a9-8664-9bcd79ea6975,2025-12-06,2
2C0D2A3A-7BF1-48F4-DB85-08DE2B42A5F9,c71ec1ec-5e2b-4c33-8c89-de5897a207a6,2025-12-06,2
1D1E91BC-403C-414F-9A8C-08DE2B505ED3,a4ad082b-fd58-4e76-9864-5a0339b700be,2025-12-03,2
E3C3FD40-5C9F-472C-9A8D-08DE2B505ED3,a4ad082b-fd58-4e76-9864-5a0339b700be,2025-12-04,2
BE4F9E14-9AA7-4341-9A8E-08DE2B505ED3,fa431862-6ab2-46f0-91f3-97ae1452fc85,2025-12-03,2
65AFE1F8-2226-4FEC-9A8F-08DE2B505ED3,fa431862-6ab2-46f0-91f3-97ae1452fc85,2025-12-04,2
8F3A0826-63A2-4001-9A90-08DE2B505ED3,d5900ef2-17fd-42da-b9ea-b20a194fec05,2025-12-02,2
0A6BC02C-D289-4496-9A91-08DE2B505ED3,f538e494-84f3-4ea8-ae3b-f0f142294fbe,2025-12-04,2
5794B2C3-5381-4695-9A92-08DE2B505ED3,f538e494-84f3-4ea8-ae3b-f0f142294fbe,2025-12-04,2
E5513D0E-9E80-4CD2-9A93-08DE2B505ED3,27e0791f-5767-4877-b1e4-c80aceb86623,2025-12-01,2
FAF50188-6F1B-428F-9A94-08DE2B505ED3,4d71f5cd-5e03-4e0e-b17d-593586b88b99,2025-12-01,2
D62CABF0-ECFD-4399-9A96-08DE2B505ED3,4d71f5cd-5e03-4e0e-b17d-593586b88b99,2025-12-05,2
94A79B04-8D06-442C-9F33-08DE2B6B242F,57f57d9a-735a-4bcc-afb6-f2799bd738a4,2025-12-20,2
EDBCA89D-455D-466D-9F34-08DE2B6B242F,6663d684-ce88-47ff-a4f7-e40d3b82a13f,2025-12-02,2
1DA5C047-9507-4DA4-9F35-08DE2B6B242F,6663d684-ce88-47ff-a4f7-e40d3b82a13f,2025-12-16,2
FD3898DC-38F4-4EAA-9F36-08DE2B6B242F,6663d684-ce88-47ff-a4f7-e40d3b82a13f,2025-12-19,2
30DE332A-7392-4D16-9F37-08DE2B6B242F,d5900ef2-17fd-42da-b9ea-b20a194fec05,2025-12-05,2
4318AC0A-90AE-4C0E-9F38-08DE2B6B242F,477951d3-95b8-4933-ad3b-ae6f86eafc55,2025-12-20,2
F7955807-5E16-4A28-9F39-08DE2B6B242F,f488e272-24db-42ce-9d36-80a013657223,2025-12-04,2
2B0FB3F7-3D70-4D2B-9F3A-08DE2B6B242F,43072b87-23d4-4ad6-88f8-7999ef3c86ca,2025-12-07,2
7A60EA2C-8C59-4BEE-9F3B-08DE2B6B242F,43072b87-23d4-4ad6-88f8-7999ef3c86ca,2025-12-06,2
F5855702-95EE-45CA-9F3C-08DE2B6B242F,43072b87-23d4-4ad6-88f8-7999ef3c86ca,2025-12-02,2
C166FD74-AB7A-4ABD-9F3D-08DE2B6B242F,43072b87-23d4-4ad6-88f8-7999ef3c86ca,2025-12-04,2
92560FB9-A48D-4B40-9F3E-08DE2B6B242F,1916bf76-0235-4795-91ba-407148f8a703,2025-12-01,2
41BA3846-CABD-4DBA-9F3F-08DE2B6B242F,c280d18d-86b9-4bba-85e6-2c00472efd9d,2025-12-03,2
A4C5BFEA-701A-4B03-9F40-08DE2B6B242F,c280d18d-86b9-4bba-85e6-2c00472efd9d,2025-12-04,2
76FBCF5D-08BC-4005-9F41-08DE2B6B242F,c280d18d-86b9-4bba-85e6-2c00472efd9d,2025-12-07,2
50C1E71C-E489-474A-4BCF-08DE2BA70382,ff7cc517-15bb-4dc9-a941-2902d92fc311,2025-12-01,2
59B5EF21-54BB-44C4-4BD0-08DE2BA70382,ff7cc517-15bb-4dc9-a941-2902d92fc311,2025-12-04,2
CA7E819D-1649-4F46-4BD1-08DE2BA70382,ff7cc517-15bb-4dc9-a941-2902d92fc311,2025-12-11,2
3CFF1AAF-E99D-4CA0-4BD2-08DE2BA70382,b5ca6829-6ac9-4e18-96d7-3282ff6f3250,2025-12-18,2
547EB449-6B23-4A98-4BD3-08DE2BA70382,b5ca6829-6ac9-4e18-96d7-3282ff6f3250,2025-12-19,2
6C93D18C-7523-4A3D-0A4A-08DE2BF0FFA4,d71b50b4-750e-4644-9786-becc6520c6d7,2025-12-27,1
47554465-885A-4BA2-0A4B-08DE2BF0FFA4,d71b50b4-750e-4644-9786-becc6520c6d7,2025-12-28,1
8249E7FD-1FE6-4EAC-0A4C-08DE2BF0FFA4,0fac737b-0e61-46db-a27a-52730d65cb9a,2025-12-09,2
30C2717B-F5C4-43A6-0A4D-08DE2BF0FFA4,0fac737b-0e61-46db-a27a-52730d65cb9a,2025-12-11,2
BB4D4717-B0F0-4F42-0A4E-08DE2BF0FFA4,0fac737b-0e61-46db-a27a-52730d65cb9a,2025-12-12,2
13CD5F57-7550-4E6F-0A4F-08DE2BF0FFA4,b8eaaef1-8890-4d24-8c6c-3db23f8812a0,2025-12-03,2
29DF17CD-2F11-4079-0A50-08DE2BF0FFA4,a4ad082b-fd58-4e76-9864-5a0339b700be,2025-12-01,2
D9CF6709-B599-403A-0A51-08DE2BF0FFA4,7e88a351-8bd2-4db4-8d56-1cdf9734e9a7,2025-12-09,2
F8CA92E0-A522-4AF2-0A52-08DE2BF0FFA4,7e88a351-8bd2-4db4-8d56-1cdf9734e9a7,2025-12-10,2
BA34B20B-2145-4946-0A53-08DE2BF0FFA4,7afecb62-aa18-4106-a82b-a906fa7e488d,2025-12-01,2
34F00651-8451-44F1-F4FB-08DE2C47E3F6,925fe8e4-a2de-433d-8c9d-b07fd34a8c36,2025-12-08,2
80E3279D-7DC0-4AC6-F4FC-08DE2C47E3F6,fafe9819-8c58-4398-a1cc-77584270b6ed,2025-12-14,2
0B640F71-7B3B-4061-8F60-08DE2D0EB637,1ddcffe7-c2ad-4836-a35b-75b12da1d336,2025-12-08,2
816E35D5-75D3-46C8-8F61-08DE2D0EB637,1ddcffe7-c2ad-4836-a35b-75b12da1d336,2025-12-08,2
ABAD11BF-EA75-4AAC-8F62-08DE2D0EB637,1ddcffe7-c2ad-4836-a35b-75b12da1d336,2025-12-14,2
7E43B045-48D1-40A9-8F63-08DE2D0EB637,1ddcffe7-c2ad-4836-a35b-75b12da1d336,2025-12-21,2
8C406C19-C5FA-47E4-8F64-08DE2D0EB637,c71ec1ec-5e2b-4c33-8c89-de5897a207a6,2025-12-10,2
0CECF4ED-2B86-4AFD-DD1D-08DE2DE40CE8,1916bf76-0235-4795-91ba-407148f8a703,2025-12-14,2
88C52E4A-4CF7-4F22-76D1-08DE2E45604C,ff7cc517-15bb-4dc9-a941-2902d92fc311,2026-01-08,1
549FE8D1-EF2D-4183-76D2-08DE2E45604C,ff7cc517-15bb-4dc9-a941-2902d92fc311,2026-01-09,1
3C3DF482-382F-4519-76D3-08DE2E45604C,ff7cc517-15bb-4dc9-a941-2902d92fc311,2026-01-10,1
37768530-5DCE-447B-76D4-08DE2E45604C,ff7cc517-15bb-4dc9-a941-2902d92fc311,2026-01-11,1
94CABEBC-E643-469F-76D5-08DE2E45604C,ff7cc517-15bb-4dc9-a941-2902d92fc311,2026-01-12,1
A4FB41E8-2125-4EE7-76D7-08DE2E45604C,27e0791f-5767-4877-b1e4-c80aceb86623,2025-12-18,2
F4A75868-B9BE-4226-76D8-08DE2E45604C,27e0791f-5767-4877-b1e4-c80aceb86623,2025-12-19,2
4B5B9731-71AF-4637-76D9-08DE2E45604C,27e0791f-5767-4877-b1e4-c80aceb86623,2025-12-20,2
61797542-4F37-41EA-76DA-08DE2E45604C,8d97501c-e7a6-46e6-9882-10ee0dea5a69,2025-12-12,2
724B2A43-0F79-419D-76DB-08DE2E45604C,1b96029f-d249-4657-97e1-ce4086f265fc,2025-12-11,2
70DEB9F3-8D54-4887-526E-08DE2EFEDEA4,2c075776-4fd8-49f3-b781-7842bd8156de,2025-12-09,2
497DA1CC-CD92-4F19-526F-08DE2EFEDEA4,2c075776-4fd8-49f3-b781-7842bd8156de,2025-12-11,2
E7EF27B4-8785-4BF7-5270-08DE2EFEDEA4,2c075776-4fd8-49f3-b781-7842bd8156de,2025-12-12,2
9A5D8D6F-AD4E-4AA7-7175-08DE2F10A6E8,4d71f5cd-5e03-4e0e-b17d-593586b88b99,2025-12-12,2
192608A7-7A20-4AD7-7176-08DE2F10A6E8,4d71f5cd-5e03-4e0e-b17d-593586b88b99,2025-12-10,2
BC16026A-F6A5-4D79-FEC7-08DE2F3F3E88,a4ad082b-fd58-4e76-9864-5a0339b700be,2025-12-09,2
9001931D-9E8C-4FDB-FEC8-08DE2F3F3E88,a4ad082b-fd58-4e76-9864-5a0339b700be,2025-12-10,2
97AAF0F2-BDD8-41A3-FEC9-08DE2F3F3E88,a4ad082b-fd58-4e76-9864-5a0339b700be,2025-12-13,2
BBB96953-F2FB-4CA7-6DA4-08DE2F4A4E95,57f57d9a-735a-4bcc-afb6-f2799bd738a4,2025-12-08,2
0B0E5EAB-BD15-49E1-6DA5-08DE2F4A4E95,57f57d9a-735a-4bcc-afb6-f2799bd738a4,2025-12-10,2
D5754D08-1F42-4CAE-6DA6-08DE2F4A4E95,57f57d9a-735a-4bcc-afb6-f2799bd738a4,2025-12-14,2
A2E0A052-0031-4E11-1A75-08DE2F575241,f538e494-84f3-4ea8-ae3b-f0f142294fbe,2025-12-11,2
31D21DAD-54D6-4BED-1A76-08DE2F575241,f538e494-84f3-4ea8-ae3b-f0f142294fbe,2025-12-14,2
7AB886DE-FC8B-4453-1A77-08DE2F575241,1ddcffe7-c2ad-4836-a35b-75b12da1d336,2025-12-19,2
32BBDFBF-658F-4F4C-1A78-08DE2F575241,1ddcffe7-c2ad-4836-a35b-75b12da1d336,2025-12-10,2
2CB7E15D-3B3E-47A9-1A79-08DE2F575241,1ddcffe7-c2ad-4836-a35b-75b12da1d336,2026-02-11,2
E78C106D-A9D2-4D55-1A7A-08DE2F575241,1ddcffe7-c2ad-4836-a35b-75b12da1d336,2026-04-10,2
B6E64408-FEB2-4E52-1A7B-08DE2F575241,fa431862-6ab2-46f0-91f3-97ae1452fc85,2025-12-10,2
7DBAF289-46E3-48D1-1A7C-08DE2F575241,fa431862-6ab2-46f0-91f3-97ae1452fc85,2025-12-09,2
B1526F92-91AD-45F0-A446-08DE300A00CE,d5900ef2-17fd-42da-b9ea-b20a194fec05,2025-12-14,2
5FCB0E66-A158-44F3-A6F2-08DE3014ACC3,10005f55-8589-4836-800d-4b8bba0bf675,2025-12-09,2
53B88C30-7793-45F5-A6F3-08DE3014ACC3,d71b50b4-750e-4644-9786-becc6520c6d7,2025-12-13,2
88463047-726E-4B7D-A6F4-08DE3014ACC3,d71b50b4-750e-4644-9786-becc6520c6d7,2025-12-14,2
B8DA8D5A-4062-4A04-6E59-08DE302D8E20,9b1e36ac-7e99-4109-b4c6-9a85c1bf7719,2025-12-08,2
14C3AE79-561D-4404-D016-08DE30A92FDB,4d71f5cd-5e03-4e0e-b17d-593586b88b99,2025-12-11,2
F9BC3563-CEB5-45D3-D017-08DE30A92FDB,1641a578-00b2-4973-955d-095bc254d709,2025-12-13,2
5BF37173-6321-4601-D018-08DE30A92FDB,1641a578-00b2-4973-955d-095bc254d709,2025-12-12,2
A4A8115D-26D8-43BC-D019-08DE30A92FDB,27e0791f-5767-4877-b1e4-c80aceb86623,2025-12-08,2
F0ACD672-B0A2-4323-D01A-08DE30A92FDB,1a75df7a-e558-47c6-8af0-033582318b99,2025-12-09,2
1D9BD354-1E04-4A11-D01B-08DE30A92FDB,144bc00f-b27f-49a9-8664-9bcd79ea6975,2025-12-13,2
1DAC81B5-604C-4BED-D01C-08DE30A92FDB,144bc00f-b27f-49a9-8664-9bcd79ea6975,2025-12-14,2
8A203A12-6E95-4F5E-D01D-08DE30A92FDB,9964c775-c7f7-42d2-9d2c-a75cb68487d1,2025-12-14,2
817CF9C1-84C4-41C1-D01E-08DE30A92FDB,9964c775-c7f7-42d2-9d2c-a75cb68487d1,2025-12-13,2
F4B33CE0-EEE8-4DE6-D01F-08DE30A92FDB,c280d18d-86b9-4bba-85e6-2c00472efd9d,2025-12-11,2
8D6418AC-CB75-4765-D020-08DE30A92FDB,c280d18d-86b9-4bba-85e6-2c00472efd9d,2025-12-12,2
C05EE74E-029C-4C30-D021-08DE30A92FDB,c280d18d-86b9-4bba-85e6-2c00472efd9d,2025-12-13,2
5BF31BB2-4C9A-4BDF-D022-08DE30A92FDB,c71ec1ec-5e2b-4c33-8c89-de5897a207a6,2025-12-12,2
F3D370F7-328F-4EF3-D023-08DE30A92FDB,4da65404-40f7-408c-8831-dec60d86d60b,2025-12-09,2
D281AC38-2347-4381-D024-08DE30A92FDB,4da65404-40f7-408c-8831-dec60d86d60b,2025-12-10,2
61604657-2E80-4D82-8B48-08DE30E27EEC,c720feeb-93e1-4d88-b275-525f95f377ee,2025-12-10,2
37292A5E-E92E-4E8C-8B49-08DE30E27EEC,43072b87-23d4-4ad6-88f8-7999ef3c86ca,2025-12-13,2
72D77D01-091B-442E-8B4A-08DE30E27EEC,43072b87-23d4-4ad6-88f8-7999ef3c86ca,2025-12-10,2
1F093792-5F19-415E-8B4B-08DE30E27EEC,43072b87-23d4-4ad6-88f8-7999ef3c86ca,2025-12-09,1
6B0B6268-8B3D-496E-8B4C-08DE30E27EEC,43072b87-23d4-4ad6-88f8-7999ef3c86ca,2025-12-12,2
ED728DB4-95EC-4DE6-8B4D-08DE30E27EEC,43072b87-23d4-4ad6-88f8-7999ef3c86ca,2025-12-14,2
456628B1-27C4-464B-ED5E-08DE3190C921,c71ec1ec-5e2b-4c33-8c89-de5897a207a6,2025-11-12,1
BB210F31-794B-40C9-ED5F-08DE3190C921,4afd5d07-d782-4b98-92cb-eea7ca0104bf,2025-12-01,1
0C880C64-4212-4FFE-ED60-08DE3190C921,4afd5d07-d782-4b98-92cb-eea7ca0104bf,2025-12-02,1
BD79C88F-FFE0-43CC-ED61-08DE3190C921,4afd5d07-d782-4b98-92cb-eea7ca0104bf,2025-12-03,1
594DEAB7-F5AA-44D3-ED62-08DE3190C921,4afd5d07-d782-4b98-92cb-eea7ca0104bf,2025-12-04,1
6656E1E7-1D40-48F2-ED63-08DE3190C921,4afd5d07-d782-4b98-92cb-eea7ca0104bf,2025-12-05,1
0D958628-9872-473A-ED64-08DE3190C921,4afd5d07-d782-4b98-92cb-eea7ca0104bf,2025-12-06,1
1C04334C-4651-45DB-ED65-08DE3190C921,4afd5d07-d782-4b98-92cb-eea7ca0104bf,2025-12-07,1
C6A50829-DE12-4CC3-AAAC-08DE323A959D,ff7cc517-15bb-4dc9-a941-2902d92fc311,2025-12-17,2
93E865EF-F452-487B-AAAD-08DE323A959D,1641a578-00b2-4973-955d-095bc254d709,2026-01-07,2
CBBD9557-BFBC-43B5-AAAE-08DE323A959D,1641a578-00b2-4973-955d-095bc254d709,2026-01-08,2
94FADD07-24CC-41AE-AAAF-08DE323A959D,27e0791f-5767-4877-b1e4-c80aceb86623,2026-01-13,1
EC69A2CE-20E1-4171-AAB0-08DE323A959D,ff7cc517-15bb-4dc9-a941-2902d92fc311,2025-12-16,1
22C21644-B24D-4EBE-0407-08DE3272D811,d5900ef2-17fd-42da-b9ea-b20a194fec05,2025-12-15,2
44DE1227-709C-43E2-B742-08DE33EC9F51,f538e494-84f3-4ea8-ae3b-f0f142294fbe,2025-12-10,1
06C9298F-7047-45AF-E7A3-08DE349938CD,2c075776-4fd8-49f3-b781-7842bd8156de,2025-12-15,2
0B1E4BF8-5757-40B1-E7A4-08DE349938CD,2c075776-4fd8-49f3-b781-7842bd8156de,2025-12-17,2
D397C9DA-4A00-4109-E7A5-08DE349938CD,2c075776-4fd8-49f3-b781-7842bd8156de,2025-12-18,2
2A4CF643-0B94-4C2C-0F4F-08DE3627228E,4d71f5cd-5e03-4e0e-b17d-593586b88b99,2025-12-16,2
8257C6E1-58C9-44A2-0F50-08DE3627228E,4d71f5cd-5e03-4e0e-b17d-593586b88b99,2025-12-17,2
B012BD10-5673-411A-0F51-08DE3627228E,57f57d9a-735a-4bcc-afb6-f2799bd738a4,2025-12-15,2
74F2F771-903E-42DD-0F52-08DE3627228E,57f57d9a-735a-4bcc-afb6-f2799bd738a4,2025-12-17,2
DE90B54A-D13F-4AA7-0F53-08DE3627228E,43072b87-23d4-4ad6-88f8-7999ef3c86ca,2025-12-15,2
8DB88048-3CF5-42DE-0F54-08DE3627228E,43072b87-23d4-4ad6-88f8-7999ef3c86ca,2025-12-18,2
66B3BFFE-C1B8-4514-0F55-08DE3627228E,43072b87-23d4-4ad6-88f8-7999ef3c86ca,2025-12-20,2
CB3DD311-66EA-46B3-0F56-08DE3627228E,c280d18d-86b9-4bba-85e6-2c00472efd9d,2025-12-15,2
00C1EA19-C73D-4367-0F57-08DE3627228E,c280d18d-86b9-4bba-85e6-2c00472efd9d,2025-12-17,2
825818CA-84BD-4F3F-0F58-08DE3627228E,c280d18d-86b9-4bba-85e6-2c00472efd9d,2025-12-21,2
8CADBFDB-D247-480E-0F59-08DE3627228E,1641a578-00b2-4973-955d-095bc254d709,2025-12-18,2
5C324C50-D05F-4EF5-0F5A-08DE3627228E,4da65404-40f7-408c-8831-dec60d86d60b,2025-12-18,2
7B48CF0C-BF26-4737-0F5B-08DE3627228E,4da65404-40f7-408c-8831-dec60d86d60b,2025-12-20,2
0CC8EB17-3A89-4B79-0F5C-08DE3627228E,1641a578-00b2-4973-955d-095bc254d709,2025-12-20,2
21B0490C-6027-4413-C791-08DE367D264E,11838d58-5415-42bd-8c7f-3bef4f9db2aa,2025-12-15,2
9EC1FBC1-FC61-4C2D-C792-08DE367D264E,11838d58-5415-42bd-8c7f-3bef4f9db2aa,2025-12-19,2
193705D2-2832-4C7A-16C6-08DE36ACB07E,d71b50b4-750e-4644-9786-becc6520c6d7,2025-12-15,2
B666D381-9542-4CAC-16C8-08DE36ACB07E,d71b50b4-750e-4644-9786-becc6520c6d7,2025-12-20,2
01845565-91EF-4F4C-94CD-08DE3708D338,fafe9819-8c58-4398-a1cc-77584270b6ed,2025-12-20,2
025B9E22-CE40-47D5-94CE-08DE3708D338,144bc00f-b27f-49a9-8664-9bcd79ea6975,2025-12-17,2
C9E77671-7656-401A-94CF-08DE3708D338,477951d3-95b8-4933-ad3b-ae6f86eafc55,2025-12-15,2
BEF86B1B-4CF0-430C-94D0-08DE3708D338,1b96029f-d249-4657-97e1-ce4086f265fc,2025-12-20,2
DE3B195D-C1A1-42F8-94D1-08DE3708D338,1b96029f-d249-4657-97e1-ce4086f265fc,2025-12-21,2
72639D50-44BA-44F2-94D2-08DE3708D338,c720feeb-93e1-4d88-b275-525f95f377ee,2025-12-16,2
569B93F0-5C43-46E1-94D3-08DE3708D338,c720feeb-93e1-4d88-b275-525f95f377ee,2025-12-20,2
1636B964-C46B-4F77-94D4-08DE3708D338,1a75df7a-e558-47c6-8af0-033582318b99,2025-12-23,2
941FB1A2-8813-4387-94D5-08DE3708D338,1916bf76-0235-4795-91ba-407148f8a703,2025-12-20,2
C8191DFD-3A47-4771-94D6-08DE3708D338,38b41087-0565-4dea-8ddf-e3b522a14368,2025-12-19,2
F1D57CFC-96AE-43B6-94D7-08DE3708D338,38b41087-0565-4dea-8ddf-e3b522a14368,2025-12-21,2
6ABD37BC-6565-45FB-94D8-08DE3708D338,c720feeb-93e1-4d88-b275-525f95f377ee,2025-12-22,2
486F385B-CEA3-4298-94D9-08DE3708D338,c720feeb-93e1-4d88-b275-525f95f377ee,2026-01-07,2
BEF98788-FDA6-4902-94DA-08DE3708D338,c720feeb-93e1-4d88-b275-525f95f377ee,2026-01-05,2
51C4B733-C9A4-4DBF-94DB-08DE3708D338,38b41087-0565-4dea-8ddf-e3b522a14368,2025-12-17,1
0FF7C8B0-4C53-472F-94DC-08DE3708D338,b8eaaef1-8890-4d24-8c6c-3db23f8812a0,2025-12-18,2
1C47CB20-D741-4E1A-94DD-08DE3708D338,4da65404-40f7-408c-8831-dec60d86d60b,2025-12-15,1
65CB8BE1-C089-4118-94DE-08DE3708D338,4da65404-40f7-408c-8831-dec60d86d60b,2025-12-16,1
DAFB8ABC-DE2A-46A6-94DF-08DE3708D338,4da65404-40f7-408c-8831-dec60d86d60b,2025-12-17,1
C684B6DF-3B60-4139-94E0-08DE3708D338,0fac737b-0e61-46db-a27a-52730d65cb9a,2025-12-27,2
E4CC268E-A77D-424E-94E1-08DE3708D338,0fac737b-0e61-46db-a27a-52730d65cb9a,2025-12-28,2
8F58CB73-A002-4B2F-94E2-08DE3708D338,9964c775-c7f7-42d2-9d2c-a75cb68487d1,2025-12-15,1
73792AC6-BBC3-4773-94E3-08DE3708D338,9964c775-c7f7-42d2-9d2c-a75cb68487d1,2025-12-16,1
D7329F70-F2AE-468C-94E4-08DE3708D338,a4ad082b-fd58-4e76-9864-5a0339b700be,2025-12-15,2
D9221224-A25F-41A9-94E5-08DE3708D338,a4ad082b-fd58-4e76-9864-5a0339b700be,2025-12-17,2
2368DAB3-A9D8-47E5-94E6-08DE3708D338,a4ad082b-fd58-4e76-9864-5a0339b700be,2025-12-20,2
F748D327-521B-4496-94E7-08DE3708D338,9b1e36ac-7e99-4109-b4c6-9a85c1bf7719,2025-12-17,2
49D7EA2A-8902-48BA-94E8-08DE3708D338,9b1e36ac-7e99-4109-b4c6-9a85c1bf7719,2025-12-20,2
AF2D4FA7-CD2F-40EE-94E9-08DE3708D338,ab577efb-8d05-4666-a51a-6b95edc5ec45,2025-12-16,2
AC00E07F-5101-4B42-94EA-08DE3708D338,ab577efb-8d05-4666-a51a-6b95edc5ec45,2025-12-17,2
D1650F29-654A-4D9F-94EB-08DE3708D338,ab577efb-8d05-4666-a51a-6b95edc5ec45,2025-12-18,2
64AD3168-1BDC-46BA-94EC-08DE3708D338,fa431862-6ab2-46f0-91f3-97ae1452fc85,2025-12-21,2
1A3438B1-28DD-4FF3-94ED-08DE3708D338,299503c0-1a91-43dd-8b64-b2b35f44afd6,2025-12-16,2
D2108F82-0840-482D-94EE-08DE3708D338,299503c0-1a91-43dd-8b64-b2b35f44afd6,2025-12-17,2
2D53D005-4667-4296-94EF-08DE3708D338,299503c0-1a91-43dd-8b64-b2b35f44afd6,2025-12-15,2
000C763A-2619-49CE-94F0-08DE3708D338,ab577efb-8d05-4666-a51a-6b95edc5ec45,2025-12-27,2
8190EFA1-9740-4D05-94F1-08DE3708D338,38b41087-0565-4dea-8ddf-e3b522a14368,2025-12-29,2
00A61741-441A-464E-94F2-08DE3708D338,38b41087-0565-4dea-8ddf-e3b522a14368,2026-01-02,2
1A7F314B-8F3F-495D-94F3-08DE3708D338,a4ad082b-fd58-4e76-9864-5a0339b700be,2025-12-30,2
E6E9D485-2AE1-4DC8-94F4-08DE3708D338,a4ad082b-fd58-4e76-9864-5a0339b700be,2026-01-07,2
AD06C92C-62FA-43D5-94F5-08DE3708D338,a4ad082b-fd58-4e76-9864-5a0339b700be,2026-01-14,2
ED0BA32B-32FD-44EC-72B4-08DE3742110D,b8eaaef1-8890-4d24-8c6c-3db23f8812a0,2025-12-22,2
081A61DE-0A63-4DCD-72B5-08DE3742110D,b8eaaef1-8890-4d24-8c6c-3db23f8812a0,2025-12-28,2
9B438445-E783-404B-72B6-08DE3742110D,b8eaaef1-8890-4d24-8c6c-3db23f8812a0,2025-12-24,2
9A12F529-0C28-475E-72B7-08DE3742110D,b8eaaef1-8890-4d24-8c6c-3db23f8812a0,2026-01-02,1
109CB893-0FC9-4EE3-72B8-08DE3742110D,4da65404-40f7-408c-8831-dec60d86d60b,2025-12-23,2
372068DF-856B-4D85-72B9-08DE3742110D,1641a578-00b2-4973-955d-095bc254d709,2026-01-06,2
45EF2960-6DF7-41B2-D275-08DE37C3E116,e224e0ba-d92c-4e70-b675-2ff7e293c27c,2025-12-09,1
FE8A71A5-CEF8-4100-D276-08DE37C3E116,1ddcffe7-c2ad-4836-a35b-75b12da1d336,2025-12-09,1
B8E0A8CC-3DC2-4477-D277-08DE37C3E116,95bf29ca-f6b4-4fbb-88b1-46de45dcf625,2025-12-21,2
03CC78BE-36B6-40ED-D278-08DE37C3E116,a4ad082b-fd58-4e76-9864-5a0339b700be,2025-12-28,2
F51D921C-88AD-4AE4-D27A-08DE37C3E116,57f57d9a-735a-4bcc-afb6-f2799bd738a4,2025-12-27,2
13873761-533B-47E1-D27D-08DE37C3E116,57f57d9a-735a-4bcc-afb6-f2799bd738a4,2026-01-04,2
133511A7-E357-449A-D27F-08DE37C3E116,f488e272-24db-42ce-9d36-80a013657223,2026-01-16,2
A15E5F6E-DF22-4AD2-D280-08DE37C3E116,f488e272-24db-42ce-9d36-80a013657223,2026-01-27,2
4B93B582-1163-4606-D282-08DE37C3E116,b8eaaef1-8890-4d24-8c6c-3db23f8812a0,2025-12-20,1
5684AC20-19E5-48BF-D283-08DE37C3E116,b8eaaef1-8890-4d24-8c6c-3db23f8812a0,2025-12-21,1
D8F45EEB-4006-4A37-D287-08DE37C3E116,b5ca6829-6ac9-4e18-96d7-3282ff6f3250,2026-01-01,2
EEB3CE11-7898-4A2C-D288-08DE37C3E116,1b96029f-d249-4657-97e1-ce4086f265fc,2025-12-24,2
5CA32540-2CCC-4114-5457-08DE38068358,78732633-0af4-4912-9602-d3923d7c10d0,2026-01-16,2
54C82139-EB32-4CFA-B806-08DE38844269,477951d3-95b8-4933-ad3b-ae6f86eafc55,2025-12-24,1
B41C5F68-9580-463C-B807-08DE38844269,477951d3-95b8-4933-ad3b-ae6f86eafc55,2026-01-03,2
67EE12E4-D872-42A3-B808-08DE38844269,c720feeb-93e1-4d88-b275-525f95f377ee,2025-12-30,2
0E70E0CB-4707-4CFE-B80A-08DE38844269,57f57d9a-735a-4bcc-afb6-f2799bd738a4,2025-12-29,2
4296A424-E166-4D28-B80B-08DE38844269,157e4c9d-980e-4897-ad5f-f4c5c301f195,2025-12-17,2
326711B6-FA15-4FBD-B80C-08DE38844269,57f57d9a-735a-4bcc-afb6-f2799bd738a4,2025-12-30,2
B97A2240-6923-4B4A-CC01-08DE38AA8CBA,4afd5d07-d782-4b98-92cb-eea7ca0104bf,2025-12-20,2
90C7A802-053F-44A7-7631-08DE3968674F,ab577efb-8d05-4666-a51a-6b95edc5ec45,2025-12-23,2
C02D5941-FCD5-4D68-7632-08DE3968674F,1916bf76-0235-4795-91ba-407148f8a703,2026-01-02,1
0D8641E2-9662-4617-7633-08DE3968674F,1916bf76-0235-4795-91ba-407148f8a703,2026-01-03,1
20A3F6E0-2D38-4915-7634-08DE3968674F,1916bf76-0235-4795-91ba-407148f8a703,2025-12-31,2
6F0B8E4A-88C6-4674-7635-08DE3968674F,23585a8f-5bb9-44d7-a5f9-d7498c60ab2c,2025-12-31,2
B0411436-9610-4B5A-7636-08DE3968674F,1916bf76-0235-4795-91ba-407148f8a703,2026-01-01,2
6E4E2543-6B9E-432E-7637-08DE3968674F,23585a8f-5bb9-44d7-a5f9-d7498c60ab2c,2026-01-01,2
EAA15A48-3A6F-4AF1-7638-08DE3968674F,ab577efb-8d05-4666-a51a-6b95edc5ec45,2026-01-02,1
4F15EE79-637D-4248-7639-08DE3968674F,ab577efb-8d05-4666-a51a-6b95edc5ec45,2026-01-03,1
7CB1F202-9B7A-4232-763A-08DE3968674F,ab577efb-8d05-4666-a51a-6b95edc5ec45,2026-01-04,1
971A1606-03BE-421B-763B-08DE3968674F,ab577efb-8d05-4666-a51a-6b95edc5ec45,2026-01-05,1
D0C66361-CB3C-45FD-763C-08DE3968674F,ab577efb-8d05-4666-a51a-6b95edc5ec45,2026-01-06,1
CC28AA17-498D-4F0B-763D-08DE3968674F,299503c0-1a91-43dd-8b64-b2b35f44afd6,2025-12-24,2
7073540B-1FF6-45EA-763E-08DE3968674F,ab577efb-8d05-4666-a51a-6b95edc5ec45,2026-01-10,1
FC446DD3-ECF8-4370-763F-08DE3968674F,ab577efb-8d05-4666-a51a-6b95edc5ec45,2026-01-11,1
BBBC87FC-27B8-481F-7640-08DE3968674F,ab577efb-8d05-4666-a51a-6b95edc5ec45,2026-01-12,1
230D2B18-5901-45B1-7642-08DE3968674F,299503c0-1a91-43dd-8b64-b2b35f44afd6,2025-12-31,2
D92B3258-5DD8-4823-7643-08DE3968674F,477951d3-95b8-4933-ad3b-ae6f86eafc55,2025-12-31,2
88279856-2201-44AA-7644-08DE3968674F,477951d3-95b8-4933-ad3b-ae6f86eafc55,2026-01-01,2
B4C5D2BC-5829-4580-7645-08DE3968674F,9c1113fb-90f9-4b8b-8fdd-bcc7b6b5365b,2025-12-24,2
C1BCF92A-0C83-459B-7646-08DE3968674F,9c1113fb-90f9-4b8b-8fdd-bcc7b6b5365b,2025-12-25,1
8333196E-8577-4395-7647-08DE3968674F,9c1113fb-90f9-4b8b-8fdd-bcc7b6b5365b,2025-12-26,1
9374BF89-6B89-4674-7648-08DE3968674F,9c1113fb-90f9-4b8b-8fdd-bcc7b6b5365b,2026-01-01,2
4A66E35F-D18C-46DE-7649-08DE3968674F,299503c0-1a91-43dd-8b64-b2b35f44afd6,2025-12-24,2
5050FD4D-92DD-4DDF-764A-08DE3968674F,299503c0-1a91-43dd-8b64-b2b35f44afd6,2025-12-25,2
76F6B084-4B5C-4ECC-764B-08DE3968674F,ff7cc517-15bb-4dc9-a941-2902d92fc311,2025-12-31,2
95FC1204-B47F-4903-764C-08DE3968674F,ff7cc517-15bb-4dc9-a941-2902d92fc311,2026-01-01,2
94738AFD-BE20-48BF-764D-08DE3968674F,ff7cc517-15bb-4dc9-a941-2902d92fc311,2025-12-24,1
A0BB5E0C-95FF-4C58-764E-08DE3968674F,f488e272-24db-42ce-9d36-80a013657223,2025-12-25,2
3F3A6B49-5BEF-40E9-764F-08DE3968674F,f488e272-24db-42ce-9d36-80a013657223,2025-12-26,2
ECD59585-358E-4F67-7650-08DE3968674F,95bf29ca-f6b4-4fbb-88b1-46de45dcf625,2026-01-01,2
35DFA5F5-5D7F-43CD-7651-08DE3968674F,95bf29ca-f6b4-4fbb-88b1-46de45dcf625,2025-12-22,1
9E743680-9252-4E75-7652-08DE3968674F,95bf29ca-f6b4-4fbb-88b1-46de45dcf625,2025-12-23,1
002D2AA5-5E49-4EA2-7653-08DE3968674F,95bf29ca-f6b4-4fbb-88b1-46de45dcf625,2025-12-24,1
F68DDEA8-AC9B-4141-7654-08DE3968674F,95bf29ca-f6b4-4fbb-88b1-46de45dcf625,2025-12-25,1
DD04064E-BC67-4A62-7655-08DE3968674F,95bf29ca-f6b4-4fbb-88b1-46de45dcf625,2025-12-26,1
5CA50533-0A70-4C40-7656-08DE3968674F,27e0791f-5767-4877-b1e4-c80aceb86623,2025-12-25,2
8FD5471F-3FEA-46F9-7658-08DE3968674F,27e0791f-5767-4877-b1e4-c80aceb86623,2025-12-26,2
56D79369-FBBC-4D26-7659-08DE3968674F,27e0791f-5767-4877-b1e4-c80aceb86623,2026-01-01,2
2872B81F-5C8C-42BC-18DF-08DE39AE65EC,4afd5d07-d782-4b98-92cb-eea7ca0104bf,2025-12-25,2
8405E674-7DB8-460B-AE17-08DE39BB400A,9b1e36ac-7e99-4109-b4c6-9a85c1bf7719,2025-12-25,2
A384C7CB-6133-4065-5A72-08DE39CA27F6,c71ec1ec-5e2b-4c33-8c89-de5897a207a6,2025-12-24,2
E9369E90-CDE4-44C0-5A73-08DE39CA27F6,fafe9819-8c58-4398-a1cc-77584270b6ed,2025-12-31,2
823DB9FE-3E3F-4831-5A74-08DE39CA27F6,fafe9819-8c58-4398-a1cc-77584270b6ed,2026-01-01,2
14841192-50D6-47ED-2E21-08DE39CF9314,fafe9819-8c58-4398-a1cc-77584270b6ed,2026-01-14,2
F79B1680-C638-4CF8-3FF1-08DE3A166A4D,9b1e36ac-7e99-4109-b4c6-9a85c1bf7719,2025-12-24,2
F6116889-69C1-48B0-3FF2-08DE3A166A4D,9b1e36ac-7e99-4109-b4c6-9a85c1bf7719,2025-12-31,2
90BF610D-1E9A-4DAA-3FF7-08DE3A166A4D,c280d18d-86b9-4bba-85e6-2c00472efd9d,2025-12-25,1
14A79FE8-E6DE-4EAD-3FF8-08DE3A166A4D,c280d18d-86b9-4bba-85e6-2c00472efd9d,2025-12-29,1
AB9F407A-E1B7-4203-3FF9-08DE3A166A4D,c280d18d-86b9-4bba-85e6-2c00472efd9d,2025-12-30,1
4490856A-6A17-40A6-3FFA-08DE3A166A4D,c280d18d-86b9-4bba-85e6-2c00472efd9d,2026-01-02,1
0221AC9A-32B9-4196-3FFB-08DE3A166A4D,c280d18d-86b9-4bba-85e6-2c00472efd9d,2026-01-03,1
773A5355-4882-42ED-3FFD-08DE3A166A4D,4da65404-40f7-408c-8831-dec60d86d60b,2026-01-02,1
95366142-B531-404B-3FFE-08DE3A166A4D,4da65404-40f7-408c-8831-dec60d86d60b,2026-01-03,1
B442F6BB-E585-4F02-3FFF-08DE3A166A4D,4da65404-40f7-408c-8831-dec60d86d60b,2026-01-04,1
7136C523-BB5B-4E06-4000-08DE3A166A4D,4da65404-40f7-408c-8831-dec60d86d60b,2026-01-05,1
99BF2F29-6E82-48C4-4001-08DE3A166A4D,4da65404-40f7-408c-8831-dec60d86d60b,2026-01-06,1
F168A079-64B7-47C5-4002-08DE3A166A4D,4da65404-40f7-408c-8831-dec60d86d60b,2025-12-27,2
B34F37F7-D908-49D1-D2C6-08DE3A48E770,57f57d9a-735a-4bcc-afb6-f2799bd738a4,2025-12-31,2
69D46F3D-DCC3-44AB-D2C7-08DE3A48E770,57f57d9a-735a-4bcc-afb6-f2799bd738a4,2026-01-01,1
F73A5729-5DF4-41B1-D2C8-08DE3A48E770,57f57d9a-735a-4bcc-afb6-f2799bd738a4,2026-01-02,1
3063D71E-FE5E-4FF6-D2C9-08DE3A48E770,57f57d9a-735a-4bcc-afb6-f2799bd738a4,2026-01-03,1
2720974D-DB72-4B99-3911-08DE3A6C25D7,78732633-0af4-4912-9602-d3923d7c10d0,2026-01-05,1
A5831B9A-C9A9-48AE-3912-08DE3A6C25D7,78732633-0af4-4912-9602-d3923d7c10d0,2026-01-06,1
EA592458-6F96-434A-6EF2-08DE3ADFD326,4d71f5cd-5e03-4e0e-b17d-593586b88b99,2025-12-22,2
E8931A53-4A5B-499F-7E1B-08DE3B17BA4D,c71ec1ec-5e2b-4c33-8c89-de5897a207a6,2025-12-22,2
0DED851B-50B9-4018-225A-08DE3BB2C76A,57f57d9a-735a-4bcc-afb6-f2799bd738a4,2025-12-28,2
53E81666-9E8F-43DB-225B-08DE3BB2C76A,b8eaaef1-8890-4d24-8c6c-3db23f8812a0,2025-12-25,1
B009BF19-8D9F-4768-225C-08DE3BB2C76A,b8eaaef1-8890-4d24-8c6c-3db23f8812a0,2025-12-26,1
B1341092-7F8A-473E-225D-08DE3BB2C76A,ff7cc517-15bb-4dc9-a941-2902d92fc311,2026-01-05,2
E87AD860-92F7-4C3B-225E-08DE3BB2C76A,43072b87-23d4-4ad6-88f8-7999ef3c86ca,2025-12-22,1
5BA193A7-5C68-4A90-225F-08DE3BB2C76A,43072b87-23d4-4ad6-88f8-7999ef3c86ca,2025-12-23,1
4FAAF471-2386-4579-2260-08DE3BB2C76A,43072b87-23d4-4ad6-88f8-7999ef3c86ca,2025-12-24,1
68E09E49-BED3-4791-2261-08DE3BB2C76A,43072b87-23d4-4ad6-88f8-7999ef3c86ca,2025-12-25,1
3BC48A24-3DED-49B5-2262-08DE3BB2C76A,43072b87-23d4-4ad6-88f8-7999ef3c86ca,2025-12-27,1
4729487C-B0D1-48DB-2263-08DE3BB2C76A,43072b87-23d4-4ad6-88f8-7999ef3c86ca,2025-12-28,1
D4BFF5D6-D636-437D-2264-08DE3BB2C76A,c720feeb-93e1-4d88-b275-525f95f377ee,2025-12-27,1
3EEB57C9-BFD4-4D81-2266-08DE3BB2C76A,c720feeb-93e1-4d88-b275-525f95f377ee,2025-12-29,1
74E9DB04-2EB0-44AE-2267-08DE3BB2C76A,c720feeb-93e1-4d88-b275-525f95f377ee,2025-12-24,1
5A026E00-E94B-41DD-2268-08DE3BB2C76A,c720feeb-93e1-4d88-b275-525f95f377ee,2025-12-25,1
3E93546B-29E1-4F9F-226A-08DE3BB2C76A,157e4c9d-980e-4897-ad5f-f4c5c301f195,2025-12-25,1
19B88C0D-B840-4A87-226B-08DE3BB2C76A,157e4c9d-980e-4897-ad5f-f4c5c301f195,2025-12-26,1
C8F38BD8-F781-4D10-226C-08DE3BB2C76A,157e4c9d-980e-4897-ad5f-f4c5c301f195,2025-12-27,1
B80651F0-CC1E-4CB2-226D-08DE3BB2C76A,157e4c9d-980e-4897-ad5f-f4c5c301f195,2025-12-28,1
6A8D0B1B-06A5-41AF-226E-08DE3BB2C76A,413e6437-7712-4672-8d5f-80a6c94ef119,2025-12-24,1
BA7978B8-3F51-458E-226F-08DE3BB2C76A,413e6437-7712-4672-8d5f-80a6c94ef119,2025-12-27,1
4FC15A89-70AA-4D82-2270-08DE3BB2C76A,413e6437-7712-4672-8d5f-80a6c94ef119,2025-12-28,1
51753205-9BCB-48DE-2271-08DE3BB2C76A,38b41087-0565-4dea-8ddf-e3b522a14368,2025-12-25,2
B7F834E1-7450-42A3-2272-08DE3BB2C76A,38b41087-0565-4dea-8ddf-e3b522a14368,2025-12-26,2
8AA9906E-2BAE-4C84-2274-08DE3BB2C76A,fa431862-6ab2-46f0-91f3-97ae1452fc85,2026-01-04,2
A0498463-5741-49CE-2275-08DE3BB2C76A,fa431862-6ab2-46f0-91f3-97ae1452fc85,2025-12-27,2
6A57C7E4-2AC9-4998-2276-08DE3BB2C76A,1b96029f-d249-4657-97e1-ce4086f265fc,2025-12-25,2
2D614CFB-4B05-40B2-2277-08DE3BB2C76A,1b96029f-d249-4657-97e1-ce4086f265fc,2025-12-26,2
44562311-7582-478E-2278-08DE3BB2C76A,c71ec1ec-5e2b-4c33-8c89-de5897a207a6,2025-12-25,2
3B9D1338-B1F9-487E-BE89-08DE3BF38D93,4d71f5cd-5e03-4e0e-b17d-593586b88b99,2025-12-25,1
F32EC115-A33F-4AA8-BE8A-08DE3BF38D93,4d71f5cd-5e03-4e0e-b17d-593586b88b99,2025-12-27,1
F3C8E3DB-CD98-4B67-BE8B-08DE3BF38D93,4d71f5cd-5e03-4e0e-b17d-593586b88b99,2025-12-28,1
C9F7C4B9-3FB2-42C5-BE8C-08DE3BF38D93,4d71f5cd-5e03-4e0e-b17d-593586b88b99,2025-12-29,1
15DFDD58-9216-4061-BE8D-08DE3BF38D93,4d71f5cd-5e03-4e0e-b17d-593586b88b99,2025-12-30,1
91FC64D7-B714-46D2-BE8E-08DE3BF38D93,1641a578-00b2-4973-955d-095bc254d709,2025-12-24,1
76564BEC-F3F9-486B-BE8F-08DE3BF38D93,1641a578-00b2-4973-955d-095bc254d709,2025-12-25,1
F7C7708D-E860-46CC-BE90-08DE3BF38D93,1641a578-00b2-4973-955d-095bc254d709,2025-12-27,1
AA288ECE-2A7E-4357-BE91-08DE3BF38D93,1641a578-00b2-4973-955d-095bc254d709,2025-12-28,1
7B57D4DF-AE08-4552-BE92-08DE3BF38D93,1641a578-00b2-4973-955d-095bc254d709,2025-12-29,1
90BCF5A9-8227-4535-BE93-08DE3BF38D93,1ddcffe7-c2ad-4836-a35b-75b12da1d336,2025-12-21,1
562106DA-8B2B-48D9-BE94-08DE3BF38D93,1ddcffe7-c2ad-4836-a35b-75b12da1d336,2025-12-22,1
629ADBA6-A868-44A1-BE95-08DE3BF38D93,1ddcffe7-c2ad-4836-a35b-75b12da1d336,2025-12-23,1
B4FE80EF-FD56-4029-BE96-08DE3BF38D93,1ddcffe7-c2ad-4836-a35b-75b12da1d336,2025-12-24,1
7B2AF397-B464-47E1-BE97-08DE3BF38D93,1ddcffe7-c2ad-4836-a35b-75b12da1d336,2025-12-25,1
0F620FD0-EBF8-498D-BE98-08DE3BF38D93,1ddcffe7-c2ad-4836-a35b-75b12da1d336,2025-12-27,1
D510A5CB-A4BF-49F5-BE99-08DE3BF38D93,1ddcffe7-c2ad-4836-a35b-75b12da1d336,2025-12-28,1
98B1BFA2-22B6-4152-7DAF-08DE3C7381C5,6663d684-ce88-47ff-a4f7-e40d3b82a13f,2025-12-29,2
A841D12F-1AE6-43A4-7DB0-08DE3C7381C5,6663d684-ce88-47ff-a4f7-e40d3b82a13f,2025-12-30,2
AFB8B4E8-9A45-4321-7DB1-08DE3C7381C5,6663d684-ce88-47ff-a4f7-e40d3b82a13f,2026-01-04,2
89E75D4D-3D91-4002-7DB2-08DE3C7381C5,6663d684-ce88-47ff-a4f7-e40d3b82a13f,2026-01-01,1
562D9833-051B-43B2-7DB3-08DE3C7381C5,6663d684-ce88-47ff-a4f7-e40d3b82a13f,2026-01-02,1
A7BCC6C7-70A7-46AB-7DB4-08DE3C7381C5,6663d684-ce88-47ff-a4f7-e40d3b82a13f,2026-01-03,1
B68ACAFD-E7EA-4C1A-7DB5-08DE3C7381C5,6663d684-ce88-47ff-a4f7-e40d3b82a13f,2025-12-31,2
C90E085C-3AC9-494E-7DB6-08DE3C7381C5,413e6437-7712-4672-8d5f-80a6c94ef119,2025-12-31,2
68136672-0B1E-46E4-7DB8-08DE3C7381C5,c71ec1ec-5e2b-4c33-8c89-de5897a207a6,2025-12-25,2
4B0AAE60-1D59-4BC0-7DB9-08DE3C7381C5,c71ec1ec-5e2b-4c33-8c89-de5897a207a6,2025-12-26,2
9EFD5B99-1A80-4BD8-7DBA-08DE3C7381C5,d5900ef2-17fd-42da-b9ea-b20a194fec05,2025-12-25,1
BEA7A741-937E-479C-7DBB-08DE3C7381C5,d5900ef2-17fd-42da-b9ea-b20a194fec05,2026-01-02,1
5309B230-3904-425C-7DBC-08DE3C7381C5,d5900ef2-17fd-42da-b9ea-b20a194fec05,2026-01-03,2
2C057CA3-3431-41F0-7DBD-08DE3C7381C5,7afecb62-aa18-4106-a82b-a906fa7e488d,2025-12-25,1
E295F558-4F80-4F0E-7DBE-08DE3C7381C5,7afecb62-aa18-4106-a82b-a906fa7e488d,2025-12-26,1
7E9143E3-244A-4D3F-7DBF-08DE3C7381C5,144bc00f-b27f-49a9-8664-9bcd79ea6975,2026-01-16,2
C33BE1D3-DE86-40D0-0BC5-08DE3D4838F3,1641a578-00b2-4973-955d-095bc254d709,2025-12-22,2
9B02EB4F-8D9D-4D41-0BC6-08DE3D4838F3,9964c775-c7f7-42d2-9d2c-a75cb68487d1,2025-12-25,2
05681D52-A919-468D-0BC7-08DE3D4838F3,9964c775-c7f7-42d2-9d2c-a75cb68487d1,2025-12-26,2
15143F41-E1DA-41F7-15A6-08DE3DB4FE4F,c280d18d-86b9-4bba-85e6-2c00472efd9d,2025-12-31,1
6D7E2CC4-6F2C-4A8F-15A7-08DE3DB4FE4F,b5ca6829-6ac9-4e18-96d7-3282ff6f3250,2025-12-25,1
83AA7F14-3062-44DE-15A8-08DE3DB4FE4F,b5ca6829-6ac9-4e18-96d7-3282ff6f3250,2025-12-26,1
F8A01E91-C65C-41EF-15A9-08DE3DB4FE4F,b5ca6829-6ac9-4e18-96d7-3282ff6f3250,2025-12-27,1
3AB58997-73AF-4C22-15AA-08DE3DB4FE4F,b5ca6829-6ac9-4e18-96d7-3282ff6f3250,2025-12-28,1
670B3340-2BBB-4760-735C-08DE3E0797A3,144bc00f-b27f-49a9-8664-9bcd79ea6975,2025-12-22,1
4195BDAF-91B2-4392-735D-08DE3E0797A3,144bc00f-b27f-49a9-8664-9bcd79ea6975,2025-12-23,1
76E18733-9591-4ECF-735E-08DE3E0797A3,144bc00f-b27f-49a9-8664-9bcd79ea6975,2025-12-27,1
CC345EB8-F281-44D1-735F-08DE3E0797A3,144bc00f-b27f-49a9-8664-9bcd79ea6975,2025-12-29,1
C87EBDDD-5B20-492D-E625-08DE3E18F0C6,b5ca6829-6ac9-4e18-96d7-3282ff6f3250,2025-12-24,1
2281126A-E1F8-480C-E626-08DE3E18F0C6,8d97501c-e7a6-46e6-9882-10ee0dea5a69,2025-12-22,1
9E4A0E03-4BFC-4572-E627-08DE3E18F0C6,8d97501c-e7a6-46e6-9882-10ee0dea5a69,2025-12-23,1
1283E774-756D-45B3-E628-08DE3E18F0C6,8d97501c-e7a6-46e6-9882-10ee0dea5a69,2025-12-24,1
90D95059-C698-43AD-E629-08DE3E18F0C6,8d97501c-e7a6-46e6-9882-10ee0dea5a69,2025-12-25,1
F26D497E-FFE4-419C-E62B-08DE3E18F0C6,925fe8e4-a2de-433d-8c9d-b07fd34a8c36,2026-01-02,2
CF3C9B73-C2DA-4AE8-E62C-08DE3E18F0C6,e224e0ba-d92c-4e70-b675-2ff7e293c27c,2025-12-23,1
D3F65DD1-93D2-4D6F-E62D-08DE3E18F0C6,e224e0ba-d92c-4e70-b675-2ff7e293c27c,2025-12-24,1
B41029B4-18B9-49F5-E62E-08DE3E18F0C6,e224e0ba-d92c-4e70-b675-2ff7e293c27c,2025-12-29,1
6310BA90-4316-4CB5-E62F-08DE3E18F0C6,e224e0ba-d92c-4e70-b675-2ff7e293c27c,2025-12-30,1
1411FB2B-8F46-49CF-E630-08DE3E18F0C6,e224e0ba-d92c-4e70-b675-2ff7e293c27c,2025-12-31,1
0856043C-3826-43F9-E631-08DE3E18F0C6,e224e0ba-d92c-4e70-b675-2ff7e293c27c,2026-01-01,1
73E716F1-15AD-468F-E632-08DE3E18F0C6,e224e0ba-d92c-4e70-b675-2ff7e293c27c,2026-01-05,1
A19DB8CC-6C53-4362-E633-08DE3E18F0C6,e224e0ba-d92c-4e70-b675-2ff7e293c27c,2026-01-23,1
44A19E9A-C097-44E4-E634-08DE3E18F0C6,e224e0ba-d92c-4e70-b675-2ff7e293c27c,2026-01-26,1
7464F0D2-758E-40E4-7F87-08DE3FBCD636,c720feeb-93e1-4d88-b275-525f95f377ee,2026-01-12,2
F0C0A675-6213-4565-7F88-08DE3FBCD636,c720feeb-93e1-4d88-b275-525f95f377ee,2026-01-15,2
CB8A5ABD-076C-4875-0442-08DE40A0FD46,d71b50b4-750e-4644-9786-becc6520c6d7,2026-01-02,2
A4C888CC-93B9-4A58-0443-08DE40A0FD46,d71b50b4-750e-4644-9786-becc6520c6d7,2026-01-03,2
E484082A-044F-48F5-8B3D-08DE412CCAC0,57f57d9a-735a-4bcc-afb6-f2799bd738a4,2026-01-11,2
375DCE93-614F-431E-8B3E-08DE412CCAC0,57f57d9a-735a-4bcc-afb6-f2799bd738a4,2026-01-07,2
2285C0FE-DE4C-40E2-8B3F-08DE412CCAC0,57f57d9a-735a-4bcc-afb6-f2799bd738a4,2026-02-13,1
FFFC70DF-F53F-4B12-8B40-08DE412CCAC0,57f57d9a-735a-4bcc-afb6-f2799bd738a4,2026-02-14,1
849034FC-096E-47A7-8B41-08DE412CCAC0,57f57d9a-735a-4bcc-afb6-f2799bd738a4,2026-02-15,1
A296A213-2B55-4F7E-8B42-08DE412CCAC0,57f57d9a-735a-4bcc-afb6-f2799bd738a4,2026-02-16,1
600FB63D-EA2E-4550-8B43-08DE412CCAC0,66d45786-61fa-43a9-af9f-7a5341abfc6e,2025-12-29,1
39C1B1FF-4B90-42BC-8B44-08DE412CCAC0,66d45786-61fa-43a9-af9f-7a5341abfc6e,2025-12-30,1
C2D26A46-426F-4A6C-8B45-08DE412CCAC0,66d45786-61fa-43a9-af9f-7a5341abfc6e,2025-12-31,1
6F8D5BF5-7A6F-45CF-8B46-08DE412CCAC0,66d45786-61fa-43a9-af9f-7a5341abfc6e,2026-01-02,1
C42512C7-A122-4C3A-8B47-08DE412CCAC0,66d45786-61fa-43a9-af9f-7a5341abfc6e,2026-01-03,1
CA1B0DAE-44D9-4F08-8B48-08DE412CCAC0,c5ce5a45-2b0a-40ff-a82f-ea5df6501805,2025-12-27,1
BDC17562-2A61-49A6-8B49-08DE412CCAC0,c5ce5a45-2b0a-40ff-a82f-ea5df6501805,2025-12-28,1
E6F5D73E-E002-43F5-8B4A-08DE412CCAC0,c5ce5a45-2b0a-40ff-a82f-ea5df6501805,2025-12-29,1
425B8C47-27C3-442A-8B4B-08DE412CCAC0,c5ce5a45-2b0a-40ff-a82f-ea5df6501805,2025-12-30,1
232B5EDB-201E-4663-8B4C-08DE412CCAC0,c5ce5a45-2b0a-40ff-a82f-ea5df6501805,2025-12-31,1
8592ADCD-DE9B-42E4-8B4D-08DE412CCAC0,c5ce5a45-2b0a-40ff-a82f-ea5df6501805,2026-01-01,1
A2FA3BD0-723C-4764-8B4E-08DE412CCAC0,c5ce5a45-2b0a-40ff-a82f-ea5df6501805,2026-01-02,1
60F5F68D-B93C-497E-8B4F-08DE412CCAC0,1916bf76-0235-4795-91ba-407148f8a703,2026-03-07,1
4D6B691E-305B-4102-8B50-08DE412CCAC0,1916bf76-0235-4795-91ba-407148f8a703,2026-03-08,1
06E44A73-2DD0-46B8-8B51-08DE412CCAC0,1916bf76-0235-4795-91ba-407148f8a703,2026-03-09,1
7A193DE9-B5B0-466B-3CD5-08DE4444918F,d5900ef2-17fd-42da-b9ea-b20a194fec05,2026-01-10,2
DD689996-2E88-42DF-858A-08DE448CB101,c720feeb-93e1-4d88-b275-525f95f377ee,2026-01-10,2
51C09AFD-2D88-4396-858B-08DE448CB101,c280d18d-86b9-4bba-85e6-2c00472efd9d,2026-01-05,1
C0CE58DE-CAB4-419E-3B39-08DE4526EBED,1b96029f-d249-4657-97e1-ce4086f265fc,2026-01-07,2
81FEF908-F930-47EA-3B3A-08DE4526EBED,1b96029f-d249-4657-97e1-ce4086f265fc,2026-01-13,2
9B6DAE43-3744-4B17-3B3B-08DE4526EBED,fa431862-6ab2-46f0-91f3-97ae1452fc85,2026-01-05,2
0ECF3B3A-1A9D-4390-6957-08DE46085E0D,d5900ef2-17fd-42da-b9ea-b20a194fec05,2026-01-11,2
3C75AEF2-C5AF-453E-2B7D-08DE46A1904C,9b1e36ac-7e99-4109-b4c6-9a85c1bf7719,2026-01-08,2
81AC1ADE-2696-490B-4972-08DE46BE2294,d71b50b4-750e-4644-9786-becc6520c6d7,2026-01-08,2
797DA4B6-5F3E-4B0D-4973-08DE46BE2294,413e6437-7712-4672-8d5f-80a6c94ef119,2026-01-07,2
7D160EB7-4C7A-45E3-4974-08DE46BE2294,477951d3-95b8-4933-ad3b-ae6f86eafc55,2026-01-10,2
B175D493-6FA7-4D47-4975-08DE46BE2294,1a75df7a-e558-47c6-8af0-033582318b99,2026-01-08,2
1E4CDA5C-512C-4D0C-4976-08DE46BE2294,1a75df7a-e558-47c6-8af0-033582318b99,2026-01-13,2
16D28B53-BB26-4779-4977-08DE46BE2294,1a75df7a-e558-47c6-8af0-033582318b99,2026-01-15,2
8C341525-2F13-440D-4978-08DE46BE2294,1a75df7a-e558-47c6-8af0-033582318b99,2026-01-17,2
E4E5CF3E-9363-43AF-497B-08DE46BE2294,0d2b5c5a-8a41-4997-ad20-a604731bb160,2026-01-26,1
D35A67E7-CC0E-4E74-497C-08DE46BE2294,0d2b5c5a-8a41-4997-ad20-a604731bb160,2026-01-27,1
CFF65D8A-96C8-44C4-497D-08DE46BE2294,0d2b5c5a-8a41-4997-ad20-a604731bb160,2026-01-28,1
3EB1277C-5F95-4F7F-497E-08DE46BE2294,0d2b5c5a-8a41-4997-ad20-a604731bb160,2026-01-29,1
88AD696D-A38B-4C5C-497F-08DE46BE2294,4d71f5cd-5e03-4e0e-b17d-593586b88b99,2026-01-05,2
7DDF3915-978C-48A0-4980-08DE46BE2294,4d71f5cd-5e03-4e0e-b17d-593586b88b99,2026-01-07,2
2CC43827-650E-41E6-4981-08DE46BE2294,4d71f5cd-5e03-4e0e-b17d-593586b88b99,2026-01-09,2
E745421A-42D4-4512-1D33-08DE46F2AD86,ab577efb-8d05-4666-a51a-6b95edc5ec45,2026-01-16,2
D5E4F7DB-216E-44C8-25DC-08DE4777C23E,4da65404-40f7-408c-8831-dec60d86d60b,2026-01-13,2
914A086B-1EAB-497C-25DD-08DE4777C23E,4da65404-40f7-408c-8831-dec60d86d60b,2026-01-16,2
4CCDDA66-559D-4885-E286-08DE4795F157,144bc00f-b27f-49a9-8664-9bcd79ea6975,2026-01-17,2
3DC64906-2C35-44EE-E287-08DE4795F157,9964c775-c7f7-42d2-9d2c-a75cb68487d1,2026-01-14,2
261D9055-7FE6-481B-E288-08DE4795F157,95bf29ca-f6b4-4fbb-88b1-46de45dcf625,2026-01-17,2
E87F6C4C-B361-48B8-DC71-08DE4845AF7F,144bc00f-b27f-49a9-8664-9bcd79ea6975,2026-01-28,2
B64647CB-73A2-4992-DC72-08DE4845AF7F,38b41087-0565-4dea-8ddf-e3b522a14368,2026-01-18,2
A43FAC29-8F29-4180-DC73-08DE4845AF7F,ab577efb-8d05-4666-a51a-6b95edc5ec45,2026-01-20,2
4186A903-4BE0-4471-DC74-08DE4845AF7F,b5ca6829-6ac9-4e18-96d7-3282ff6f3250,2026-01-14,2
8BFE3DCD-5EDF-4A3A-DC75-08DE4845AF7F,b5ca6829-6ac9-4e18-96d7-3282ff6f3250,2026-01-23,2
B58A994F-FACB-4053-DC76-08DE4845AF7F,57f57d9a-735a-4bcc-afb6-f2799bd738a4,2026-04-27,1
495325E6-4049-4D8E-DC77-08DE4845AF7F,57f57d9a-735a-4bcc-afb6-f2799bd738a4,2026-04-28,1
460D10F2-28E0-4F74-DC78-08DE4845AF7F,57f57d9a-735a-4bcc-afb6-f2799bd738a4,2026-04-29,1
7D39068A-4E3E-4FE3-DC79-08DE4845AF7F,57f57d9a-735a-4bcc-afb6-f2799bd738a4,2026-04-30,1
FC2B4FE4-0FF1-4B20-DC7A-08DE4845AF7F,57f57d9a-735a-4bcc-afb6-f2799bd738a4,2026-05-01,1
A9E912CD-F01D-4AE8-DC7B-08DE4845AF7F,57f57d9a-735a-4bcc-afb6-f2799bd738a4,2026-05-02,1
3DAE6CB8-E5DD-47A8-DC7C-08DE4845AF7F,57f57d9a-735a-4bcc-afb6-f2799bd738a4,2026-05-03,1
2097927A-98EA-4703-DC7D-08DE4845AF7F,6663d684-ce88-47ff-a4f7-e40d3b82a13f,2026-01-13,2
44DA06E0-02D7-482B-DC7F-08DE4845AF7F,6663d684-ce88-47ff-a4f7-e40d3b82a13f,2026-01-15,2
C80E09CD-316B-4032-A663-08DE48B2B2F7,b8eaaef1-8890-4d24-8c6c-3db23f8812a0,2026-01-25,2
441F8800-6EEB-4DD5-D38B-08DE4943E052,d71b50b4-750e-4644-9786-becc6520c6d7,2026-01-17,2
61306DC6-EEC6-4052-D38C-08DE4943E052,d71b50b4-750e-4644-9786-becc6520c6d7,2026-01-21,2
32F55C8B-60F8-49FC-3AA8-08DE495E40B0,d5900ef2-17fd-42da-b9ea-b20a194fec05,2026-01-13,2
64A8A5D4-AD74-43E7-0832-08DE49CCB659,477951d3-95b8-4933-ad3b-ae6f86eafc55,2026-01-17,1
0A59EE29-BF87-4A6B-0833-08DE49CCB659,477951d3-95b8-4933-ad3b-ae6f86eafc55,2026-01-18,1
23F7505E-0DF2-4E68-0834-08DE49CCB659,477951d3-95b8-4933-ad3b-ae6f86eafc55,2026-01-19,1
39E548BA-94EF-434C-0835-08DE49CCB659,477951d3-95b8-4933-ad3b-ae6f86eafc55,2026-01-20,1
BE30E07E-ED82-4F00-0836-08DE49CCB659,477951d3-95b8-4933-ad3b-ae6f86eafc55,2026-01-21,1
DFB9A7C7-09D9-4E87-0837-08DE49CCB659,477951d3-95b8-4933-ad3b-ae6f86eafc55,2026-01-22,1
F5AA3DA4-ECC9-49AA-0838-08DE49CCB659,477951d3-95b8-4933-ad3b-ae6f86eafc55,2026-01-23,1
3E314A31-7425-4AEB-ECDB-08DE49D43108,477951d3-95b8-4933-ad3b-ae6f86eafc55,2026-01-25,2
39BD2BB8-3EF6-42DF-ECDC-08DE49D43108,fafe9819-8c58-4398-a1cc-77584270b6ed,2026-01-26,2
E61A679A-DC34-4B25-ECDD-08DE49D43108,38b41087-0565-4dea-8ddf-e3b522a14368,2026-01-16,2
10644EAA-F8B4-4EC3-ECDE-08DE49D43108,38b41087-0565-4dea-8ddf-e3b522a14368,2026-01-20,2
36828EA1-9E35-4FFF-ECDF-08DE49D43108,38b41087-0565-4dea-8ddf-e3b522a14368,2026-02-12,2
33E461B5-FB54-4D03-ECE0-08DE49D43108,38b41087-0565-4dea-8ddf-e3b522a14368,2026-04-17,2
D60B58F9-7A4E-4091-ECE1-08DE49D43108,38b41087-0565-4dea-8ddf-e3b522a14368,2026-06-19,2
C322E3C8-984E-42B9-ECE2-08DE49D43108,c280d18d-86b9-4bba-85e6-2c00472efd9d,2026-01-14,2
3A556392-C65A-4A8B-ECE3-08DE49D43108,c280d18d-86b9-4bba-85e6-2c00472efd9d,2026-01-17,2
B7ECA87C-1775-4CBE-038F-08DE4A8E181E,4d71f5cd-5e03-4e0e-b17d-593586b88b99,2026-01-12,2
E768D14E-6D29-4949-0390-08DE4A8E181E,4d71f5cd-5e03-4e0e-b17d-593586b88b99,2026-01-14,2
8BE434BC-BC69-4524-0391-08DE4A8E181E,4d71f5cd-5e03-4e0e-b17d-593586b88b99,2026-01-16,2
FFF46718-BA13-4AC3-858C-08DE4AA66201,1641a578-00b2-4973-955d-095bc254d709,2026-01-15,2
836F6626-C95E-4935-858D-08DE4AA66201,8d97501c-e7a6-46e6-9882-10ee0dea5a69,2026-01-29,2
EFA1F825-9347-4E5E-5EFC-08DE4AD24E0C,fa431862-6ab2-46f0-91f3-97ae1452fc85,2026-01-16,2
51BE7574-39D6-472A-A2D6-08DE4B59D983,b8eaaef1-8890-4d24-8c6c-3db23f8812a0,2026-01-16,2
34EFA197-A559-4587-4DD5-08DE4B925E88,c5ce5a45-2b0a-40ff-a82f-ea5df6501805,2026-01-14,2
4621D4C6-D0ED-4671-5CAC-08DE4BB4FFBD,1a75df7a-e558-47c6-8af0-033582318b99,2026-01-20,2
1E5775D8-AC86-4DCE-5CAF-08DE4BB4FFBD,1a75df7a-e558-47c6-8af0-033582318b99,2026-01-24,2
AB487A0C-E334-4BD6-5CB0-08DE4BB4FFBD,1a75df7a-e558-47c6-8af0-033582318b99,2026-01-27,2
20F7A9A0-E274-4278-5CB1-08DE4BB4FFBD,1a75df7a-e558-47c6-8af0-033582318b99,2026-01-29,2
D3BB953B-4ACA-40EC-53BE-08DE4C460FF5,8d97501c-e7a6-46e6-9882-10ee0dea5a69,2026-01-21,2
C9508B4F-1D0D-483D-53BF-08DE4C460FF5,fafe9819-8c58-4398-a1cc-77584270b6ed,2026-01-29,1
0045B5BD-D2D2-45A2-53C0-08DE4C460FF5,fafe9819-8c58-4398-a1cc-77584270b6ed,2026-01-30,1
6634E657-BDAB-48AF-53C1-08DE4C460FF5,6663d684-ce88-47ff-a4f7-e40d3b82a13f,2026-02-10,1
301AA46E-AF63-4BF9-53C2-08DE4C460FF5,6663d684-ce88-47ff-a4f7-e40d3b82a13f,2026-02-11,1
48E15EAF-B2B4-49CB-53C3-08DE4C460FF5,6663d684-ce88-47ff-a4f7-e40d3b82a13f,2026-02-12,1
9D811F1C-133F-40C1-53C4-08DE4C460FF5,6663d684-ce88-47ff-a4f7-e40d3b82a13f,2026-02-13,1
B8E747D4-187E-48FF-53C5-08DE4C460FF5,6663d684-ce88-47ff-a4f7-e40d3b82a13f,2026-02-14,1
C81EE383-2CB9-4D7D-53C6-08DE4C460FF5,6663d684-ce88-47ff-a4f7-e40d3b82a13f,2026-02-15,1
AD364E17-9B6D-4B0B-53C7-08DE4C460FF5,6663d684-ce88-47ff-a4f7-e40d3b82a13f,2026-02-16,1
F49F2923-3D6D-4DB8-53C8-08DE4C460FF5,1ddcffe7-c2ad-4836-a35b-75b12da1d336,2026-01-17,2
62B8559D-3884-433A-53CA-08DE4C460FF5,d71b50b4-750e-4644-9786-becc6520c6d7,2026-01-13,2
6C37852F-039E-4FA0-53CB-08DE4C460FF5,d71b50b4-750e-4644-9786-becc6520c6d7,2026-01-14,2
C16BDAE4-B77C-432F-53CC-08DE4C460FF5,1ddcffe7-c2ad-4836-a35b-75b12da1d336,2026-01-19,2
CE15D7B5-9961-4214-53CD-08DE4C460FF5,a4ad082b-fd58-4e76-9864-5a0339b700be,2026-01-19,2
B7ED73EE-4176-434E-53CF-08DE4C460FF5,7afecb62-aa18-4106-a82b-a906fa7e488d,2026-01-17,2
5F7E5438-78C6-4148-53D0-08DE4C460FF5,9964c775-c7f7-42d2-9d2c-a75cb68487d1,2026-01-16,2
CF6F76E0-1995-40AA-53D1-08DE4C460FF5,43072b87-23d4-4ad6-88f8-7999ef3c86ca,2026-01-17,2
5968BC73-98BC-438A-58B2-08DE4C99D1A4,a4ad082b-fd58-4e76-9864-5a0339b700be,2026-01-21,2
16171776-8536-4D95-8169-08DE4CA73321,1b96029f-d249-4657-97e1-ce4086f265fc,2026-01-29,1
C1205F38-5106-4259-816A-08DE4CA73321,1b96029f-d249-4657-97e1-ce4086f265fc,2026-01-30,1
C45D8942-10BA-40DD-1FCA-08DE4D2779F9,27e0791f-5767-4877-b1e4-c80aceb86623,2026-01-24,2
698AD68F-18D6-4EFD-1FCB-08DE4D2779F9,27e0791f-5767-4877-b1e4-c80aceb86623,2026-01-25,2
5AA05D28-207C-4299-1FCC-08DE4D2779F9,27e0791f-5767-4877-b1e4-c80aceb86623,2026-01-28,1
5013E679-50BE-4080-1EBF-08DE4D38D1B4,c71ec1ec-5e2b-4c33-8c89-de5897a207a6,2026-02-07,2
C875D755-F6EF-4FBD-8FF9-08DE4DDEA6E1,d5900ef2-17fd-42da-b9ea-b20a194fec05,2026-01-18,2
6094D8DE-E71C-4FF2-8FFA-08DE4DDEA6E1,6663d684-ce88-47ff-a4f7-e40d3b82a13f,2026-01-16,1
9179116C-EF36-4E96-8FFB-08DE4DDEA6E1,6663d684-ce88-47ff-a4f7-e40d3b82a13f,2026-01-17,1
D4B44C72-9045-4877-8FFC-08DE4DDEA6E1,6663d684-ce88-47ff-a4f7-e40d3b82a13f,2026-01-18,1
68B0B8BA-CF86-485E-346B-08DE4E137088,4da65404-40f7-408c-8831-dec60d86d60b,2026-01-21,2
219A375C-77E1-448E-0752-08DE4E7DFB69,0fac737b-0e61-46db-a27a-52730d65cb9a,2026-01-20,2
12BE7B41-7C52-453C-0753-08DE4E7DFB69,0fac737b-0e61-46db-a27a-52730d65cb9a,2026-01-22,2
BC5F68A7-6BC7-4ADC-0754-08DE4E7DFB69,c5ce5a45-2b0a-40ff-a82f-ea5df6501805,2026-01-12,2
4DDD8783-CA96-48CF-0756-08DE4E7DFB69,157e4c9d-980e-4897-ad5f-f4c5c301f195,2026-01-30,1
FCB8187B-84D4-4E0D-0757-08DE4E7DFB69,157e4c9d-980e-4897-ad5f-f4c5c301f195,2026-02-06,2
D68692E9-EA77-49D9-0758-08DE4E7DFB69,413e6437-7712-4672-8d5f-80a6c94ef119,2026-02-04,2
EE5CBF3A-7438-40FB-0759-08DE4E7DFB69,1916bf76-0235-4795-91ba-407148f8a703,2026-01-26,2
FB789B0E-EF36-4A78-075A-08DE4E7DFB69,1916bf76-0235-4795-91ba-407148f8a703,2026-01-27,2
426C50CE-CE96-45F3-E68C-08DE4F4E9D3C,f488e272-24db-42ce-9d36-80a013657223,2026-01-21,2
5C3FD264-BC4F-4B49-E68D-08DE4F4E9D3C,f488e272-24db-42ce-9d36-80a013657223,2026-01-28,2
B2974EF0-E83B-4907-1295-08DE4F721EBB,d71b50b4-750e-4644-9786-becc6520c6d7,2026-01-31,1
36FF02D0-0967-4DA5-1296-08DE4F721EBB,d71b50b4-750e-4644-9786-becc6520c6d7,2026-02-01,1
82DCA8C9-F8D8-4693-1297-08DE4F721EBB,1916bf76-0235-4795-91ba-407148f8a703,2026-01-20,2
EAF3B7D8-94FB-4520-1298-08DE4F721EBB,ab577efb-8d05-4666-a51a-6b95edc5ec45,2026-01-19,2
FA98B610-562C-4B2C-1299-08DE4F721EBB,1a75df7a-e558-47c6-8af0-033582318b99,2026-01-22,2
BBF7B7EF-FFC9-41B1-129A-08DE4F721EBB,fafe9819-8c58-4398-a1cc-77584270b6ed,2026-01-22,2
40E18122-74DA-4269-F4BC-08DE4FF5079B,6663d684-ce88-47ff-a4f7-e40d3b82a13f,2026-01-20,2
DBC01DAC-AC7F-4C71-A7D2-08DE501071A0,c71ec1ec-5e2b-4c33-8c89-de5897a207a6,2026-01-31,2
E0C5143A-A490-48E0-A7D3-08DE501071A0,57f57d9a-735a-4bcc-afb6-f2799bd738a4,2026-01-25,2
08456930-AA6F-4CAA-A7D4-08DE501071A0,57f57d9a-735a-4bcc-afb6-f2799bd738a4,2026-01-24,2
74A7307D-0AE7-4308-A7D5-08DE501071A0,57f57d9a-735a-4bcc-afb6-f2799bd738a4,2026-01-20,2
5D7024C7-8BE4-439B-AE32-08DE50187407,57f57d9a-735a-4bcc-afb6-f2799bd738a4,2026-01-22,2
F9AF416C-DAE6-439F-4552-08DE503B43AC,f538e494-84f3-4ea8-ae3b-f0f142294fbe,2026-01-19,2
7688A80E-5C97-4FBE-4553-08DE503B43AC,f538e494-84f3-4ea8-ae3b-f0f142294fbe,2026-01-22,2
FE5CDE9B-663E-4460-A79F-08DE50784A33,b8eaaef1-8890-4d24-8c6c-3db23f8812a0,2026-01-19,2
73B306E5-025F-4386-D5A7-08DE50912E32,d71b50b4-750e-4644-9786-becc6520c6d7,2026-01-23,2
0388B2A6-3A81-4536-D5A8-08DE50912E32,d71b50b4-750e-4644-9786-becc6520c6d7,2026-01-24,2
B94F9E90-BDAE-4BB8-D130-08DE50E224E9,1641a578-00b2-4973-955d-095bc254d709,2026-01-20,2
C4A67E0A-54AE-4C77-70E7-08DE50E85FB8,1b96029f-d249-4657-97e1-ce4086f265fc,2026-01-22,2
20056AA6-BBD4-49B5-70E8-08DE50E85FB8,1641a578-00b2-4973-955d-095bc254d709,2026-01-22,2
F6EEDCEE-1E0F-4A00-70E9-08DE50E85FB8,1641a578-00b2-4973-955d-095bc254d709,2026-01-23,2
7549DE1E-15F5-4534-70EA-08DE50E85FB8,c720feeb-93e1-4d88-b275-525f95f377ee,2026-01-23,2
BB1585E2-1327-44F8-70EB-08DE50E85FB8,1b96029f-d249-4657-97e1-ce4086f265fc,2026-01-23,2
5140E884-0270-4A85-FC55-08DE51152B23,43072b87-23d4-4ad6-88f8-7999ef3c86ca,2026-01-24,2
01B2EAC7-89DA-45F1-FC56-08DE51152B23,43072b87-23d4-4ad6-88f8-7999ef3c86ca,2026-01-22,2
FF53296A-DF1C-4F2C-F6F9-08DE51340FA0,299503c0-1a91-43dd-8b64-b2b35f44afd6,2026-01-19,2
DDACD3CD-CC9C-485E-F6FA-08DE51340FA0,299503c0-1a91-43dd-8b64-b2b35f44afd6,2026-01-21,2
44057D6F-A084-4FB5-B2A3-08DE513A08EB,a4ad082b-fd58-4e76-9864-5a0339b700be,2026-01-29,2
D202DA97-EC3A-4019-B2A4-08DE513A08EB,a4ad082b-fd58-4e76-9864-5a0339b700be,2026-02-04,2
C1EB8673-8812-4A98-B2A5-08DE513A08EB,a4ad082b-fd58-4e76-9864-5a0339b700be,2026-02-09,2
D9F836BB-D45F-4B6F-B2A6-08DE513A08EB,a4ad082b-fd58-4e76-9864-5a0339b700be,2026-01-28,2
33E271E3-5E95-4717-D9F9-08DE514A0403,4d71f5cd-5e03-4e0e-b17d-593586b88b99,2026-01-20,2
97C96792-E32B-4ABA-D9FA-08DE514A0403,4d71f5cd-5e03-4e0e-b17d-593586b88b99,2026-01-22,2
1E517977-1D13-4CFF-D9FB-08DE514A0403,4d71f5cd-5e03-4e0e-b17d-593586b88b99,2026-01-23,2
6F2B451B-7175-471F-3F42-08DE51662AD5,fa431862-6ab2-46f0-91f3-97ae1452fc85,2026-01-21,2
E0B74BB1-3685-43B4-20DF-08DE51B79D27,1916bf76-0235-4795-91ba-407148f8a703,2026-01-22,2
42E86CE5-3D4D-42EF-20E0-08DE51B79D27,413e6437-7712-4672-8d5f-80a6c94ef119,2026-01-19,2
F93D2641-1D38-46C0-20E1-08DE51B79D27,144bc00f-b27f-49a9-8664-9bcd79ea6975,2026-01-24,2
DA476AB1-E8E0-4077-20E2-08DE51B79D27,144bc00f-b27f-49a9-8664-9bcd79ea6975,2026-01-24,2
EE394D12-1CD8-47A3-20E3-08DE51B79D27,9249db54-a23a-48e5-847d-cae130c90544,2026-01-26,2
CF4E167A-6528-4491-20E4-08DE51B79D27,9249db54-a23a-48e5-847d-cae130c90544,2026-02-07,2
96F3EEA3-BD0F-420F-AA43-08DE51EFF0EB,6663d684-ce88-47ff-a4f7-e40d3b82a13f,2026-01-22,2
FE3A3CB6-0E42-425C-AA44-08DE51EFF0EB,9964c775-c7f7-42d2-9d2c-a75cb68487d1,2026-01-21,2
0AAD4C2A-350E-41DE-AA45-08DE51EFF0EB,c280d18d-86b9-4bba-85e6-2c00472efd9d,2026-01-19,2
C2939849-AAC9-4815-AA46-08DE51EFF0EB,c280d18d-86b9-4bba-85e6-2c00472efd9d,2026-01-21,2
F72C7313-494B-4D94-AA47-08DE51EFF0EB,c280d18d-86b9-4bba-85e6-2c00472efd9d,2026-01-22,2
76B219FD-D713-4784-AA48-08DE51EFF0EB,1ddcffe7-c2ad-4836-a35b-75b12da1d336,2026-01-23,2
6DC76A27-52BC-4D99-AA49-08DE51EFF0EB,27e0791f-5767-4877-b1e4-c80aceb86623,2026-01-23,2
2F4F868C-4F99-4CAD-AA4A-08DE51EFF0EB,0d2b5c5a-8a41-4997-ad20-a604731bb160,2026-05-31,2
6C11E45A-93AF-41BB-AA4B-08DE51EFF0EB,43072b87-23d4-4ad6-88f8-7999ef3c86ca,2026-01-20,2
6A2E489E-0CD4-4D78-AA4C-08DE51EFF0EB,0d2b5c5a-8a41-4997-ad20-a604731bb160,2026-06-07,2
9D537718-A509-4ABD-AA4D-08DE51EFF0EB,43072b87-23d4-4ad6-88f8-7999ef3c86ca,2026-01-23,2
03C6AA03-12E3-4C28-AA4E-08DE51EFF0EB,9964c775-c7f7-42d2-9d2c-a75cb68487d1,2026-01-24,2
43A3BB60-D0F8-4735-AA4F-08DE51EFF0EB,9964c775-c7f7-42d2-9d2c-a75cb68487d1,2026-01-25,2
1A19567E-0FB9-46B3-ED73-08DE52726C89,c5ce5a45-2b0a-40ff-a82f-ea5df6501805,2026-01-19,2
8B0C5C4B-BE74-4B92-ED74-08DE52726C89,c5ce5a45-2b0a-40ff-a82f-ea5df6501805,2026-01-21,2
DB604E56-135C-4A49-ED76-08DE52726C89,c5ce5a45-2b0a-40ff-a82f-ea5df6501805,2026-01-28,2
E3B08488-D1FD-4C59-91B0-08DE5284E16B,2320cb1b-d64f-4486-aabe-9754c12a1d06,2026-01-22,2
A5D63150-CCE3-4246-DBA7-08DE534B8623,c720feeb-93e1-4d88-b275-525f95f377ee,2026-01-29,2
E388B560-A5DE-4609-DBA9-08DE534B8623,f488e272-24db-42ce-9d36-80a013657223,2026-01-24,2
603F6E32-6013-4E35-DBAA-08DE534B8623,9b1e36ac-7e99-4109-b4c6-9a85c1bf7719,2026-01-30,2
08DD4DD4-5B4C-41D7-DBAC-08DE534B8623,1a75df7a-e558-47c6-8af0-033582318b99,2026-02-07,2
7171C572-E8B5-4837-DBAD-08DE534B8623,1a75df7a-e558-47c6-8af0-033582318b99,2026-02-08,2
4234FD01-DAE6-4F45-DBAE-08DE534B8623,d5900ef2-17fd-42da-b9ea-b20a194fec05,2026-01-27,2
958ABA82-8E2D-47D8-DBAF-08DE534B8623,d5900ef2-17fd-42da-b9ea-b20a194fec05,2026-01-31,2
7B9BFDD7-0A20-4705-D07B-08DE5399DEA3,27e0791f-5767-4877-b1e4-c80aceb86623,2026-01-30,2
7DBBF512-3CA6-4A10-23A5-08DE5410855D,9964c775-c7f7-42d2-9d2c-a75cb68487d1,2026-01-26,2
4FD7D825-D9E3-4F68-23A6-08DE5410855D,9964c775-c7f7-42d2-9d2c-a75cb68487d1,2026-01-28,2
F609DDA9-41DF-4354-23A7-08DE5410855D,23585a8f-5bb9-44d7-a5f9-d7498c60ab2c,2026-01-20,1
83C9BFB3-CD89-4929-23A8-08DE5410855D,23585a8f-5bb9-44d7-a5f9-d7498c60ab2c,2026-01-21,1
AE95B279-9DC7-44A5-23A9-08DE5410855D,6548dfd4-e2fb-4d11-8745-1f62d8dd322c,2026-02-05,1
333BB86C-D1B9-4921-23AA-08DE5410855D,6548dfd4-e2fb-4d11-8745-1f62d8dd322c,2026-02-06,1
EDE25C5F-B4BF-451D-23AB-08DE5410855D,6548dfd4-e2fb-4d11-8745-1f62d8dd322c,2026-02-07,1
DAD21DEA-4465-4D61-23AC-08DE5410855D,6548dfd4-e2fb-4d11-8745-1f62d8dd322c,2026-02-09,1
50C76C85-FFDF-4654-23AD-08DE5410855D,2320cb1b-d64f-4486-aabe-9754c12a1d06,2026-02-05,1
773012B5-8C96-4E2F-23AE-08DE5410855D,2320cb1b-d64f-4486-aabe-9754c12a1d06,2026-02-06,1
4C0F8FED-94FF-4F53-23AF-08DE5410855D,2320cb1b-d64f-4486-aabe-9754c12a1d06,2026-02-07,1
A6903682-FB1C-4241-23B0-08DE5410855D,2320cb1b-d64f-4486-aabe-9754c12a1d06,2026-02-09,1
887EFFAB-A283-4338-23B1-08DE5410855D,6548dfd4-e2fb-4d11-8745-1f62d8dd322c,2026-01-23,1
726EEAFC-7B74-4822-23B2-08DE5410855D,6548dfd4-e2fb-4d11-8745-1f62d8dd322c,2026-01-24,1
DC4073FA-3A0D-4C23-23B3-08DE5410855D,6548dfd4-e2fb-4d11-8745-1f62d8dd322c,2026-01-26,1
6420F8CA-BAB9-4474-23B4-08DE5410855D,2c075776-4fd8-49f3-b781-7842bd8156de,2026-01-20,2
2F8FE426-B833-4F18-23B5-08DE5410855D,413e6437-7712-4672-8d5f-80a6c94ef119,2026-01-24,1
D0E496D9-EEA2-44A0-23B6-08DE5410855D,413e6437-7712-4672-8d5f-80a6c94ef119,2026-01-25,1
D7C79023-C37B-4724-23B7-08DE5410855D,413e6437-7712-4672-8d5f-80a6c94ef119,2026-01-26,1
7B8B952A-D33C-49FF-23B8-08DE5410855D,413e6437-7712-4672-8d5f-80a6c94ef119,2026-01-27,1
55934EF3-D468-4E1A-23B9-08DE5410855D,413e6437-7712-4672-8d5f-80a6c94ef119,2026-01-28,1
16C004B9-F400-427E-23BA-08DE5410855D,413e6437-7712-4672-8d5f-80a6c94ef119,2026-01-29,1
53C5B940-873B-4721-23BB-08DE5410855D,413e6437-7712-4672-8d5f-80a6c94ef119,2026-01-30,1
BD9540C4-C1F2-4963-23BC-08DE5410855D,413e6437-7712-4672-8d5f-80a6c94ef119,2026-01-31,1
E424B3E3-7F48-434E-23BD-08DE5410855D,27e0791f-5767-4877-b1e4-c80aceb86623,2026-01-27,2
A6243A86-4C0C-4B7D-23BE-08DE5410855D,38b41087-0565-4dea-8ddf-e3b522a14368,2026-02-07,2
B65E2032-D494-4913-23BF-08DE5410855D,57f57d9a-735a-4bcc-afb6-f2799bd738a4,2026-01-28,2
DEC4DB85-73D2-4301-23C0-08DE5410855D,57f57d9a-735a-4bcc-afb6-f2799bd738a4,2026-01-29,2
8FA958CD-DF66-423D-23C1-08DE5410855D,f538e494-84f3-4ea8-ae3b-f0f142294fbe,2026-02-07,2
CF55F861-EA2E-4AA1-23C2-08DE5410855D,f538e494-84f3-4ea8-ae3b-f0f142294fbe,2026-01-26,2
3D9E8A70-E295-4BCB-A826-08DE54E167F6,144bc00f-b27f-49a9-8664-9bcd79ea6975,2026-02-05,2
67C7473C-860B-4320-A827-08DE54E167F6,144bc00f-b27f-49a9-8664-9bcd79ea6975,2026-02-04,2
BA45141E-83D4-4165-A828-08DE54E167F6,144bc00f-b27f-49a9-8664-9bcd79ea6975,2026-01-31,2
D5F8A7A1-8029-442A-A829-08DE54E167F6,27e0791f-5767-4877-b1e4-c80aceb86623,2026-01-31,1
AD9C3623-B022-4580-A82A-08DE54E167F6,27e0791f-5767-4877-b1e4-c80aceb86623,2026-02-01,1
37C725F4-FD2F-48A3-A82B-08DE54E167F6,27e0791f-5767-4877-b1e4-c80aceb86623,2026-02-02,1
A1139E4C-B992-4C29-A82C-08DE54E167F6,27e0791f-5767-4877-b1e4-c80aceb86623,2026-02-03,1
B88995AB-5771-4DB4-A82D-08DE54E167F6,27e0791f-5767-4877-b1e4-c80aceb86623,2026-02-04,1
BA8E02D1-0C99-48BB-A82E-08DE54E167F6,27e0791f-5767-4877-b1e4-c80aceb86623,2026-02-05,1
F5C69796-7194-42B8-A82F-08DE54E167F6,27e0791f-5767-4877-b1e4-c80aceb86623,2026-02-06,1
72B44758-D382-4107-A830-08DE54E167F6,27e0791f-5767-4877-b1e4-c80aceb86623,2026-02-07,1
248B1D50-DFB2-441F-A831-08DE54E167F6,27e0791f-5767-4877-b1e4-c80aceb86623,2026-02-08,1
E7E84094-3C02-42A2-A832-08DE54E167F6,4da65404-40f7-408c-8831-dec60d86d60b,2026-01-26,2
6A415396-A0D8-41EA-A833-08DE54E167F6,4da65404-40f7-408c-8831-dec60d86d60b,2026-01-27,2
8FE71497-55CB-472D-A220-08DE55C45C57,fa431862-6ab2-46f0-91f3-97ae1452fc85,2026-01-28,2
C773EC48-9980-45A0-A221-08DE55C45C57,fa431862-6ab2-46f0-91f3-97ae1452fc85,2026-01-30,2
EF69C909-69DF-4C83-A223-08DE55C45C57,4d71f5cd-5e03-4e0e-b17d-593586b88b99,2026-01-28,2
25B11AA9-FD30-408A-A224-08DE55C45C57,4d71f5cd-5e03-4e0e-b17d-593586b88b99,2026-01-30,2
6A6325FB-F6B2-4F7D-A225-08DE55C45C57,4d71f5cd-5e03-4e0e-b17d-593586b88b99,2026-01-26,2
7D98C093-96C3-485B-5F83-08DE55E35EA6,c5ce5a45-2b0a-40ff-a82f-ea5df6501805,2026-02-02,2
D7DE5A67-7D32-479A-5F84-08DE55E35EA6,c5ce5a45-2b0a-40ff-a82f-ea5df6501805,2026-02-04,2
7418C83A-12C4-439A-5F85-08DE55E35EA6,c5ce5a45-2b0a-40ff-a82f-ea5df6501805,2026-02-09,2
707B17EF-E16A-4EC5-5F86-08DE55E35EA6,c5ce5a45-2b0a-40ff-a82f-ea5df6501805,2026-02-11,2
F3A4B2E5-6008-4A0E-5F88-08DE55E35EA6,c5ce5a45-2b0a-40ff-a82f-ea5df6501805,2026-02-18,2
B93A4A14-623A-41CD-5F89-08DE55E35EA6,c5ce5a45-2b0a-40ff-a82f-ea5df6501805,2026-02-23,2
B4566045-BAA0-4E02-5F8A-08DE55E35EA6,c5ce5a45-2b0a-40ff-a82f-ea5df6501805,2026-02-25,2
3A2ABF74-EC1F-4FBF-5F8B-08DE55E35EA6,c5ce5a45-2b0a-40ff-a82f-ea5df6501805,2026-02-16,2
A5EB888E-253F-40F5-EC20-08DE56543A54,10005f55-8589-4836-800d-4b8bba0bf675,2026-01-31,2
03305D3F-1734-49F6-EC21-08DE56543A54,10005f55-8589-4836-800d-4b8bba0bf675,2026-02-01,2
8143D787-6152-4F8D-EC22-08DE56543A54,fafe9819-8c58-4398-a1cc-77584270b6ed,2026-02-05,2
1574D6B2-E9BD-4506-FBD7-08DE566C02F2,4da65404-40f7-408c-8831-dec60d86d60b,2026-01-28,2
12187408-3673-450F-FBD8-08DE566C02F2,43072b87-23d4-4ad6-88f8-7999ef3c86ca,2026-01-26,2
7F601C2B-6E3C-4D2A-7128-08DE56988349,57f57d9a-735a-4bcc-afb6-f2799bd738a4,2026-02-01,2
328DDFAE-B634-478E-7129-08DE56988349,57f57d9a-735a-4bcc-afb6-f2799bd738a4,2026-01-26,2
442ABB3A-D150-4AAD-E8E5-08DE56AED85E,925fe8e4-a2de-433d-8c9d-b07fd34a8c36,2026-01-31,2
E0DFB87F-ECD5-41CC-E8E6-08DE56AED85E,925fe8e4-a2de-433d-8c9d-b07fd34a8c36,2026-01-30,2
4EE413CA-CACB-4E16-E8E7-08DE56AED85E,925fe8e4-a2de-433d-8c9d-b07fd34a8c36,2026-02-01,2
37099F7D-DA6D-47BF-E8E8-08DE56AED85E,9b1e36ac-7e99-4109-b4c6-9a85c1bf7719,2026-02-02,2
5EC7E078-C5C1-43D3-E8E9-08DE56AED85E,9b1e36ac-7e99-4109-b4c6-9a85c1bf7719,2026-02-03,2
4C1D596C-BB68-4AA4-E8EA-08DE56AED85E,9b1e36ac-7e99-4109-b4c6-9a85c1bf7719,2026-02-07,2
9F4BBFC9-91B4-43F7-E8EB-08DE56AED85E,2c075776-4fd8-49f3-b781-7842bd8156de,2026-01-27,2
54EAEAD6-FD94-4A99-E8EC-08DE56AED85E,2c075776-4fd8-49f3-b781-7842bd8156de,2026-01-26,2
BC69D3B3-2952-4CC7-E8ED-08DE56AED85E,2c075776-4fd8-49f3-b781-7842bd8156de,2026-01-30,2
0F44DFCE-903F-4382-E8EE-08DE56AED85E,144bc00f-b27f-49a9-8664-9bcd79ea6975,2026-02-07,2
CE4606BB-4DDB-4672-CE15-08DE56CA2263,d71b50b4-750e-4644-9786-becc6520c6d7,2026-01-27,2
6F5774CF-6E65-4A87-CE16-08DE56CA2263,d71b50b4-750e-4644-9786-becc6520c6d7,2026-01-29,2
988238EC-AA62-4D4A-C28F-08DE56F5DE3E,43072b87-23d4-4ad6-88f8-7999ef3c86ca,2026-01-30,2
D2012311-CAE8-43D1-5F6B-08DE571ABAB8,43072b87-23d4-4ad6-88f8-7999ef3c86ca,2026-01-27,2
7FCD95F9-76B8-4D9A-0C2B-08DE571DEEAE,43072b87-23d4-4ad6-88f8-7999ef3c86ca,2026-01-31,2
02D4DC91-6AF1-4215-0C2C-08DE571DEEAE,c5ce5a45-2b0a-40ff-a82f-ea5df6501805,2026-01-30,2
A10B9C0B-074D-47B6-0C2D-08DE571DEEAE,299503c0-1a91-43dd-8b64-b2b35f44afd6,2026-01-26,2
4825541F-2A27-4202-0C2E-08DE571DEEAE,299503c0-1a91-43dd-8b64-b2b35f44afd6,2026-01-28,2
E99751D6-A9E4-44DB-0C2F-08DE571DEEAE,299503c0-1a91-43dd-8b64-b2b35f44afd6,2026-01-31,2
3BD2B1F6-4426-49D4-0C30-08DE571DEEAE,9c1113fb-90f9-4b8b-8fdd-bcc7b6b5365b,2026-02-01,2
B15A9348-C4D0-4B68-0C31-08DE571DEEAE,7afecb62-aa18-4106-a82b-a906fa7e488d,2026-01-28,2
C206AC6D-4978-4DB1-0C32-08DE571DEEAE,7afecb62-aa18-4106-a82b-a906fa7e488d,2026-01-29,2
2C721DB1-196B-4C85-0C33-08DE571DEEAE,7afecb62-aa18-4106-a82b-a906fa7e488d,2026-01-30,2
14E382F5-2427-4674-0C34-08DE571DEEAE,fa431862-6ab2-46f0-91f3-97ae1452fc85,2026-02-01,2
6F9418D6-F0B8-4237-0C35-08DE571DEEAE,1641a578-00b2-4973-955d-095bc254d709,2026-01-26,2
580658F0-9726-46DB-0C36-08DE571DEEAE,1641a578-00b2-4973-955d-095bc254d709,2026-01-28,2
EFED5497-ACCF-416D-0C37-08DE571DEEAE,1641a578-00b2-4973-955d-095bc254d709,2026-01-29,2
06AE24F5-3B1D-441E-BE62-08DE5774990B,1b96029f-d249-4657-97e1-ce4086f265fc,2026-02-04,2
F0A88EC3-48B8-42F2-BE63-08DE5774990B,925fe8e4-a2de-433d-8c9d-b07fd34a8c36,2026-02-14,2
21B88899-A438-4D41-BE64-08DE5774990B,925fe8e4-a2de-433d-8c9d-b07fd34a8c36,2026-02-15,2
7F9927AF-2373-4F16-BE65-08DE5774990B,6663d684-ce88-47ff-a4f7-e40d3b82a13f,2026-01-27,2
86B077B9-131E-4F24-BE66-08DE5774990B,1916bf76-0235-4795-91ba-407148f8a703,2026-02-01,2
E0D6EA6C-CA22-4C21-BE67-08DE5774990B,f488e272-24db-42ce-9d36-80a013657223,2026-01-31,2
BCBA1517-FA2A-4E62-BE68-08DE5774990B,1916bf76-0235-4795-91ba-407148f8a703,2026-02-03,2
EBEEE355-ACB0-4B26-BE69-08DE5774990B,c280d18d-86b9-4bba-85e6-2c00472efd9d,2026-01-26,2
63FF1108-0DF2-484C-BE6A-08DE5774990B,c280d18d-86b9-4bba-85e6-2c00472efd9d,2026-01-29,2
F8DF023C-0D7C-40FF-BE6B-08DE5774990B,c280d18d-86b9-4bba-85e6-2c00472efd9d,2026-02-01,2
2FB54268-C896-4AA5-BE6C-08DE5774990B,6663d684-ce88-47ff-a4f7-e40d3b82a13f,2026-02-03,2
E559CE9D-2B83-4AD7-BE6D-08DE5774990B,6663d684-ce88-47ff-a4f7-e40d3b82a13f,2026-02-05,2
787368E3-FB5C-45FF-BE6E-08DE5774990B,6663d684-ce88-47ff-a4f7-e40d3b82a13f,2026-02-08,2
943F6D50-7687-42FB-AA6E-08DE57A6E726,144bc00f-b27f-49a9-8664-9bcd79ea6975,2026-02-01,2
9E17E373-4234-4403-55B1-08DE5835AB0D,1b96029f-d249-4657-97e1-ce4086f265fc,2026-02-06,2
20009DD0-BB57-4840-737E-08DE588EC084,fafe9819-8c58-4398-a1cc-77584270b6ed,2026-02-06,2
69F2E467-A274-4651-737F-08DE588EC084,fafe9819-8c58-4398-a1cc-77584270b6ed,2026-02-10,2
137214A9-F2B0-4D31-7380-08DE588EC084,fafe9819-8c58-4398-a1cc-77584270b6ed,2026-02-14,2
3E3CAB07-C321-4800-59BE-08DE58C5A447,57f57d9a-735a-4bcc-afb6-f2799bd738a4,2026-02-02,2
B842A00B-E19A-4218-59BF-08DE58C5A447,c5ce5a45-2b0a-40ff-a82f-ea5df6501805,2026-01-26,2
01319F5A-DB9E-49D2-59C0-08DE58C5A447,f488e272-24db-42ce-9d36-80a013657223,2026-02-19,2
DE966689-CEFC-4911-39C8-08DE598A14AD,23585a8f-5bb9-44d7-a5f9-d7498c60ab2c,2026-01-28,1
ECECFAF8-37D7-4FBB-39C9-08DE598A14AD,23585a8f-5bb9-44d7-a5f9-d7498c60ab2c,2026-01-29,1
51F16E20-9784-4957-0BB4-08DE59B4FFB7,95bf29ca-f6b4-4fbb-88b1-46de45dcf625,2026-02-04,2
5D7D83FF-571B-4AAE-0BB5-08DE59B4FFB7,95bf29ca-f6b4-4fbb-88b1-46de45dcf625,2026-02-08,2
89E76D43-93CB-41C2-0BB6-08DE59B4FFB7,95bf29ca-f6b4-4fbb-88b1-46de45dcf625,2026-02-23,1
CC4A98A2-8590-412B-0BB7-08DE59B4FFB7,1916bf76-0235-4795-91ba-407148f8a703,2026-02-06,2
B33A4E60-585D-4884-0BB8-08DE59B4FFB7,95bf29ca-f6b4-4fbb-88b1-46de45dcf625,2026-04-23,1
10E4155E-3450-4437-0BB9-08DE59B4FFB7,95bf29ca-f6b4-4fbb-88b1-46de45dcf625,2026-04-24,1
F9C92DDE-B2F3-494B-0BBA-08DE59B4FFB7,95bf29ca-f6b4-4fbb-88b1-46de45dcf625,2026-04-25,1
670B1A6E-25A0-46F2-0BBB-08DE59B4FFB7,95bf29ca-f6b4-4fbb-88b1-46de45dcf625,2026-04-26,1
A8B00B9C-2808-4B2C-0BBC-08DE59B4FFB7,95bf29ca-f6b4-4fbb-88b1-46de45dcf625,2026-04-27,1
B3610BCB-94DF-4DE2-0BBD-08DE59B4FFB7,f488e272-24db-42ce-9d36-80a013657223,2026-02-05,2
08AF835D-3AC6-4C42-0BBE-08DE59B4FFB7,c720feeb-93e1-4d88-b275-525f95f377ee,2026-02-02,2
F0592512-6DB5-4A9E-0BBF-08DE59B4FFB7,c720feeb-93e1-4d88-b275-525f95f377ee,2026-02-04,2
73D01F01-F65F-494B-0BC0-08DE59B4FFB7,c720feeb-93e1-4d88-b275-525f95f377ee,2026-02-08,2
3A43E75D-DAC6-4166-0BC1-08DE59B4FFB7,1ddcffe7-c2ad-4836-a35b-75b12da1d336,2026-02-07,2
1723AE6D-6C99-4137-0BC2-08DE59B4FFB7,1ddcffe7-c2ad-4836-a35b-75b12da1d336,2026-02-15,2
0BE24474-7BF6-44B2-0BC3-08DE59B4FFB7,1ddcffe7-c2ad-4836-a35b-75b12da1d336,2026-02-16,2
0EFB93F5-3EB8-4E38-0BC4-08DE59B4FFB7,b8eaaef1-8890-4d24-8c6c-3db23f8812a0,2026-02-05,2
1846A1A2-7930-4307-0BC5-08DE59B4FFB7,b8eaaef1-8890-4d24-8c6c-3db23f8812a0,2026-02-06,2
49DA4440-937E-4A98-4312-08DE5A5037CE,b5ca6829-6ac9-4e18-96d7-3282ff6f3250,2026-02-12,2
A243EB2E-C75A-42DC-4313-08DE5A5037CE,b5ca6829-6ac9-4e18-96d7-3282ff6f3250,2026-02-20,2
2F354ACC-8B50-4E01-7EC2-08DE5A5C331C,b5ca6829-6ac9-4e18-96d7-3282ff6f3250,2026-02-11,2
F6B578B2-5C65-4B9D-7EC3-08DE5A5C331C,9c1113fb-90f9-4b8b-8fdd-bcc7b6b5365b,2026-02-08,2
8EA16231-6FF9-4366-7EC4-08DE5A5C331C,b8eaaef1-8890-4d24-8c6c-3db23f8812a0,2026-02-09,1
FD10F43F-1770-4D66-7EC5-08DE5A5C331C,ff7cc517-15bb-4dc9-a941-2902d92fc311,2026-02-09,2
7716A86E-7D0E-4298-7EC6-08DE5A5C331C,23585a8f-5bb9-44d7-a5f9-d7498c60ab2c,2026-02-24,2
7EC4190C-6389-4FC3-7EC8-08DE5A5C331C,8d97501c-e7a6-46e6-9882-10ee0dea5a69,2026-02-14,2
452F9A1C-95CB-491C-7EC9-08DE5A5C331C,925fe8e4-a2de-433d-8c9d-b07fd34a8c36,2026-02-03,2
FB611179-AEC1-4279-CEC5-08DE5AD3860F,ff7cc517-15bb-4dc9-a941-2902d92fc311,2026-02-06,2
EC42AE79-BA9E-4F22-CEC6-08DE5AD3860F,ff7cc517-15bb-4dc9-a941-2902d92fc311,2026-02-12,2
97293A29-FF7B-4A1A-86CE-08DE5B63B7CB,ab577efb-8d05-4666-a51a-6b95edc5ec45,2026-02-05,2
4EBCB5C9-C527-403B-C05A-08DE5BBEF779,4d71f5cd-5e03-4e0e-b17d-593586b88b99,2026-02-03,2
EF4DA126-7151-4E46-C05B-08DE5BBEF779,4d71f5cd-5e03-4e0e-b17d-593586b88b99,2026-02-05,2
AF2F6390-C546-42BF-C05C-08DE5BBEF779,4d71f5cd-5e03-4e0e-b17d-593586b88b99,2026-02-06,2
88BFF793-AAD4-4EEC-C6B9-08DE5BFFD323,c5ce5a45-2b0a-40ff-a82f-ea5df6501805,2026-02-15,2
B4B7AA64-4E02-46EA-C6BA-08DE5BFFD323,c5ce5a45-2b0a-40ff-a82f-ea5df6501805,2026-02-28,2
B153F67E-1890-4429-C6BB-08DE5BFFD323,fa431862-6ab2-46f0-91f3-97ae1452fc85,2026-02-07,2
DDD55502-97C6-4ACE-6CF5-08DE5C21B7C3,1641a578-00b2-4973-955d-095bc254d709,2026-02-02,2
38293BF4-BB38-4980-6CF6-08DE5C21B7C3,1641a578-00b2-4973-955d-095bc254d709,2026-02-04,2
831C328B-A469-4ED0-6CF7-08DE5C21B7C3,1641a578-00b2-4973-955d-095bc254d709,2026-02-05,2
9BFD28AB-5225-4E84-6CF8-08DE5C21B7C3,1641a578-00b2-4973-955d-095bc254d709,2026-02-07,2
FE9D6DAD-2029-4D63-6CF9-08DE5C21B7C3,d5900ef2-17fd-42da-b9ea-b20a194fec05,2026-02-08,2
5A8A9E31-D0B2-4B98-6CFA-08DE5C21B7C3,b5ca6829-6ac9-4e18-96d7-3282ff6f3250,2026-02-24,2
B685C5A0-1714-4184-6CFB-08DE5C21B7C3,43072b87-23d4-4ad6-88f8-7999ef3c86ca,2026-02-07,2
CDDA3FB1-850A-490E-6CFC-08DE5C21B7C3,43072b87-23d4-4ad6-88f8-7999ef3c86ca,2026-02-05,2
A97007C1-4D4F-42AD-6CFD-08DE5C21B7C3,43072b87-23d4-4ad6-88f8-7999ef3c86ca,2026-02-02,2
BADD8272-8750-4F26-6CFE-08DE5C21B7C3,ff7cc517-15bb-4dc9-a941-2902d92fc311,2026-02-21,1
8DBA727C-CAFE-407B-6CFF-08DE5C21B7C3,ff7cc517-15bb-4dc9-a941-2902d92fc311,2026-02-22,1
EF1AAED8-A500-406E-6FBB-08DE5C4D28BA,ff7cc517-15bb-4dc9-a941-2902d92fc311,2026-02-14,2
FD556276-FB99-4056-77E5-08DE5CAC9ECB,144bc00f-b27f-49a9-8664-9bcd79ea6975,2026-02-08,2
AB91F204-C94A-4007-77E6-08DE5CAC9ECB,57f57d9a-735a-4bcc-afb6-f2799bd738a4,2026-02-08,2
7CE341B8-02DE-4968-77E7-08DE5CAC9ECB,57f57d9a-735a-4bcc-afb6-f2799bd738a4,2026-02-09,2
885C872F-65C0-4564-77E8-08DE5CAC9ECB,57f57d9a-735a-4bcc-afb6-f2799bd738a4,2026-02-11,2
BAB0BB62-4F90-4A4D-77E9-08DE5CAC9ECB,2c075776-4fd8-49f3-b781-7842bd8156de,2026-02-02,2
903C82B0-FD16-426D-77EA-08DE5CAC9ECB,11838d58-5415-42bd-8c7f-3bef4f9db2aa,2026-02-03,2
61A6B7C6-84C2-4223-77EC-08DE5CAC9ECB,2c075776-4fd8-49f3-b781-7842bd8156de,2026-02-03,2
CB2DF301-8AFF-455F-77ED-08DE5CAC9ECB,4da65404-40f7-408c-8831-dec60d86d60b,2026-02-05,2
C073E092-BFBD-4B10-77EE-08DE5CAC9ECB,4da65404-40f7-408c-8831-dec60d86d60b,2026-02-07,2
78AF4B90-FFBF-4451-77EF-08DE5CAC9ECB,11838d58-5415-42bd-8c7f-3bef4f9db2aa,2026-02-04,2
6B4D03E7-8AF1-49B3-77F0-08DE5CAC9ECB,2c075776-4fd8-49f3-b781-7842bd8156de,2026-02-06,2
460FB7E1-AAA6-4BBA-77F1-08DE5CAC9ECB,c280d18d-86b9-4bba-85e6-2c00472efd9d,2026-02-02,2
CA9E86B1-36BC-43B8-77F2-08DE5CAC9ECB,c280d18d-86b9-4bba-85e6-2c00472efd9d,2026-02-05,2
A17389DE-9D38-4107-77F3-08DE5CAC9ECB,c280d18d-86b9-4bba-85e6-2c00472efd9d,2026-02-07,2
92048FF3-FCCE-4499-77F4-08DE5CAC9ECB,1ddcffe7-c2ad-4836-a35b-75b12da1d336,2026-02-03,2
578E8D27-0140-46DD-77F5-08DE5CAC9ECB,c71ec1ec-5e2b-4c33-8c89-de5897a207a6,2026-02-20,2
A86380C2-9DE6-4E79-77F6-08DE5CAC9ECB,d71b50b4-750e-4644-9786-becc6520c6d7,2026-02-07,2
9D413D24-C302-4E96-77F7-08DE5CAC9ECB,d71b50b4-750e-4644-9786-becc6520c6d7,2026-02-06,2
F35958F7-6409-46F7-77F8-08DE5CAC9ECB,d71b50b4-750e-4644-9786-becc6520c6d7,2026-02-08,2
0DB041C1-385D-4115-7ECF-08DE5D2526A5,9964c775-c7f7-42d2-9d2c-a75cb68487d1,2026-02-07,2
95559EC0-A27C-4DE9-1BDB-08DE5D7527F5,ff7cc517-15bb-4dc9-a941-2902d92fc311,2026-02-24,2
C4BA7111-7EEB-4449-1BDC-08DE5D7527F5,925fe8e4-a2de-433d-8c9d-b07fd34a8c36,2026-02-20,2
EBA0D564-E677-4ADA-1BDD-08DE5D7527F5,57f57d9a-735a-4bcc-afb6-f2799bd738a4,2026-02-20,2
127FAF25-7C8C-425F-1BE2-08DE5D7527F5,57f57d9a-735a-4bcc-afb6-f2799bd738a4,2026-02-21,2
375F267E-0FEF-4214-1BE3-08DE5D7527F5,1a75df7a-e558-47c6-8af0-033582318b99,2026-02-03,2
E4555642-7B98-439A-1BE5-08DE5D7527F5,1b96029f-d249-4657-97e1-ce4086f265fc,2026-02-20,2
66DD95B7-4E4D-4EEB-1BE6-08DE5D7527F5,1b96029f-d249-4657-97e1-ce4086f265fc,2026-02-19,2
56E3632B-0565-420F-1BE7-08DE5D7527F5,1ddcffe7-c2ad-4836-a35b-75b12da1d336,2026-02-17,1
24D0CFBC-4658-4397-1BE8-08DE5D7527F5,1ddcffe7-c2ad-4836-a35b-75b12da1d336,2026-02-18,1
CE18C070-09CF-4D3D-1BE9-08DE5D7527F5,1ddcffe7-c2ad-4836-a35b-75b12da1d336,2026-02-19,1
C15F551D-91C4-41F1-1BEA-08DE5D7527F5,1ddcffe7-c2ad-4836-a35b-75b12da1d336,2026-02-20,1
B8E1BBB1-C958-43ED-1BEB-08DE5D7527F5,38b41087-0565-4dea-8ddf-e3b522a14368,2026-02-14,2
A725D9F4-FE38-4224-1BEC-08DE5D7527F5,38b41087-0565-4dea-8ddf-e3b522a14368,2026-02-15,2
D31B4CF3-603F-42E3-1BEE-08DE5D7527F5,38b41087-0565-4dea-8ddf-e3b522a14368,2026-02-21,2
C1065583-2C9E-4C40-1BEF-08DE5D7527F5,38b41087-0565-4dea-8ddf-e3b522a14368,2026-02-25,2
53CC2A3F-9A13-4C52-1BF0-08DE5D7527F5,38b41087-0565-4dea-8ddf-e3b522a14368,2026-02-26,2
92EC1A35-8D2E-4085-1BF1-08DE5D7527F5,fafe9819-8c58-4398-a1cc-77584270b6ed,2026-02-12,2
2DC6BB46-D796-4D16-8C8C-08DE5DC8B479,4da65404-40f7-408c-8831-dec60d86d60b,2026-02-08,1
9854C107-E0BC-4435-8C8D-08DE5DC8B479,4da65404-40f7-408c-8831-dec60d86d60b,2026-02-09,1
F10856E1-38DB-4179-8C8E-08DE5DC8B479,4da65404-40f7-408c-8831-dec60d86d60b,2026-02-10,1
E3935465-81C8-4A5F-8C8F-08DE5DC8B479,4da65404-40f7-408c-8831-dec60d86d60b,2026-02-11,1
3632D166-E038-4CB7-8C90-08DE5DC8B479,4da65404-40f7-408c-8831-dec60d86d60b,2026-02-12,1
E0B9C3BC-B917-4D24-8C91-08DE5DC8B479,4da65404-40f7-408c-8831-dec60d86d60b,2026-02-13,1
642D7D9E-A44F-4620-8C92-08DE5DC8B479,4da65404-40f7-408c-8831-dec60d86d60b,2026-02-14,1
0280CEC8-6034-4F9D-8C93-08DE5DC8B479,4da65404-40f7-408c-8831-dec60d86d60b,2026-02-15,1
69BC4C2A-3743-4F43-8C94-08DE5DC8B479,f488e272-24db-42ce-9d36-80a013657223,2026-02-18,2
412ADF7D-5F22-4577-172A-08DE5E57AB6E,0fac737b-0e61-46db-a27a-52730d65cb9a,2026-02-03,2
D45FD91B-096B-4E7B-172B-08DE5E57AB6E,0fac737b-0e61-46db-a27a-52730d65cb9a,2026-02-05,2
0C27B6F3-CC84-429D-D05C-08DE5E918256,d5900ef2-17fd-42da-b9ea-b20a194fec05,2026-02-09,2
9C7311BE-271A-409C-F26B-08DE5F08DDA7,27e0791f-5767-4877-b1e4-c80aceb86623,2026-02-11,2
6B938BD6-0282-447B-F26C-08DE5F08DDA7,27e0791f-5767-4877-b1e4-c80aceb86623,2026-02-10,2
156523C6-DE96-40EE-F26D-08DE5F08DDA7,27e0791f-5767-4877-b1e4-c80aceb86623,2026-02-14,2
B24C7FCD-AECB-4C6F-F26E-08DE5F08DDA7,27e0791f-5767-4877-b1e4-c80aceb86623,2026-02-20,2
AD1BCF14-D01B-40D9-F26F-08DE5F08DDA7,27e0791f-5767-4877-b1e4-c80aceb86623,2026-02-21,2
3942B64E-70EB-497A-F270-08DE5F08DDA7,c720feeb-93e1-4d88-b275-525f95f377ee,2026-02-09,2
6AF14E5A-0C34-4B54-F271-08DE5F08DDA7,c720feeb-93e1-4d88-b275-525f95f377ee,2026-02-14,2
B6D06DF4-A53D-44DD-C602-08DE5FD440DA,f488e272-24db-42ce-9d36-80a013657223,2026-02-10,2
E6A44A43-F94F-4C4D-C603-08DE5FD440DA,ab577efb-8d05-4666-a51a-6b95edc5ec45,2026-02-15,2
C1810A6D-1538-46F1-C604-08DE5FD440DA,ab577efb-8d05-4666-a51a-6b95edc5ec45,2026-02-17,2
9E611B25-3E37-46B8-C606-08DE5FD440DA,ff7cc517-15bb-4dc9-a941-2902d92fc311,2026-02-27,2
EA71EBD3-01D7-4745-C608-08DE5FD440DA,c5ce5a45-2b0a-40ff-a82f-ea5df6501805,2026-02-14,2
E963C50F-3FD1-456C-C609-08DE5FD440DA,c5ce5a45-2b0a-40ff-a82f-ea5df6501805,2026-03-01,2
E079C506-42C0-48ED-C60A-08DE5FD440DA,95bf29ca-f6b4-4fbb-88b1-46de45dcf625,2026-02-10,2
922137B1-619A-46DD-C60B-08DE5FD440DA,d71b50b4-750e-4644-9786-becc6520c6d7,2026-02-11,2
97814213-CA95-49E4-C60C-08DE5FD440DA,d71b50b4-750e-4644-9786-becc6520c6d7,2026-02-12,2
6FEAF792-E143-40D7-C60D-08DE5FD440DA,d71b50b4-750e-4644-9786-becc6520c6d7,2026-02-14,2
83BE7C45-50E4-4569-65A4-08DE6094A06A,1916bf76-0235-4795-91ba-407148f8a703,2026-02-09,2
F6443C62-4B7C-4BD7-65A5-08DE6094A06A,1916bf76-0235-4795-91ba-407148f8a703,2026-02-24,2
FEE2E704-95DA-446D-65A6-08DE6094A06A,144bc00f-b27f-49a9-8664-9bcd79ea6975,2026-02-13,2
8405EAF1-B233-480C-65A7-08DE6094A06A,157e4c9d-980e-4897-ad5f-f4c5c301f195,2026-02-09,1
A865EB98-CC93-474A-65A8-08DE6094A06A,6663d684-ce88-47ff-a4f7-e40d3b82a13f,2026-02-17,2
2F4C92BA-9A80-4387-65A9-08DE6094A06A,6663d684-ce88-47ff-a4f7-e40d3b82a13f,2026-02-20,2
FD4F2B0E-E4AC-47E3-65AA-08DE6094A06A,6663d684-ce88-47ff-a4f7-e40d3b82a13f,2026-02-09,2
CF4452A4-E061-4A83-65AB-08DE6094A06A,b5ca6829-6ac9-4e18-96d7-3282ff6f3250,2026-02-10,2
09CD0259-944B-40D8-65AC-08DE6094A06A,38b41087-0565-4dea-8ddf-e3b522a14368,2026-02-20,2
376C9B4E-9556-4DD5-65AD-08DE6094A06A,fa431862-6ab2-46f0-91f3-97ae1452fc85,2026-02-09,2
4D2E5BED-B290-4AD1-65AE-08DE6094A06A,fa431862-6ab2-46f0-91f3-97ae1452fc85,2026-02-13,2
7DB83F78-7352-4B60-65AF-08DE6094A06A,fa431862-6ab2-46f0-91f3-97ae1452fc85,2026-02-10,2
DE59C8E4-129C-4D47-5E63-08DE60E19CCD,9964c775-c7f7-42d2-9d2c-a75cb68487d1,2026-02-11,2
E0FFA83A-2A20-417E-F2E6-08DE61298CED,1ddcffe7-c2ad-4836-a35b-75b12da1d336,2026-02-21,2
F914A8B9-C958-4D27-FE94-08DE61570C13,1ddcffe7-c2ad-4836-a35b-75b12da1d336,2026-02-27,2
E6348519-B13D-486C-FE95-08DE61570C13,1ddcffe7-c2ad-4836-a35b-75b12da1d336,2026-02-28,2
82728C27-52D4-4306-FE96-08DE61570C13,1641a578-00b2-4973-955d-095bc254d709,2026-02-10,2
A13578DC-1F80-40FA-FE97-08DE61570C13,1641a578-00b2-4973-955d-095bc254d709,2026-02-12,2
FBC8ED74-61CF-4007-390D-08DE61779CCE,2c075776-4fd8-49f3-b781-7842bd8156de,2026-02-11,2
C1C18A55-C1DE-461E-390E-08DE61779CCE,2c075776-4fd8-49f3-b781-7842bd8156de,2026-02-13,2
7C1249F7-E9F8-4647-390F-08DE61779CCE,2c075776-4fd8-49f3-b781-7842bd8156de,2026-02-10,2
D44E7F23-3B52-4F2A-B36F-08DE61954216,a4ad082b-fd58-4e76-9864-5a0339b700be,2026-02-11,2
731DCE9A-276A-4CD7-B370-08DE61954216,c71ec1ec-5e2b-4c33-8c89-de5897a207a6,2026-03-28,2
2FF4C67C-4789-4496-B371-08DE61954216,c71ec1ec-5e2b-4c33-8c89-de5897a207a6,2026-02-11,2
26A16900-2AB9-4360-B372-08DE61954216,c71ec1ec-5e2b-4c33-8c89-de5897a207a6,2026-02-12,2
56B63A4C-B2BF-4BFE-D67D-08DE61BBC9AD,43072b87-23d4-4ad6-88f8-7999ef3c86ca,2026-02-14,2
E1684258-1BAC-4263-D67E-08DE61BBC9AD,43072b87-23d4-4ad6-88f8-7999ef3c86ca,2026-02-09,2
2F87A469-ED36-47E8-D67F-08DE61BBC9AD,43072b87-23d4-4ad6-88f8-7999ef3c86ca,2026-02-12,2
CF9C8986-2FC3-4E3D-58F2-08DE622A58C0,c720feeb-93e1-4d88-b275-525f95f377ee,2026-02-15,2
3E081B18-B348-4A09-58F3-08DE622A58C0,299503c0-1a91-43dd-8b64-b2b35f44afd6,2026-02-09,2
30F25C3F-D126-46E4-58F4-08DE622A58C0,299503c0-1a91-43dd-8b64-b2b35f44afd6,2026-02-11,2
02D81DB3-1259-4E4F-58F5-08DE622A58C0,0fac737b-0e61-46db-a27a-52730d65cb9a,2026-02-10,2
138EA346-F3C0-4172-58F6-08DE622A58C0,0fac737b-0e61-46db-a27a-52730d65cb9a,2026-02-12,2
074A3E27-C6DF-4654-58F7-08DE622A58C0,0fac737b-0e61-46db-a27a-52730d65cb9a,2026-02-14,2
BC832F8E-D91A-4CC4-58F8-08DE622A58C0,f538e494-84f3-4ea8-ae3b-f0f142294fbe,2026-02-12,1
4A557EC3-4057-4B18-58F9-08DE622A58C0,f538e494-84f3-4ea8-ae3b-f0f142294fbe,2026-02-09,2
6E94CE56-FB2B-4B74-58FA-08DE622A58C0,477951d3-95b8-4933-ad3b-ae6f86eafc55,2026-03-01,2
6052D044-743E-4AE5-58FB-08DE622A58C0,9964c775-c7f7-42d2-9d2c-a75cb68487d1,2026-02-15,2
B53001F7-8B59-4B22-58FC-08DE622A58C0,2320cb1b-d64f-4486-aabe-9754c12a1d06,2026-02-19,2
B52F0274-CA35-4065-58FD-08DE622A58C0,4da65404-40f7-408c-8831-dec60d86d60b,2026-02-17,2
CF776883-6EC2-4B56-58FE-08DE622A58C0,4da65404-40f7-408c-8831-dec60d86d60b,2026-02-18,2
2EF432F9-047A-43E3-58FF-08DE622A58C0,4da65404-40f7-408c-8831-dec60d86d60b,2026-02-22,2
CD65554E-3453-465F-2907-08DE626CCFF7,9c1113fb-90f9-4b8b-8fdd-bcc7b6b5365b,2026-02-13,2
E2692972-3A05-44AC-2908-08DE626CCFF7,4d71f5cd-5e03-4e0e-b17d-593586b88b99,2026-02-11,2
22B48FE3-AC62-459A-2909-08DE626CCFF7,4d71f5cd-5e03-4e0e-b17d-593586b88b99,2026-02-13,2
61012C21-ACAC-41DD-290B-08DE626CCFF7,ff7cc517-15bb-4dc9-a941-2902d92fc311,2026-03-03,2
7F42EFAB-2FA6-40DA-290C-08DE626CCFF7,ff7cc517-15bb-4dc9-a941-2902d92fc311,2026-02-16,2
3C1BE56E-4782-47F0-290D-08DE626CCFF7,ff7cc517-15bb-4dc9-a941-2902d92fc311,2026-03-07,2
3ACB0D3E-EA0C-4655-290E-08DE626CCFF7,ff7cc517-15bb-4dc9-a941-2902d92fc311,2026-03-12,2
698EF726-E217-4519-290F-08DE626CCFF7,ff7cc517-15bb-4dc9-a941-2902d92fc311,2026-03-14,2
E70B29F9-8368-4EBD-2910-08DE626CCFF7,ff7cc517-15bb-4dc9-a941-2902d92fc311,2026-02-14,2
2FD1EFBD-D04F-487B-2911-08DE626CCFF7,4d71f5cd-5e03-4e0e-b17d-593586b88b99,2026-02-10,2
ECA95029-E93F-42C7-2912-08DE626CCFF7,144bc00f-b27f-49a9-8664-9bcd79ea6975,2026-02-15,2
502FB38A-144E-4690-AC85-08DE631948F4,144bc00f-b27f-49a9-8664-9bcd79ea6975,2026-02-18,2
C4D0FD14-E162-45C1-AC87-08DE631948F4,23585a8f-5bb9-44d7-a5f9-d7498c60ab2c,2026-02-10,2
8AD919F4-0EB6-4220-51BD-08DE634676AA,7e88a351-8bd2-4db4-8d56-1cdf9734e9a7,2026-03-10,1
8DA8F0BB-57FA-448B-51BE-08DE634676AA,7e88a351-8bd2-4db4-8d56-1cdf9734e9a7,2026-03-11,1
60E69F0B-2A5E-4A5D-51BF-08DE634676AA,7e88a351-8bd2-4db4-8d56-1cdf9734e9a7,2026-03-12,1
F3A0549B-244C-4D48-51C0-08DE634676AA,f538e494-84f3-4ea8-ae3b-f0f142294fbe,2026-06-26,1
416C2648-AC22-4BDE-51C1-08DE634676AA,f538e494-84f3-4ea8-ae3b-f0f142294fbe,2026-06-27,2
71AD58F7-3CD0-47BF-51C2-08DE634676AA,f538e494-84f3-4ea8-ae3b-f0f142294fbe,2026-06-27,2
4A43FAA2-7925-4595-51C3-08DE634676AA,f538e494-84f3-4ea8-ae3b-f0f142294fbe,2026-06-27,2
D7A525B3-28F8-4135-2547-08DE63C7B784,f488e272-24db-42ce-9d36-80a013657223,2026-02-09,2
8DFBA73E-FAAE-4018-2548-08DE63C7B784,7afecb62-aa18-4106-a82b-a906fa7e488d,2026-02-09,2
155AE6A5-28A6-4526-2549-08DE63C7B784,7afecb62-aa18-4106-a82b-a906fa7e488d,2026-02-11,2
5730336F-2850-4A09-254A-08DE63C7B784,c280d18d-86b9-4bba-85e6-2c00472efd9d,2026-02-11,2
6011AC6F-887F-434C-254B-08DE63C7B784,c280d18d-86b9-4bba-85e6-2c00472efd9d,2026-02-13,2
7AADFFF0-FA04-48C5-254C-08DE63C7B784,d1123909-9ea0-46ac-b6bc-cd79543a0267,2026-02-11,2
C1566523-3847-4211-254D-08DE63C7B784,d1123909-9ea0-46ac-b6bc-cd79543a0267,2026-02-10,2
9F0B22CC-789D-43DD-254E-08DE63C7B784,d1123909-9ea0-46ac-b6bc-cd79543a0267,2026-02-14,2
0C0590BF-7A7F-4EFE-254F-08DE63C7B784,ff7cc517-15bb-4dc9-a941-2902d92fc311,2026-02-19,2
0C7DAA22-4DAE-4910-2550-08DE63C7B784,ff7cc517-15bb-4dc9-a941-2902d92fc311,2026-02-26,2
90903947-367C-49F6-7C98-08DE64042F11,ff7cc517-15bb-4dc9-a941-2902d92fc311,2026-02-24,1
71C4493B-0B5B-4374-7C99-08DE64042F11,fafe9819-8c58-4398-a1cc-77584270b6ed,2026-02-20,2
40E5A814-52DC-41F0-7C9A-08DE64042F11,fafe9819-8c58-4398-a1cc-77584270b6ed,2026-02-19,2
F7BE0FC0-DDD4-4D23-D6A5-08DE647D86F1,d5900ef2-17fd-42da-b9ea-b20a194fec05,2026-02-17,2
A0CB739D-E3AA-407D-D6A6-08DE647D86F1,d5900ef2-17fd-42da-b9ea-b20a194fec05,2026-02-22,2
A7016181-C31F-4C1F-5AF3-08DE64858AF3,1a75df7a-e558-47c6-8af0-033582318b99,2026-02-17,2
32EE2FAC-AD80-4827-5AF4-08DE64858AF3,1a75df7a-e558-47c6-8af0-033582318b99,2026-02-19,2
8F4A1D87-B59D-4D70-5AF5-08DE64858AF3,1a75df7a-e558-47c6-8af0-033582318b99,2026-02-24,2
0DB41978-BA98-41AC-5AF6-08DE64858AF3,1a75df7a-e558-47c6-8af0-033582318b99,2026-02-10,2
F61407E3-9F85-4867-5AF7-08DE64858AF3,1a75df7a-e558-47c6-8af0-033582318b99,2026-02-12,2
30324641-E299-4781-5AF8-08DE64858AF3,8d97501c-e7a6-46e6-9882-10ee0dea5a69,2026-02-10,2
9F2E7376-7574-4E81-5AF9-08DE64858AF3,8d97501c-e7a6-46e6-9882-10ee0dea5a69,2026-02-11,2
2131254D-0E35-4F5C-5AFA-08DE64858AF3,8b9bd17e-0e24-43f0-81f3-854b0464555f,2026-01-08,1
ADCA5FBF-C7EB-43CF-5AFB-08DE64858AF3,8b9bd17e-0e24-43f0-81f3-854b0464555f,2026-01-09,1
03728DE3-5D76-4110-5AFC-08DE64858AF3,8b9bd17e-0e24-43f0-81f3-854b0464555f,2026-01-10,1
07243A39-3323-4570-5AFD-08DE64858AF3,8b9bd17e-0e24-43f0-81f3-854b0464555f,2026-01-11,1
3E64995D-CADB-4F9C-5AFE-08DE64858AF3,8b9bd17e-0e24-43f0-81f3-854b0464555f,2026-01-12,1
A3BA68F9-55F6-4A36-5AFF-08DE64858AF3,8b9bd17e-0e24-43f0-81f3-854b0464555f,2026-01-13,1
FAC0E2E2-871D-4CC1-5B00-08DE64858AF3,8b9bd17e-0e24-43f0-81f3-854b0464555f,2026-01-14,1
1AF0A9AC-BB9F-47B5-5B01-08DE64858AF3,8b9bd17e-0e24-43f0-81f3-854b0464555f,2026-01-15,1
9D77F188-2F0E-4CB6-5B02-08DE64858AF3,8b9bd17e-0e24-43f0-81f3-854b0464555f,2026-01-16,1
CCC30BA6-37B4-42B1-5B03-08DE64858AF3,8b9bd17e-0e24-43f0-81f3-854b0464555f,2026-01-17,1
F956CC51-6E91-452F-5B04-08DE64858AF3,8b9bd17e-0e24-43f0-81f3-854b0464555f,2026-01-18,1
1924EB57-FBA2-4C20-5B05-08DE64858AF3,8b9bd17e-0e24-43f0-81f3-854b0464555f,2026-01-19,1
AA4B1AA0-9FBB-462B-5B06-08DE64858AF3,8b9bd17e-0e24-43f0-81f3-854b0464555f,2026-01-20,1
7E7DD270-EA2B-4179-5B07-08DE64858AF3,8b9bd17e-0e24-43f0-81f3-854b0464555f,2026-01-21,1
5A18ED20-1E42-4653-5B08-08DE64858AF3,8b9bd17e-0e24-43f0-81f3-854b0464555f,2026-01-22,1
F63E1633-E46F-4305-5B09-08DE64858AF3,8b9bd17e-0e24-43f0-81f3-854b0464555f,2026-01-23,1
50F077B7-6230-48B0-5B0A-08DE64858AF3,8b9bd17e-0e24-43f0-81f3-854b0464555f,2026-01-24,1
D1072A00-454E-4E0F-5B0B-08DE64858AF3,8b9bd17e-0e24-43f0-81f3-854b0464555f,2026-01-25,1
07971F05-4A68-4156-5B0C-08DE64858AF3,8b9bd17e-0e24-43f0-81f3-854b0464555f,2026-01-26,1
C46B68BE-9C75-450A-5B0D-08DE64858AF3,8b9bd17e-0e24-43f0-81f3-854b0464555f,2026-01-27,1
D17EE643-93FF-4629-5B0E-08DE64858AF3,8b9bd17e-0e24-43f0-81f3-854b0464555f,2026-01-28,1
259D41E9-7954-4A9A-5B0F-08DE64858AF3,8b9bd17e-0e24-43f0-81f3-854b0464555f,2026-01-29,1
A46322F8-9F51-4B34-5B10-08DE64858AF3,8b9bd17e-0e24-43f0-81f3-854b0464555f,2026-01-30,1
251F1CF1-786D-4E85-5B11-08DE64858AF3,8b9bd17e-0e24-43f0-81f3-854b0464555f,2026-01-31,1
22B800A2-876F-4FE7-5B12-08DE64858AF3,8b9bd17e-0e24-43f0-81f3-854b0464555f,2026-02-01,1
ECF6A776-5B43-4F70-5B13-08DE64858AF3,8b9bd17e-0e24-43f0-81f3-854b0464555f,2026-02-02,1
24888F29-086B-43F0-5B14-08DE64858AF3,8b9bd17e-0e24-43f0-81f3-854b0464555f,2026-02-03,1
E7747245-E416-4CE8-5B15-08DE64858AF3,8b9bd17e-0e24-43f0-81f3-854b0464555f,2026-02-04,1
6A66983F-0FFC-4F08-5B16-08DE64858AF3,8b9bd17e-0e24-43f0-81f3-854b0464555f,2026-02-05,1
912AD85E-24EA-4686-5B17-08DE64858AF3,8b9bd17e-0e24-43f0-81f3-854b0464555f,2026-02-06,1
744EFB81-8297-4E03-5B18-08DE64858AF3,8b9bd17e-0e24-43f0-81f3-854b0464555f,2026-02-07,1
DD7730FF-F797-4642-5B19-08DE64858AF3,8b9bd17e-0e24-43f0-81f3-854b0464555f,2026-02-08,1
3D7173E3-1E8E-4C29-5B1A-08DE64858AF3,8b9bd17e-0e24-43f0-81f3-854b0464555f,2026-02-09,1
F2BEDA85-1579-4670-5B1B-08DE64858AF3,8b9bd17e-0e24-43f0-81f3-854b0464555f,2026-02-10,1
12E3B857-EC86-444F-5B1C-08DE64858AF3,8b9bd17e-0e24-43f0-81f3-854b0464555f,2026-02-11,1
62CCA624-7465-49C7-5B1D-08DE64858AF3,8b9bd17e-0e24-43f0-81f3-854b0464555f,2026-02-12,1
7A117E48-2E89-443D-5B1E-08DE64858AF3,8b9bd17e-0e24-43f0-81f3-854b0464555f,2026-02-13,1
11C1284A-A54E-4D8F-5B1F-08DE64858AF3,8b9bd17e-0e24-43f0-81f3-854b0464555f,2026-02-14,1
15CFF401-330B-4EA6-5B20-08DE64858AF3,8b9bd17e-0e24-43f0-81f3-854b0464555f,2026-02-15,1
8A9ABC35-F1F6-460A-5B21-08DE64858AF3,8b9bd17e-0e24-43f0-81f3-854b0464555f,2026-02-16,1
BDAA5B44-66F3-45A0-5B22-08DE64858AF3,8b9bd17e-0e24-43f0-81f3-854b0464555f,2026-02-17,1
B8A05FC2-A346-428B-5B23-08DE64858AF3,8b9bd17e-0e24-43f0-81f3-854b0464555f,2026-02-18,1
AE7BDDAF-7B3B-4A1D-5B24-08DE64858AF3,8b9bd17e-0e24-43f0-81f3-854b0464555f,2026-02-19,1
F3F54418-C7E5-42A0-5B25-08DE64858AF3,8b9bd17e-0e24-43f0-81f3-854b0464555f,2026-02-20,1
4BF80765-43FF-46E1-5B26-08DE64858AF3,8b9bd17e-0e24-43f0-81f3-854b0464555f,2026-02-21,1
F9723E4B-F0F6-4FE0-5B27-08DE64858AF3,8b9bd17e-0e24-43f0-81f3-854b0464555f,2026-02-22,1
96F9BFB7-C2FA-4378-5B28-08DE64858AF3,8b9bd17e-0e24-43f0-81f3-854b0464555f,2026-02-23,1
254283C2-2E91-41D1-5B29-08DE64858AF3,8b9bd17e-0e24-43f0-81f3-854b0464555f,2026-02-24,1
E001C63A-15FD-4448-5B2A-08DE64858AF3,8b9bd17e-0e24-43f0-81f3-854b0464555f,2026-02-25,1
A79A2D54-CAA2-4A6A-5B2B-08DE64858AF3,8b9bd17e-0e24-43f0-81f3-854b0464555f,2026-02-26,1
6F5AF2DF-3FA4-4C9C-5B2C-08DE64858AF3,8b9bd17e-0e24-43f0-81f3-854b0464555f,2026-02-27,1
0E749A89-272B-43B3-5B2D-08DE64858AF3,8b9bd17e-0e24-43f0-81f3-854b0464555f,2026-02-28,1
AA48B1EC-21E8-4DFF-5B2E-08DE64858AF3,8b9bd17e-0e24-43f0-81f3-854b0464555f,2026-03-01,1
EAD19578-D6AF-45EA-5B2F-08DE64858AF3,8b9bd17e-0e24-43f0-81f3-854b0464555f,2026-03-02,1
A2DEC06A-CAF6-43D6-5B30-08DE64858AF3,8b9bd17e-0e24-43f0-81f3-854b0464555f,2026-03-03,1
F85BB73E-37CB-4EE2-5B31-08DE64858AF3,8b9bd17e-0e24-43f0-81f3-854b0464555f,2026-03-04,1
B28B684C-50D0-4415-5B32-08DE64858AF3,8b9bd17e-0e24-43f0-81f3-854b0464555f,2026-03-05,1
8491BD23-E998-4485-5B33-08DE64858AF3,8b9bd17e-0e24-43f0-81f3-854b0464555f,2026-03-06,1
1729B812-CF39-442C-5B34-08DE64858AF3,8b9bd17e-0e24-43f0-81f3-854b0464555f,2026-03-07,1
F6C043D0-B332-4FBB-5B35-08DE64858AF3,8b9bd17e-0e24-43f0-81f3-854b0464555f,2026-03-08,1
3C13448B-F50C-4EC1-5B36-08DE64858AF3,8b9bd17e-0e24-43f0-81f3-854b0464555f,2026-03-09,1
87B67DAE-EB8A-41E5-5B37-08DE64858AF3,8b9bd17e-0e24-43f0-81f3-854b0464555f,2026-03-10,1
ADCE879A-7A57-491A-5B38-08DE64858AF3,8b9bd17e-0e24-43f0-81f3-854b0464555f,2026-03-11,1
59E995EB-BC48-4BB2-5B39-08DE64858AF3,8b9bd17e-0e24-43f0-81f3-854b0464555f,2026-03-12,1
DB53E1E3-B2EB-4180-5B3A-08DE64858AF3,8b9bd17e-0e24-43f0-81f3-854b0464555f,2026-03-13,1
65DEE7A2-B5C7-40A8-5B3B-08DE64858AF3,8b9bd17e-0e24-43f0-81f3-854b0464555f,2026-03-14,1
2AB9D014-C1AA-4A47-5B3C-08DE64858AF3,8b9bd17e-0e24-43f0-81f3-854b0464555f,2026-03-15,1
A37D0C35-4C85-417F-5B3D-08DE64858AF3,8b9bd17e-0e24-43f0-81f3-854b0464555f,2026-03-16,1
A3BC6ABF-9F41-4DCC-5B3E-08DE64858AF3,8b9bd17e-0e24-43f0-81f3-854b0464555f,2026-03-17,1
477EBA5F-621E-493B-5B3F-08DE64858AF3,8b9bd17e-0e24-43f0-81f3-854b0464555f,2026-03-18,1
1F9ED5AD-09D8-4DC0-5B40-08DE64858AF3,8b9bd17e-0e24-43f0-81f3-854b0464555f,2026-03-19,1
B483221A-F629-49D5-5B41-08DE64858AF3,8b9bd17e-0e24-43f0-81f3-854b0464555f,2026-03-20,1
FC317658-1A46-43B2-5B42-08DE64858AF3,8b9bd17e-0e24-43f0-81f3-854b0464555f,2026-03-21,1
1FE04186-4634-4887-5B43-08DE64858AF3,8b9bd17e-0e24-43f0-81f3-854b0464555f,2026-03-22,1
4B1170DA-E313-41A5-5B44-08DE64858AF3,8b9bd17e-0e24-43f0-81f3-854b0464555f,2026-03-23,1
34A9BFD8-6947-460A-5B45-08DE64858AF3,8b9bd17e-0e24-43f0-81f3-854b0464555f,2026-03-24,1
4E1C3604-6DE9-4BDA-5B46-08DE64858AF3,8b9bd17e-0e24-43f0-81f3-854b0464555f,2026-03-25,1
2596BC0E-05FA-4298-5B47-08DE64858AF3,8b9bd17e-0e24-43f0-81f3-854b0464555f,2026-03-26,1
A19A421C-6612-4F57-5B48-08DE64858AF3,8b9bd17e-0e24-43f0-81f3-854b0464555f,2026-03-27,1
EA106D57-C727-480F-5B49-08DE64858AF3,8b9bd17e-0e24-43f0-81f3-854b0464555f,2026-03-28,1
0F26BFAF-F91C-4232-5B4A-08DE64858AF3,8b9bd17e-0e24-43f0-81f3-854b0464555f,2026-03-29,1
254B139B-A83C-42E9-5B4B-08DE64858AF3,8b9bd17e-0e24-43f0-81f3-854b0464555f,2026-03-30,1
588411CB-57DA-4805-5B4C-08DE64858AF3,8b9bd17e-0e24-43f0-81f3-854b0464555f,2026-03-31,1
D18DF694-C456-458D-5B4D-08DE64858AF3,8b9bd17e-0e24-43f0-81f3-854b0464555f,2026-04-01,1
09C9286F-DBBE-42E9-5B4E-08DE64858AF3,8b9bd17e-0e24-43f0-81f3-854b0464555f,2026-04-02,1
91BECDA0-3145-4AD2-5B4F-08DE64858AF3,8b9bd17e-0e24-43f0-81f3-854b0464555f,2026-04-03,1
CC725E90-A3EA-494B-5B50-08DE64858AF3,8b9bd17e-0e24-43f0-81f3-854b0464555f,2026-04-04,1
CF699BEA-C79E-433D-5B51-08DE64858AF3,8b9bd17e-0e24-43f0-81f3-854b0464555f,2026-04-05,1
43C61959-90C2-487F-5B52-08DE64858AF3,8b9bd17e-0e24-43f0-81f3-854b0464555f,2026-04-06,1
1DC596E5-8932-4E2D-5B53-08DE64858AF3,8b9bd17e-0e24-43f0-81f3-854b0464555f,2026-04-07,1
53E358F1-06E3-43E8-5B54-08DE64858AF3,8b9bd17e-0e24-43f0-81f3-854b0464555f,2026-04-08,1
32ED5D2F-323F-48E5-5B55-08DE64858AF3,8b9bd17e-0e24-43f0-81f3-854b0464555f,2026-04-09,1
A453B111-3441-4507-5B56-08DE64858AF3,8b9bd17e-0e24-43f0-81f3-854b0464555f,2026-04-10,1
8B7ABEC4-9680-49BD-5B57-08DE64858AF3,8b9bd17e-0e24-43f0-81f3-854b0464555f,2026-04-11,1
65796376-58BD-49D5-5B58-08DE64858AF3,8b9bd17e-0e24-43f0-81f3-854b0464555f,2026-04-12,1
A62124EE-534D-4237-5B59-08DE64858AF3,8b9bd17e-0e24-43f0-81f3-854b0464555f,2026-04-13,1
728052EF-2A99-4F50-5B5A-08DE64858AF3,8b9bd17e-0e24-43f0-81f3-854b0464555f,2026-04-14,1
39B421DA-5188-41C5-5B5B-08DE64858AF3,8b9bd17e-0e24-43f0-81f3-854b0464555f,2026-04-15,1
65745175-46D1-4604-5B5C-08DE64858AF3,8b9bd17e-0e24-43f0-81f3-854b0464555f,2026-04-16,1
026C7691-631C-4852-5B5D-08DE64858AF3,8b9bd17e-0e24-43f0-81f3-854b0464555f,2026-04-17,1
F94524C4-BCF2-4725-5B5E-08DE64858AF3,8b9bd17e-0e24-43f0-81f3-854b0464555f,2026-04-18,1
F08F1C65-25A6-46AE-5B5F-08DE64858AF3,8b9bd17e-0e24-43f0-81f3-854b0464555f,2026-04-19,1
812DE283-CD72-4BA9-5B60-08DE64858AF3,8b9bd17e-0e24-43f0-81f3-854b0464555f,2026-04-20,1
A607F76A-A08B-4D64-5B61-08DE64858AF3,8b9bd17e-0e24-43f0-81f3-854b0464555f,2026-04-21,1
FF981DDE-58BF-4451-5B62-08DE64858AF3,8b9bd17e-0e24-43f0-81f3-854b0464555f,2026-04-22,1
3E72E288-0E1F-47DA-5B63-08DE64858AF3,8b9bd17e-0e24-43f0-81f3-854b0464555f,2026-04-23,1
51B01B0F-9CA3-406A-5B64-08DE64858AF3,8b9bd17e-0e24-43f0-81f3-854b0464555f,2026-04-24,1
8F58B54B-9837-44F9-5B65-08DE64858AF3,8b9bd17e-0e24-43f0-81f3-854b0464555f,2026-04-25,1
3F70026A-DEBA-4CF2-5B66-08DE64858AF3,8b9bd17e-0e24-43f0-81f3-854b0464555f,2026-04-26,1
72710848-CA44-40D0-5B67-08DE64858AF3,8b9bd17e-0e24-43f0-81f3-854b0464555f,2026-04-27,1
4030DE69-8A8B-4DC6-5B68-08DE64858AF3,8b9bd17e-0e24-43f0-81f3-854b0464555f,2026-04-28,1
D4044974-FE88-4462-5B69-08DE64858AF3,8b9bd17e-0e24-43f0-81f3-854b0464555f,2026-04-29,1
C38F5AA3-4601-4785-5B6A-08DE64858AF3,8b9bd17e-0e24-43f0-81f3-854b0464555f,2026-04-30,1
BE0E0001-A06D-4B83-5B6B-08DE64858AF3,8b9bd17e-0e24-43f0-81f3-854b0464555f,2026-05-01,1
5CD3ACBF-6531-47AA-5B6C-08DE64858AF3,8b9bd17e-0e24-43f0-81f3-854b0464555f,2026-05-02,1
C65C5D2F-803D-49FF-5B6D-08DE64858AF3,8b9bd17e-0e24-43f0-81f3-854b0464555f,2026-05-03,1
F158E448-09E6-4232-5B6E-08DE64858AF3,8b9bd17e-0e24-43f0-81f3-854b0464555f,2026-05-04,1
87F59422-DB48-4B1E-5B6F-08DE64858AF3,8b9bd17e-0e24-43f0-81f3-854b0464555f,2026-05-05,1
5FA13AEC-4EB6-43E5-5B70-08DE64858AF3,8b9bd17e-0e24-43f0-81f3-854b0464555f,2026-05-06,1
1EFD2457-C8BF-4A77-5B71-08DE64858AF3,8b9bd17e-0e24-43f0-81f3-854b0464555f,2026-05-07,1
B74FADC9-7400-4EE5-5B72-08DE64858AF3,8b9bd17e-0e24-43f0-81f3-854b0464555f,2026-05-08,1
5DF1093F-72E6-4D4C-5B73-08DE64858AF3,f03ea971-0ec2-4be7-aae9-364f3922b741,2026-01-08,1
478ECBA1-BDB2-4196-5B74-08DE64858AF3,f03ea971-0ec2-4be7-aae9-364f3922b741,2026-01-09,1
936A9221-0875-4BBD-5B75-08DE64858AF3,f03ea971-0ec2-4be7-aae9-364f3922b741,2026-01-10,1
7A11461F-2B14-49C7-5B76-08DE64858AF3,f03ea971-0ec2-4be7-aae9-364f3922b741,2026-01-11,1
865C7FCB-9021-4641-5B77-08DE64858AF3,f03ea971-0ec2-4be7-aae9-364f3922b741,2026-01-12,1
15DE8176-F32F-4F95-5B78-08DE64858AF3,f03ea971-0ec2-4be7-aae9-364f3922b741,2026-01-13,1
8AC4336E-7FA2-47AD-5B79-08DE64858AF3,f03ea971-0ec2-4be7-aae9-364f3922b741,2026-01-14,1
9BC6CDCD-DB28-4050-5B7A-08DE64858AF3,f03ea971-0ec2-4be7-aae9-364f3922b741,2026-01-15,1
2D47A11E-20ED-4D6B-5B7B-08DE64858AF3,f03ea971-0ec2-4be7-aae9-364f3922b741,2026-01-16,1
A3680236-E45B-4986-5B7C-08DE64858AF3,f03ea971-0ec2-4be7-aae9-364f3922b741,2026-01-17,1
F4465275-6C33-41B6-5B7D-08DE64858AF3,f03ea971-0ec2-4be7-aae9-364f3922b741,2026-01-18,1
98AD54A5-EE15-4AD8-5B7E-08DE64858AF3,f03ea971-0ec2-4be7-aae9-364f3922b741,2026-01-19,1
2C323C61-BFE0-4245-5B7F-08DE64858AF3,f03ea971-0ec2-4be7-aae9-364f3922b741,2026-01-20,1
F5C59F5A-9C0F-4313-5B80-08DE64858AF3,f03ea971-0ec2-4be7-aae9-364f3922b741,2026-01-21,1
D76EF921-C149-45F2-5B81-08DE64858AF3,f03ea971-0ec2-4be7-aae9-364f3922b741,2026-01-22,1
71DB5320-9F76-4E49-5B82-08DE64858AF3,f03ea971-0ec2-4be7-aae9-364f3922b741,2026-01-23,1
922BD944-8116-440B-5B83-08DE64858AF3,f03ea971-0ec2-4be7-aae9-364f3922b741,2026-01-24,1
2889B209-3DDD-4B3F-5B84-08DE64858AF3,f03ea971-0ec2-4be7-aae9-364f3922b741,2026-01-25,1
FA052B99-1AFC-4476-5B85-08DE64858AF3,f03ea971-0ec2-4be7-aae9-364f3922b741,2026-01-26,1
A748C847-2974-46BA-5B86-08DE64858AF3,f03ea971-0ec2-4be7-aae9-364f3922b741,2026-01-27,1
2829D9C6-BAED-444E-5B87-08DE64858AF3,f03ea971-0ec2-4be7-aae9-364f3922b741,2026-01-28,1
B2DE4CA2-712C-461C-5B88-08DE64858AF3,f03ea971-0ec2-4be7-aae9-364f3922b741,2026-01-29,1
DEAE570C-B08A-42C7-5B89-08DE64858AF3,f03ea971-0ec2-4be7-aae9-364f3922b741,2026-01-30,1
D27D4132-5BBD-4332-5B8A-08DE64858AF3,f03ea971-0ec2-4be7-aae9-364f3922b741,2026-01-31,1
0673C54F-FA87-4A2F-5B8B-08DE64858AF3,f03ea971-0ec2-4be7-aae9-364f3922b741,2026-02-01,1
0F59AD99-1E61-44A5-5B8C-08DE64858AF3,f03ea971-0ec2-4be7-aae9-364f3922b741,2026-02-02,1
0D2A39EA-6C2A-4C09-5B8D-08DE64858AF3,f03ea971-0ec2-4be7-aae9-364f3922b741,2026-02-03,1
86BBE54C-7E51-49D1-5B8E-08DE64858AF3,f03ea971-0ec2-4be7-aae9-364f3922b741,2026-02-04,1
994FA318-9B3C-4F30-5B8F-08DE64858AF3,f03ea971-0ec2-4be7-aae9-364f3922b741,2026-02-05,1
53ED75A3-E729-47B8-5B90-08DE64858AF3,f03ea971-0ec2-4be7-aae9-364f3922b741,2026-02-06,1
D0E3FC92-CA9B-4E34-5B91-08DE64858AF3,f03ea971-0ec2-4be7-aae9-364f3922b741,2026-02-07,1
0632C464-92B6-450A-5B92-08DE64858AF3,f03ea971-0ec2-4be7-aae9-364f3922b741,2026-02-08,1
6D79D7B2-E646-4AA8-5B93-08DE64858AF3,f03ea971-0ec2-4be7-aae9-364f3922b741,2026-02-09,1
9F9D0C67-ABCC-4DB0-5B94-08DE64858AF3,f03ea971-0ec2-4be7-aae9-364f3922b741,2026-02-10,1
7779FDB1-3CC8-40C7-5B95-08DE64858AF3,f03ea971-0ec2-4be7-aae9-364f3922b741,2026-02-11,1
7E60DA9C-1051-477E-5B96-08DE64858AF3,f03ea971-0ec2-4be7-aae9-364f3922b741,2026-02-12,1
01AAF284-333C-49DB-5B97-08DE64858AF3,f03ea971-0ec2-4be7-aae9-364f3922b741,2026-02-13,1
85929C56-CB20-43C2-5B98-08DE64858AF3,f03ea971-0ec2-4be7-aae9-364f3922b741,2026-02-14,1
B6C80D26-3E55-472E-5B99-08DE64858AF3,f03ea971-0ec2-4be7-aae9-364f3922b741,2026-02-15,1
6425D211-15FA-4BA4-5B9A-08DE64858AF3,f03ea971-0ec2-4be7-aae9-364f3922b741,2026-02-16,1
97E1CD19-F2CD-49F2-5B9B-08DE64858AF3,f03ea971-0ec2-4be7-aae9-364f3922b741,2026-02-17,1
AA11DA46-1C1F-4A9B-5B9C-08DE64858AF3,f03ea971-0ec2-4be7-aae9-364f3922b741,2026-02-18,1
3D03F7D1-E706-4598-5B9D-08DE64858AF3,f03ea971-0ec2-4be7-aae9-364f3922b741,2026-02-19,1
397BEE5B-772C-4ABB-5B9E-08DE64858AF3,f03ea971-0ec2-4be7-aae9-364f3922b741,2026-02-20,1
8F4E0C0D-47B4-48CE-5B9F-08DE64858AF3,f03ea971-0ec2-4be7-aae9-364f3922b741,2026-02-21,1
181F8945-6197-45E7-5BA0-08DE64858AF3,f03ea971-0ec2-4be7-aae9-364f3922b741,2026-02-22,1
3729B89F-8879-43EE-5BA1-08DE64858AF3,f03ea971-0ec2-4be7-aae9-364f3922b741,2026-02-23,1
67AF5ED1-E8AD-45D9-5BA2-08DE64858AF3,f03ea971-0ec2-4be7-aae9-364f3922b741,2026-02-24,1
ED028DE9-22CB-4FAA-5BA3-08DE64858AF3,f03ea971-0ec2-4be7-aae9-364f3922b741,2026-02-25,1
BBB451E4-0F81-4884-5BA4-08DE64858AF3,f03ea971-0ec2-4be7-aae9-364f3922b741,2026-02-26,1
886C0520-EE74-4E90-5BA5-08DE64858AF3,f03ea971-0ec2-4be7-aae9-364f3922b741,2026-02-27,1
670D0492-3295-438E-5BA6-08DE64858AF3,f03ea971-0ec2-4be7-aae9-364f3922b741,2026-02-28,1
61CD4213-3188-4A5A-5BA7-08DE64858AF3,f03ea971-0ec2-4be7-aae9-364f3922b741,2026-03-01,1
574D6982-4AB9-4BF3-5BA8-08DE64858AF3,f03ea971-0ec2-4be7-aae9-364f3922b741,2026-03-02,1
64F4F985-10B2-4AE3-5BA9-08DE64858AF3,f03ea971-0ec2-4be7-aae9-364f3922b741,2026-03-03,1
BF90B3FB-D7D3-4894-5BAA-08DE64858AF3,f03ea971-0ec2-4be7-aae9-364f3922b741,2026-03-04,1
DD8B23E9-0CD5-410A-5BAB-08DE64858AF3,f03ea971-0ec2-4be7-aae9-364f3922b741,2026-03-05,1
1D46D7F6-0527-4B00-5BAC-08DE64858AF3,f03ea971-0ec2-4be7-aae9-364f3922b741,2026-03-06,1
D7FD7A0E-AF3B-4080-5BAD-08DE64858AF3,f03ea971-0ec2-4be7-aae9-364f3922b741,2026-03-07,1
C95BC9A4-F752-4F3C-5BAE-08DE64858AF3,f03ea971-0ec2-4be7-aae9-364f3922b741,2026-03-08,1
D0DEA745-1B52-43C3-5BAF-08DE64858AF3,f03ea971-0ec2-4be7-aae9-364f3922b741,2026-03-09,1
88A41025-1354-47C4-5BB0-08DE64858AF3,f03ea971-0ec2-4be7-aae9-364f3922b741,2026-03-10,1
04B16EB3-9AE1-480E-5BB1-08DE64858AF3,f03ea971-0ec2-4be7-aae9-364f3922b741,2026-03-11,1
0D45D9F9-5578-4F1B-5BB2-08DE64858AF3,f03ea971-0ec2-4be7-aae9-364f3922b741,2026-03-12,1
AD18B054-7ACA-40BD-5BB3-08DE64858AF3,f03ea971-0ec2-4be7-aae9-364f3922b741,2026-03-13,1
0916D62A-A9D8-4B5B-5BB4-08DE64858AF3,f03ea971-0ec2-4be7-aae9-364f3922b741,2026-03-14,1
A991B9BF-9503-4390-5BB5-08DE64858AF3,f03ea971-0ec2-4be7-aae9-364f3922b741,2026-03-15,1
C38A8E7C-E933-4B23-5BB6-08DE64858AF3,f03ea971-0ec2-4be7-aae9-364f3922b741,2026-03-16,1
32B63105-4BFD-4CB9-5BB7-08DE64858AF3,f03ea971-0ec2-4be7-aae9-364f3922b741,2026-03-17,1
7DCBE54B-4836-42C5-5BB8-08DE64858AF3,f03ea971-0ec2-4be7-aae9-364f3922b741,2026-03-18,1
128ED249-0A6A-4816-5BB9-08DE64858AF3,f03ea971-0ec2-4be7-aae9-364f3922b741,2026-03-19,1
FC2D44C0-068A-42CC-5BBA-08DE64858AF3,f03ea971-0ec2-4be7-aae9-364f3922b741,2026-03-20,1
93C78142-9F89-4DA3-5BBB-08DE64858AF3,f03ea971-0ec2-4be7-aae9-364f3922b741,2026-03-21,1
485696BF-1D1D-4D26-5BBC-08DE64858AF3,f03ea971-0ec2-4be7-aae9-364f3922b741,2026-03-22,1
20F1477F-7309-4FCF-5BBD-08DE64858AF3,f03ea971-0ec2-4be7-aae9-364f3922b741,2026-03-23,1
284DC36F-7846-496D-5BBE-08DE64858AF3,f03ea971-0ec2-4be7-aae9-364f3922b741,2026-03-24,1
6DDCB6DD-4644-48E6-5BBF-08DE64858AF3,f03ea971-0ec2-4be7-aae9-364f3922b741,2026-03-25,1
FED77C20-D76D-4F4D-5BC0-08DE64858AF3,f03ea971-0ec2-4be7-aae9-364f3922b741,2026-03-26,1
9B8E1711-2890-4199-5BC1-08DE64858AF3,f03ea971-0ec2-4be7-aae9-364f3922b741,2026-03-27,1
C39BD4A2-CA2E-44CF-5BC2-08DE64858AF3,f03ea971-0ec2-4be7-aae9-364f3922b741,2026-03-28,1
7A18B7E1-A183-4838-5BC3-08DE64858AF3,f03ea971-0ec2-4be7-aae9-364f3922b741,2026-03-29,1
86936750-C0CE-41CD-5BC4-08DE64858AF3,f03ea971-0ec2-4be7-aae9-364f3922b741,2026-03-30,1
76F9BDD7-F212-4BB3-5BC5-08DE64858AF3,f03ea971-0ec2-4be7-aae9-364f3922b741,2026-03-31,1
BBA84026-8DBA-415F-5BC6-08DE64858AF3,f03ea971-0ec2-4be7-aae9-364f3922b741,2026-04-01,1
0CD197EC-13EA-4E40-5BC7-08DE64858AF3,f03ea971-0ec2-4be7-aae9-364f3922b741,2026-04-02,1
11F9B26E-59B5-45ED-5BC8-08DE64858AF3,f03ea971-0ec2-4be7-aae9-364f3922b741,2026-04-03,1
A30BAE71-1235-4C6F-5BC9-08DE64858AF3,f03ea971-0ec2-4be7-aae9-364f3922b741,2026-04-04,1
4B7D2BA2-598F-47F6-5BCA-08DE64858AF3,f03ea971-0ec2-4be7-aae9-364f3922b741,2026-04-05,1
799CD9DA-A223-4F6A-5BCB-08DE64858AF3,f03ea971-0ec2-4be7-aae9-364f3922b741,2026-04-06,1
47DE3BFB-F694-423F-5BCC-08DE64858AF3,f03ea971-0ec2-4be7-aae9-364f3922b741,2026-04-07,1
0B596498-E28C-4857-5BCD-08DE64858AF3,f03ea971-0ec2-4be7-aae9-364f3922b741,2026-04-08,1
9811051A-1431-4193-5BCE-08DE64858AF3,f03ea971-0ec2-4be7-aae9-364f3922b741,2026-04-09,1
E96AD907-638E-427A-5BCF-08DE64858AF3,f03ea971-0ec2-4be7-aae9-364f3922b741,2026-04-10,1
9DB35678-79C4-43BB-5BD0-08DE64858AF3,f03ea971-0ec2-4be7-aae9-364f3922b741,2026-04-11,1
3F0AFA29-05BB-4823-5BD1-08DE64858AF3,f03ea971-0ec2-4be7-aae9-364f3922b741,2026-04-12,1
29C71CD6-FABC-4BCC-5BD2-08DE64858AF3,f03ea971-0ec2-4be7-aae9-364f3922b741,2026-04-13,1
0180D243-3541-4352-5BD3-08DE64858AF3,f03ea971-0ec2-4be7-aae9-364f3922b741,2026-04-14,1
4A5A648F-04A2-406A-5BD4-08DE64858AF3,f03ea971-0ec2-4be7-aae9-364f3922b741,2026-04-15,1
3C9BF969-0BD9-43AE-5BD5-08DE64858AF3,f03ea971-0ec2-4be7-aae9-364f3922b741,2026-04-16,1
2A1FEFDF-7F60-4396-5BD6-08DE64858AF3,f03ea971-0ec2-4be7-aae9-364f3922b741,2026-04-17,1
48495D53-BEEB-4BB3-5BD7-08DE64858AF3,f03ea971-0ec2-4be7-aae9-364f3922b741,2026-04-18,1
0093701D-54D7-4541-5BD8-08DE64858AF3,f03ea971-0ec2-4be7-aae9-364f3922b741,2026-04-19,1
FB1617A5-581E-48FE-5BD9-08DE64858AF3,f03ea971-0ec2-4be7-aae9-364f3922b741,2026-04-20,1
EBBEA096-470C-4138-5BDA-08DE64858AF3,f03ea971-0ec2-4be7-aae9-364f3922b741,2026-04-21,1
6381AEF5-95B3-4947-5BDB-08DE64858AF3,f03ea971-0ec2-4be7-aae9-364f3922b741,2026-04-22,1
F3A83782-53C0-422F-5BDC-08DE64858AF3,f03ea971-0ec2-4be7-aae9-364f3922b741,2026-04-23,1
E96DE9B9-9E8F-4525-5BDD-08DE64858AF3,f03ea971-0ec2-4be7-aae9-364f3922b741,2026-04-24,1
3E649DF1-3B90-440A-5BDE-08DE64858AF3,f03ea971-0ec2-4be7-aae9-364f3922b741,2026-04-25,1
9152D495-D982-448D-5BDF-08DE64858AF3,f03ea971-0ec2-4be7-aae9-364f3922b741,2026-04-26,1
FF51C51C-CC4C-46E2-5BE0-08DE64858AF3,f03ea971-0ec2-4be7-aae9-364f3922b741,2026-04-27,1
070B6D37-FF85-4B4A-5BE1-08DE64858AF3,f03ea971-0ec2-4be7-aae9-364f3922b741,2026-04-28,1
FA641105-6BD3-45A8-5BE2-08DE64858AF3,f03ea971-0ec2-4be7-aae9-364f3922b741,2026-04-29,1
BB1E02A4-B49F-492A-5BE3-08DE64858AF3,f03ea971-0ec2-4be7-aae9-364f3922b741,2026-04-30,1
19ED10F6-EFCE-499D-5BE4-08DE64858AF3,f03ea971-0ec2-4be7-aae9-364f3922b741,2026-05-01,1
71AA2ADD-67FC-4ECC-5BE5-08DE64858AF3,f03ea971-0ec2-4be7-aae9-364f3922b741,2026-05-02,1
C7722530-CF61-477C-5BE6-08DE64858AF3,f03ea971-0ec2-4be7-aae9-364f3922b741,2026-05-03,1
1B195197-F854-48C1-5BE7-08DE64858AF3,f03ea971-0ec2-4be7-aae9-364f3922b741,2026-05-04,1
06E2778C-2247-4413-5BE8-08DE64858AF3,f03ea971-0ec2-4be7-aae9-364f3922b741,2026-05-05,1
726D52EC-3BF4-4F8F-5BE9-08DE64858AF3,f03ea971-0ec2-4be7-aae9-364f3922b741,2026-05-06,1
F90F56E0-DB21-4474-5BEA-08DE64858AF3,f03ea971-0ec2-4be7-aae9-364f3922b741,2026-05-07,1
FABFE80C-DD13-471F-5BEB-08DE64858AF3,f03ea971-0ec2-4be7-aae9-364f3922b741,2026-05-08,1
97587111-25F2-4358-5BEC-08DE64858AF3,157e4c9d-980e-4897-ad5f-f4c5c301f195,2026-02-12,2
CE2ED66D-27E1-4E0D-5BED-08DE64858AF3,157e4c9d-980e-4897-ad5f-f4c5c301f195,2026-02-14,1
C37CF149-7E86-480F-5BEE-08DE64858AF3,157e4c9d-980e-4897-ad5f-f4c5c301f195,2026-02-16,1
E5A957FE-D085-47DB-C4DD-08DE64B6F095,b8eaaef1-8890-4d24-8c6c-3db23f8812a0,2026-02-20,1
71C69C26-FA5F-455C-C4DE-08DE64B6F095,b8eaaef1-8890-4d24-8c6c-3db23f8812a0,2026-02-21,1
9943AE25-B36A-4917-C4DF-08DE64B6F095,b8eaaef1-8890-4d24-8c6c-3db23f8812a0,2026-02-22,1
019BD919-A456-430F-C4E0-08DE64B6F095,b8eaaef1-8890-4d24-8c6c-3db23f8812a0,2026-02-23,1
549F9815-B49B-4290-C4E1-08DE64B6F095,b8eaaef1-8890-4d24-8c6c-3db23f8812a0,2026-02-24,1
88AFE8A1-9D19-47A8-C4E2-08DE64B6F095,b8eaaef1-8890-4d24-8c6c-3db23f8812a0,2026-02-25,1
0727056B-37AC-4E27-C4E3-08DE64B6F095,b8eaaef1-8890-4d24-8c6c-3db23f8812a0,2026-02-26,1
CFF35303-B9D9-4CDD-C4E4-08DE64B6F095,b8eaaef1-8890-4d24-8c6c-3db23f8812a0,2026-02-27,1
527ABAB8-209C-4591-C4E5-08DE64B6F095,57f57d9a-735a-4bcc-afb6-f2799bd738a4,2026-02-21,2
3C4107C0-057B-4169-C4E6-08DE64B6F095,fa431862-6ab2-46f0-91f3-97ae1452fc85,2026-02-20,2
4A927126-64E7-4129-C4E7-08DE64B6F095,fa431862-6ab2-46f0-91f3-97ae1452fc85,2026-02-21,2
AD83874D-C920-4E71-8DC1-08DE6534A06D,1916bf76-0235-4795-91ba-407148f8a703,2026-02-28,2
7F0A646C-FE31-465B-8DC2-08DE6534A06D,1916bf76-0235-4795-91ba-407148f8a703,2026-03-06,2
64695D70-328A-4D4D-29DF-08DE65517FF0,144bc00f-b27f-49a9-8664-9bcd79ea6975,2026-02-20,2
637CD955-9F1A-4465-29E0-08DE65517FF0,9b1e36ac-7e99-4109-b4c6-9a85c1bf7719,2026-02-16,2
4C2EED37-888E-4E2F-29E1-08DE65517FF0,2c075776-4fd8-49f3-b781-7842bd8156de,2026-02-16,2
29F93E27-4D74-433A-29E2-08DE65517FF0,2c075776-4fd8-49f3-b781-7842bd8156de,2026-02-19,2
27FB4732-D3BB-4E83-29E3-08DE65517FF0,2c075776-4fd8-49f3-b781-7842bd8156de,2026-02-20,2
A119AECD-6FB9-4D6F-B806-08DE65CDD3DF,10005f55-8589-4836-800d-4b8bba0bf675,2026-02-27,2
6FEF194D-CB32-46A1-BAB3-08DE661873B5,1641a578-00b2-4973-955d-095bc254d709,2026-02-17,2
B55F8B3B-0CE8-4D41-BAB4-08DE661873B5,1641a578-00b2-4973-955d-095bc254d709,2026-02-19,2
1C61D981-5685-401B-BAB5-08DE661873B5,a4ad082b-fd58-4e76-9864-5a0339b700be,2026-02-17,2
01F12AA6-1995-49C4-BAB6-08DE661873B5,a4ad082b-fd58-4e76-9864-5a0339b700be,2026-02-18,2
6CDA17A9-371D-4CF4-BAB7-08DE661873B5,1641a578-00b2-4973-955d-095bc254d709,2026-02-21,2
46C9A0DC-C8DE-4F15-9E45-08DE66577E7A,925fe8e4-a2de-433d-8c9d-b07fd34a8c36,2026-02-21,2
E07A63D5-0F54-4032-9E46-08DE66577E7A,4d71f5cd-5e03-4e0e-b17d-593586b88b99,2026-02-16,2
2F4C27B0-D3AE-4492-9E47-08DE66577E7A,4d71f5cd-5e03-4e0e-b17d-593586b88b99,2026-02-19,2
91F140F6-B37F-4B23-9E48-08DE66577E7A,4d71f5cd-5e03-4e0e-b17d-593586b88b99,2026-02-22,2
FFC5AB26-CAD4-47CE-00FC-08DE66B03762,413e6437-7712-4672-8d5f-80a6c94ef119,2026-02-21,2
E4FF3CFE-739B-4C2D-00FD-08DE66B03762,413e6437-7712-4672-8d5f-80a6c94ef119,2026-02-22,2
D301A5D7-1699-40B8-00FE-08DE66B03762,413e6437-7712-4672-8d5f-80a6c94ef119,2026-03-04,2
4CAED0DF-C616-418D-52C6-08DE66E357E6,0fac737b-0e61-46db-a27a-52730d65cb9a,2026-02-28,2
EDF12F73-FA2C-4D78-52C7-08DE66E357E6,0fac737b-0e61-46db-a27a-52730d65cb9a,2026-03-01,2
94F24731-382B-4E13-52C8-08DE66E357E6,0fac737b-0e61-46db-a27a-52730d65cb9a,2026-02-26,2
A25F6D84-AEF0-4B8B-52C9-08DE66E357E6,0fac737b-0e61-46db-a27a-52730d65cb9a,2026-02-17,2
555E257A-C0E8-4086-52CA-08DE66E357E6,0fac737b-0e61-46db-a27a-52730d65cb9a,2026-02-19,2
A407CD5B-10AB-494E-52CB-08DE66E357E6,43072b87-23d4-4ad6-88f8-7999ef3c86ca,2026-02-21,2
F7EE5417-4FF4-445A-52CC-08DE66E357E6,43072b87-23d4-4ad6-88f8-7999ef3c86ca,2026-02-16,2
AD6FEECE-1701-4E84-D8B7-08DE6702409E,11838d58-5415-42bd-8c7f-3bef4f9db2aa,2026-02-18,2
A669BAD1-B3C9-4F78-129C-08DE678F8C59,9964c775-c7f7-42d2-9d2c-a75cb68487d1,2026-02-20,2
4D7A413B-B9B2-4C4E-2562-08DE67A0BA2C,57f57d9a-735a-4bcc-afb6-f2799bd738a4,2026-02-18,2
63E55859-0683-45EF-2563-08DE67A0BA2C,ab577efb-8d05-4666-a51a-6b95edc5ec45,2026-02-18,2
D2F6C8E4-72A4-4808-2564-08DE67A0BA2C,ab577efb-8d05-4666-a51a-6b95edc5ec45,2026-02-20,2
440D02AC-A2A8-4785-2565-08DE67A0BA2C,ab577efb-8d05-4666-a51a-6b95edc5ec45,2026-02-24,2
4D3BB278-F8C7-42DE-2566-08DE67A0BA2C,a4ad082b-fd58-4e76-9864-5a0339b700be,2026-02-21,2
20A7FCD0-2594-4147-2567-08DE67A0BA2C,c280d18d-86b9-4bba-85e6-2c00472efd9d,2026-02-17,2
6F1E9EDD-178F-477C-2568-08DE67A0BA2C,c280d18d-86b9-4bba-85e6-2c00472efd9d,2026-02-22,2
02710738-AFEE-4073-256A-08DE67A0BA2C,7afecb62-aa18-4106-a82b-a906fa7e488d,2026-02-19,2
E8238A59-E75C-4379-256B-08DE67A0BA2C,0fac737b-0e61-46db-a27a-52730d65cb9a,2026-02-20,2
0BBBD519-3E42-4304-256C-08DE67A0BA2C,f538e494-84f3-4ea8-ae3b-f0f142294fbe,2026-02-17,1
9808C97D-BC27-4556-D3A5-08DE67FB9A3D,d1123909-9ea0-46ac-b6bc-cd79543a0267,2026-02-17,2
58887D0A-3AEE-457A-D3A6-08DE67FB9A3D,1a75df7a-e558-47c6-8af0-033582318b99,2026-02-26,2
33381D12-1AA9-48C3-D3A7-08DE67FB9A3D,1a75df7a-e558-47c6-8af0-033582318b99,2026-02-27,2
F60FA316-21E6-467C-D3A8-08DE67FB9A3D,1916bf76-0235-4795-91ba-407148f8a703,2026-02-21,2
4560D89E-949E-476C-D3A9-08DE67FB9A3D,1a75df7a-e558-47c6-8af0-033582318b99,2026-03-06,2
81EA8DCF-31CF-4181-D3AA-08DE67FB9A3D,1916bf76-0235-4795-91ba-407148f8a703,2026-02-22,2
45C1677A-FDD0-46A1-D3AB-08DE67FB9A3D,1a75df7a-e558-47c6-8af0-033582318b99,2026-03-07,2
C571B916-9B3E-48DD-D3AC-08DE67FB9A3D,43072b87-23d4-4ad6-88f8-7999ef3c86ca,2026-02-20,2
9207B616-ABB3-48DE-D3AD-08DE67FB9A3D,d5900ef2-17fd-42da-b9ea-b20a194fec05,2026-02-24,2
7C18F197-91FD-4D7B-D3AE-08DE67FB9A3D,43072b87-23d4-4ad6-88f8-7999ef3c86ca,2026-02-19,2
229E96BC-A98A-415B-200D-08DE681A2AC5,1916bf76-0235-4795-91ba-407148f8a703,2026-02-16,2
643CC3AC-9BE3-45AA-BD6F-08DE682AB014,d71b50b4-750e-4644-9786-becc6520c6d7,2026-02-21,2
6C54E89A-263E-401B-E38F-08DE688D2929,299503c0-1a91-43dd-8b64-b2b35f44afd6,2026-02-23,2
017CF21E-AF30-4EFA-E390-08DE688D2929,299503c0-1a91-43dd-8b64-b2b35f44afd6,2026-02-25,2
B85B2DDE-169E-4CF6-E391-08DE688D2929,57f57d9a-735a-4bcc-afb6-f2799bd738a4,2026-02-19,2
E34C5ACE-4DA6-4317-E392-08DE688D2929,730acd68-bb73-4257-a670-dc3ab1bb6074,2026-02-20,1
2F23485B-D564-4279-E393-08DE688D2929,730acd68-bb73-4257-a670-dc3ab1bb6074,2026-02-19,2
3F1F2F92-78EF-4065-E394-08DE688D2929,e224e0ba-d92c-4e70-b675-2ff7e293c27c,2026-02-12,1
6DB8FCEA-6411-4D34-E395-08DE688D2929,1b96029f-d249-4657-97e1-ce4086f265fc,2026-03-04,2
EE6C79D3-DAA8-43D3-E396-08DE688D2929,730acd68-bb73-4257-a670-dc3ab1bb6074,2026-05-30,1
AFAF2D2E-406B-474B-E397-08DE688D2929,730acd68-bb73-4257-a670-dc3ab1bb6074,2026-05-31,1
C81DDD0B-2BF3-4406-E398-08DE688D2929,730acd68-bb73-4257-a670-dc3ab1bb6074,2026-06-01,1
E89F441B-3ECE-4936-E399-08DE688D2929,730acd68-bb73-4257-a670-dc3ab1bb6074,2026-06-02,1
29C20288-ECF1-4010-E39A-08DE688D2929,730acd68-bb73-4257-a670-dc3ab1bb6074,2026-08-29,1
0240EEC6-AD18-4C27-E39B-08DE688D2929,730acd68-bb73-4257-a670-dc3ab1bb6074,2026-08-30,1
C8BD3BEB-3B0B-44D5-E39C-08DE688D2929,730acd68-bb73-4257-a670-dc3ab1bb6074,2026-08-31,1
5A90CDDB-A598-4422-E39D-08DE688D2929,730acd68-bb73-4257-a670-dc3ab1bb6074,2026-09-01,1
849ECF40-3DB5-4A05-E39E-08DE688D2929,730acd68-bb73-4257-a670-dc3ab1bb6074,2026-09-02,1
C04906D4-2A0E-470B-E39F-08DE688D2929,730acd68-bb73-4257-a670-dc3ab1bb6074,2026-09-03,1
00093A4D-1502-4C56-E3A0-08DE688D2929,730acd68-bb73-4257-a670-dc3ab1bb6074,2026-09-04,1
DF15C141-164E-4A05-E3A1-08DE688D2929,730acd68-bb73-4257-a670-dc3ab1bb6074,2026-09-05,1
8651BF92-8076-4E94-BEAA-08DE693FF42F,c720feeb-93e1-4d88-b275-525f95f377ee,2026-02-20,2
623BAF38-D4D8-4410-BEAB-08DE693FF42F,b5ca6829-6ac9-4e18-96d7-3282ff6f3250,2026-02-21,2
4E4B4B66-8B66-480F-BEAC-08DE693FF42F,fafe9819-8c58-4398-a1cc-77584270b6ed,2026-02-17,2
71D89DE1-2ED0-4695-BEB1-08DE693FF42F,1916bf76-0235-4795-91ba-407148f8a703,2026-03-28,1
6A653921-6C5E-4D89-BEB2-08DE693FF42F,9b1e36ac-7e99-4109-b4c6-9a85c1bf7719,2026-02-20,2
615DD11D-E401-4478-BEB4-08DE693FF42F,1916bf76-0235-4795-91ba-407148f8a703,2026-02-23,2
A1B52361-9C3B-444E-BEB5-08DE693FF42F,144bc00f-b27f-49a9-8664-9bcd79ea6975,2026-02-26,2
F6E46EB6-8B19-4A85-BEB6-08DE693FF42F,144bc00f-b27f-49a9-8664-9bcd79ea6975,2026-02-28,2
68A13164-D472-4DCB-E56F-08DE6A0225F3,1b96029f-d249-4657-97e1-ce4086f265fc,2026-03-08,2
BD4F2DE5-F28A-46CE-E570-08DE6A0225F3,c5ce5a45-2b0a-40ff-a82f-ea5df6501805,2026-02-19,2
9126C2A4-B34E-4564-E571-08DE6A0225F3,157e4c9d-980e-4897-ad5f-f4c5c301f195,2026-02-17,2
B35D67FB-0907-4C12-E572-08DE6A0225F3,8d97501c-e7a6-46e6-9882-10ee0dea5a69,2026-02-14,1
C978CECB-99C7-4718-B2FA-08DE6A562E81,57f57d9a-735a-4bcc-afb6-f2799bd738a4,2026-03-01,2
052E9947-D448-4389-B2FB-08DE6A562E81,57f57d9a-735a-4bcc-afb6-f2799bd738a4,2026-02-23,2
C9D3652B-D9A8-4F8E-B2FC-08DE6A562E81,57f57d9a-735a-4bcc-afb6-f2799bd738a4,2026-02-25,2
F2860D8C-F3E7-44A0-B2FD-08DE6A562E81,9b1e36ac-7e99-4109-b4c6-9a85c1bf7719,2026-02-24,2
6533A2FA-9C15-4268-B2FE-08DE6A562E81,9b1e36ac-7e99-4109-b4c6-9a85c1bf7719,2026-02-23,1
6713EC38-83AE-4D58-BECA-08DE6AC1C008,b5ca6829-6ac9-4e18-96d7-3282ff6f3250,2026-02-26,2
571D6895-01D2-4372-190A-08DE6AEFBC06,9c1113fb-90f9-4b8b-8fdd-bcc7b6b5365b,2026-03-01,2
BC9BED74-CACF-43D9-190B-08DE6AEFBC06,a4ad082b-fd58-4e76-9864-5a0339b700be,2026-02-25,2
C29FD8D5-33B0-4B19-190C-08DE6AEFBC06,a4ad082b-fd58-4e76-9864-5a0339b700be,2026-02-26,2
4BA46678-820A-4D34-190D-08DE6AEFBC06,fafe9819-8c58-4398-a1cc-77584270b6ed,2026-02-23,2
7CA8EFB0-AD31-4C92-190E-08DE6AEFBC06,fafe9819-8c58-4398-a1cc-77584270b6ed,2026-02-26,2
44C76A14-81BC-453D-61E1-08DE6B9CFE7F,ff7cc517-15bb-4dc9-a941-2902d92fc311,2026-02-26,1
8981C26A-5697-41BB-61E2-08DE6B9CFE7F,ff7cc517-15bb-4dc9-a941-2902d92fc311,2026-02-27,1
22F44419-4948-4747-61E3-08DE6B9CFE7F,ff7cc517-15bb-4dc9-a941-2902d92fc311,2026-02-28,1
F5DFC91E-A403-4CFB-DB50-08DE6BBB2D22,144bc00f-b27f-49a9-8664-9bcd79ea6975,2026-04-03,1
B4E4DB1C-3AEE-440F-DB51-08DE6BBB2D22,144bc00f-b27f-49a9-8664-9bcd79ea6975,2026-04-04,2
3BB35C8C-3CF9-4BB5-DB53-08DE6BBB2D22,144bc00f-b27f-49a9-8664-9bcd79ea6975,2026-04-02,2
72B95F72-1777-4C6A-BD4B-08DE6C8ACEDA,1641a578-00b2-4973-955d-095bc254d709,2026-02-23,2
A3C41A9A-DB3F-4169-BD4C-08DE6C8ACEDA,1641a578-00b2-4973-955d-095bc254d709,2026-02-25,2
9F64F090-0161-493E-BD4D-08DE6C8ACEDA,27e0791f-5767-4877-b1e4-c80aceb86623,2026-02-27,2
EF2C0898-BD11-4666-BD4E-08DE6C8ACEDA,27e0791f-5767-4877-b1e4-c80aceb86623,2026-02-28,2
9215B957-CA3C-4150-BD4F-08DE6C8ACEDA,27e0791f-5767-4877-b1e4-c80aceb86623,2026-03-05,2
FA56D326-7BF0-46EC-BD50-08DE6C8ACEDA,27e0791f-5767-4877-b1e4-c80aceb86623,2026-03-07,2
B68825CB-7FC9-4E22-BD51-08DE6C8ACEDA,27e0791f-5767-4877-b1e4-c80aceb86623,2026-03-08,2
74AEBD83-0182-4C35-BD52-08DE6C8ACEDA,27e0791f-5767-4877-b1e4-c80aceb86623,2026-03-10,2
A3674AE3-F34D-44A9-BD54-08DE6C8ACEDA,27e0791f-5767-4877-b1e4-c80aceb86623,2026-03-13,2
2A382AAD-FCE9-405F-BD55-08DE6C8ACEDA,27e0791f-5767-4877-b1e4-c80aceb86623,2026-03-14,2
537249DF-AC9F-45C0-BD56-08DE6C8ACEDA,43072b87-23d4-4ad6-88f8-7999ef3c86ca,2026-02-28,2
03C63452-C88B-433B-BD57-08DE6C8ACEDA,43072b87-23d4-4ad6-88f8-7999ef3c86ca,2026-02-26,2
87DE0394-283B-44EE-BD58-08DE6C8ACEDA,43072b87-23d4-4ad6-88f8-7999ef3c86ca,2026-02-25,1
C9F0CEAB-58D4-439A-BD59-08DE6C8ACEDA,413e6437-7712-4672-8d5f-80a6c94ef119,2026-02-27,2
BB1E339B-B49C-4191-BD5A-08DE6C8ACEDA,413e6437-7712-4672-8d5f-80a6c94ef119,2026-02-28,2
815E1D03-D115-4049-068B-08DE6CB3D248,299503c0-1a91-43dd-8b64-b2b35f44afd6,2026-03-02,2
C8BAB66C-FA11-45E6-068C-08DE6CB3D248,299503c0-1a91-43dd-8b64-b2b35f44afd6,2026-03-04,2
2E81753A-A1DC-4B3B-E3A8-08DE6D2A5A87,925fe8e4-a2de-433d-8c9d-b07fd34a8c36,2026-02-28,2
5C7A27FF-1A89-4896-E3A9-08DE6D2A5A87,925fe8e4-a2de-433d-8c9d-b07fd34a8c36,2026-03-01,2
CB24FA22-8D3A-45AA-E3AA-08DE6D2A5A87,c720feeb-93e1-4d88-b275-525f95f377ee,2026-02-25,2
EFC3D5B6-BD4C-4A04-E3AB-08DE6D2A5A87,477951d3-95b8-4933-ad3b-ae6f86eafc55,2026-02-27,2
6D40057B-6A1F-4CB1-E3AC-08DE6D2A5A87,144bc00f-b27f-49a9-8664-9bcd79ea6975,2026-02-23,2
B6E563A3-9EBD-4FD0-E3AD-08DE6D2A5A87,4da65404-40f7-408c-8831-dec60d86d60b,2026-02-24,2
E9DE7E1F-074E-493E-E3AE-08DE6D2A5A87,4da65404-40f7-408c-8831-dec60d86d60b,2026-02-27,2
859AB3C6-0E46-4C2A-E3AF-08DE6D2A5A87,9964c775-c7f7-42d2-9d2c-a75cb68487d1,2026-02-26,2
E4AB3B64-2842-4319-E3B0-08DE6D2A5A87,c280d18d-86b9-4bba-85e6-2c00472efd9d,2026-02-28,2
3FAACD5C-3A3D-41FD-E3B1-08DE6D2A5A87,c280d18d-86b9-4bba-85e6-2c00472efd9d,2026-02-23,2
ED669E2D-3F89-4454-E3B2-08DE6D2A5A87,27e0791f-5767-4877-b1e4-c80aceb86623,2026-02-24,2
FB1EF347-63B2-4445-E3B3-08DE6D2A5A87,fafe9819-8c58-4398-a1cc-77584270b6ed,2026-03-07,2
0E61C78E-D133-4982-E3B4-08DE6D2A5A87,fafe9819-8c58-4398-a1cc-77584270b6ed,2026-03-08,2
EC1F76C8-59A0-4C50-E3B5-08DE6D2A5A87,2c075776-4fd8-49f3-b781-7842bd8156de,2026-02-23,2
E3E70268-900D-4EDD-E3B6-08DE6D2A5A87,2c075776-4fd8-49f3-b781-7842bd8156de,2026-02-25,2
3850C6DF-E795-4318-E3B7-08DE6D2A5A87,2c075776-4fd8-49f3-b781-7842bd8156de,2026-02-27,2
210589CB-66AE-441C-E3B9-08DE6D2A5A87,4d71f5cd-5e03-4e0e-b17d-593586b88b99,2026-02-25,2
B80071AB-51FA-49C7-E3BA-08DE6D2A5A87,4d71f5cd-5e03-4e0e-b17d-593586b88b99,2026-02-27,2
55BEC752-984E-4B10-E3BB-08DE6D2A5A87,4d71f5cd-5e03-4e0e-b17d-593586b88b99,2026-02-23,2
CFAF38F3-A091-49FF-2BB8-08DE6DEAF68D,57f57d9a-735a-4bcc-afb6-f2799bd738a4,2026-03-04,2
D1400733-99E2-43FA-2BB9-08DE6DEAF68D,57f57d9a-735a-4bcc-afb6-f2799bd738a4,2026-03-05,2
1CBE16B3-2A8F-4392-60BF-08DE6DF20073,0fac737b-0e61-46db-a27a-52730d65cb9a,2026-03-03,2
5203E8ED-89AF-4B56-60C0-08DE6DF20073,0fac737b-0e61-46db-a27a-52730d65cb9a,2026-03-05,2
D30D8D87-F108-40AF-60C3-08DE6DF20073,c71ec1ec-5e2b-4c33-8c89-de5897a207a6,2026-03-14,2
B0C633C5-2525-4508-60C4-08DE6DF20073,c71ec1ec-5e2b-4c33-8c89-de5897a207a6,2026-06-23,1
336E84C8-14A0-4C5F-60C5-08DE6DF20073,c71ec1ec-5e2b-4c33-8c89-de5897a207a6,2026-06-24,1
3030CF24-DC6A-4D7F-60C6-08DE6DF20073,c71ec1ec-5e2b-4c33-8c89-de5897a207a6,2026-03-04,2
BE51E15D-648D-4B18-60C7-08DE6DF20073,f488e272-24db-42ce-9d36-80a013657223,2026-03-20,1
4B8BC6F7-0B4C-4E23-60C8-08DE6DF20073,2320cb1b-d64f-4486-aabe-9754c12a1d06,2026-02-25,2
31B6F74F-740E-4C13-60C9-08DE6DF20073,2320cb1b-d64f-4486-aabe-9754c12a1d06,2026-02-28,2
A3F31F73-9FB9-4E19-60CA-08DE6DF20073,2320cb1b-d64f-4486-aabe-9754c12a1d06,2026-03-03,2
9EF25828-5EFE-44B1-60CB-08DE6DF20073,fafe9819-8c58-4398-a1cc-77584270b6ed,2026-03-04,2
67008A8D-87FA-4893-60CC-08DE6DF20073,d71b50b4-750e-4644-9786-becc6520c6d7,2026-03-04,2
0A2ABF0F-1211-44F1-60CD-08DE6DF20073,d71b50b4-750e-4644-9786-becc6520c6d7,2026-03-06,2
B65A7390-4E87-4BC1-60CE-08DE6DF20073,d71b50b4-750e-4644-9786-becc6520c6d7,2026-03-07,2
DBD86DE3-5D5F-4BDA-9778-08DE6E6D9847,9964c775-c7f7-42d2-9d2c-a75cb68487d1,2026-03-02,1
AEF9780A-1B35-48B4-9779-08DE6E6D9847,9964c775-c7f7-42d2-9d2c-a75cb68487d1,2026-03-03,1
BA27C1C6-9B39-4E2F-977A-08DE6E6D9847,9964c775-c7f7-42d2-9d2c-a75cb68487d1,2026-03-04,1
762C2258-C99A-417A-977B-08DE6E6D9847,9964c775-c7f7-42d2-9d2c-a75cb68487d1,2026-03-05,1
062197E4-A2F0-47ED-977C-08DE6E6D9847,9964c775-c7f7-42d2-9d2c-a75cb68487d1,2026-03-06,1
4F1AD4DE-BA9C-4399-2A5A-08DE6EB4A515,b5ca6829-6ac9-4e18-96d7-3282ff6f3250,2026-03-09,2
978076B3-FFFB-4A16-2A5B-08DE6EB4A515,b5ca6829-6ac9-4e18-96d7-3282ff6f3250,2026-03-10,2
D9C02055-C800-4B33-2A5C-08DE6EB4A515,b5ca6829-6ac9-4e18-96d7-3282ff6f3250,2026-03-13,2
E43AFD29-CCBC-493E-2A5D-08DE6EB4A515,b5ca6829-6ac9-4e18-96d7-3282ff6f3250,2026-03-11,2
B88B3D29-DCA6-42F2-2A5E-08DE6EB4A515,1916bf76-0235-4795-91ba-407148f8a703,2026-03-29,2
A0A4623D-DC37-4A85-2A5F-08DE6EB4A515,8d97501c-e7a6-46e6-9882-10ee0dea5a69,2026-02-26,2
1721151C-61AC-4A5B-2A60-08DE6EB4A515,8d97501c-e7a6-46e6-9882-10ee0dea5a69,2026-02-23,2
D3E88A86-2CB8-40BA-2A61-08DE6EB4A515,d71b50b4-750e-4644-9786-becc6520c6d7,2026-02-24,2
AB0C0753-7B6E-4B80-2A62-08DE6EB4A515,4d71f5cd-5e03-4e0e-b17d-593586b88b99,2026-02-25,1
15685E80-3E61-4BF8-2A63-08DE6EB4A515,d71b50b4-750e-4644-9786-becc6520c6d7,2026-02-26,2
B1DC3EFF-4E39-4AD1-2A64-08DE6EB4A515,d71b50b4-750e-4644-9786-becc6520c6d7,2026-02-28,2
30EEDA10-330F-4238-2A65-08DE6EB4A515,6663d684-ce88-47ff-a4f7-e40d3b82a13f,2026-02-24,2
58565FAC-43A6-4DD0-2A66-08DE6EB4A515,6663d684-ce88-47ff-a4f7-e40d3b82a13f,2026-02-26,2
18FBEE88-4BF0-43B2-2A67-08DE6EB4A515,6663d684-ce88-47ff-a4f7-e40d3b82a13f,2026-03-01,2
77E785A8-E0AD-46AD-2A68-08DE6EB4A515,d1123909-9ea0-46ac-b6bc-cd79543a0267,2026-02-26,2
99B3308F-7E7B-47B3-2A69-08DE6EB4A515,d1123909-9ea0-46ac-b6bc-cd79543a0267,2026-03-01,2
050115E1-68C8-4F22-2A6A-08DE6EB4A515,4da65404-40f7-408c-8831-dec60d86d60b,2026-03-04,2
428DB9EB-FAF7-41D3-2A6B-08DE6EB4A515,4da65404-40f7-408c-8831-dec60d86d60b,2026-03-06,2
D0C63397-A2CA-48EE-2A6C-08DE6EB4A515,4da65404-40f7-408c-8831-dec60d86d60b,2026-03-03,2
71FA046D-608A-450D-2A6D-08DE6EB4A515,ab577efb-8d05-4666-a51a-6b95edc5ec45,2026-03-02,1
6D8F9601-C766-442A-2A6E-08DE6EB4A515,ab577efb-8d05-4666-a51a-6b95edc5ec45,2026-03-03,1
ABAE8C58-F3C1-41F2-2A6F-08DE6EB4A515,6663d684-ce88-47ff-a4f7-e40d3b82a13f,2026-03-03,2
85EF7788-8D54-479F-2A70-08DE6EB4A515,6663d684-ce88-47ff-a4f7-e40d3b82a13f,2026-03-04,2
6912F0F9-B3DE-44D2-2A71-08DE6EB4A515,78732633-0af4-4912-9602-d3923d7c10d0,2026-03-13,2
C9D9C16C-0A0B-48E4-2A72-08DE6EB4A515,477951d3-95b8-4933-ad3b-ae6f86eafc55,2026-03-06,2
DC5FE8BD-F334-42D2-B350-08DE6F8940A4,b5ca6829-6ac9-4e18-96d7-3282ff6f3250,2026-04-06,1
4D7B9714-A300-46A2-B351-08DE6F8940A4,b5ca6829-6ac9-4e18-96d7-3282ff6f3250,2026-04-07,1
D38A39B6-F0BE-4924-B352-08DE6F8940A4,b5ca6829-6ac9-4e18-96d7-3282ff6f3250,2026-04-08,1
B1681E61-6403-4F4B-B353-08DE6F8940A4,b5ca6829-6ac9-4e18-96d7-3282ff6f3250,2026-04-09,1
2EEE8411-619E-4099-B354-08DE6F8940A4,b5ca6829-6ac9-4e18-96d7-3282ff6f3250,2026-04-10,1
0F65DFF3-DADF-4C2B-B355-08DE6F8940A4,b5ca6829-6ac9-4e18-96d7-3282ff6f3250,2026-04-11,1
4CC93727-61C5-4845-B356-08DE6F8940A4,b5ca6829-6ac9-4e18-96d7-3282ff6f3250,2026-04-12,1
F9BE6F17-FB6C-4A83-B357-08DE6F8940A4,b5ca6829-6ac9-4e18-96d7-3282ff6f3250,2026-04-13,1
253D3CF1-6171-47F4-B358-08DE6F8940A4,157e4c9d-980e-4897-ad5f-f4c5c301f195,2026-02-24,2
3A70AB46-BDA2-417D-B359-08DE6F8940A4,b5ca6829-6ac9-4e18-96d7-3282ff6f3250,2026-03-05,2
10F3C9FA-2E8D-47E9-B35C-08DE6F8940A4,925fe8e4-a2de-433d-8c9d-b07fd34a8c36,2026-04-07,2
92E1F07C-7ADF-4314-B35D-08DE6F8940A4,57f57d9a-735a-4bcc-afb6-f2799bd738a4,2026-04-08,2
0266787D-71C5-42B7-B35F-08DE6F8940A4,c720feeb-93e1-4d88-b275-525f95f377ee,2026-03-02,2
89038C88-285E-45ED-B360-08DE6F8940A4,c720feeb-93e1-4d88-b275-525f95f377ee,2026-03-03,2
4EB124F1-048E-4A9B-B361-08DE6F8940A4,c720feeb-93e1-4d88-b275-525f95f377ee,2026-03-07,2
611A6869-4FF0-42DB-B362-08DE6F8940A4,144bc00f-b27f-49a9-8664-9bcd79ea6975,2026-03-28,2
A959D422-3F80-4C7C-B363-08DE6F8940A4,144bc00f-b27f-49a9-8664-9bcd79ea6975,2026-04-28,2
92AFF201-B18E-4B1D-7184-08DE7051F813,c71ec1ec-5e2b-4c33-8c89-de5897a207a6,2026-03-06,2
58DAAE80-123A-4FD2-7185-08DE7051F813,925fe8e4-a2de-433d-8c9d-b07fd34a8c36,2026-04-07,1
2467B003-B018-48DC-7186-08DE7051F813,27e0791f-5767-4877-b1e4-c80aceb86623,2026-03-11,2
9AAC3477-99E1-4206-7187-08DE7051F813,157e4c9d-980e-4897-ad5f-f4c5c301f195,2026-02-26,2
E1BFB8DF-27D3-43E2-7188-08DE7051F813,1a75df7a-e558-47c6-8af0-033582318b99,2026-03-10,2
86948774-CF5A-4916-7189-08DE7051F813,1a75df7a-e558-47c6-8af0-033582318b99,2026-03-12,2
66A55739-9F82-4838-718A-08DE7051F813,144bc00f-b27f-49a9-8664-9bcd79ea6975,2026-03-16,1
DA1F6CCC-7AC4-4907-718B-08DE7051F813,78732633-0af4-4912-9602-d3923d7c10d0,2026-03-15,2
65F8FB11-34BB-4CE8-718C-08DE7051F813,2c075776-4fd8-49f3-b781-7842bd8156de,2026-03-03,2
17C836BE-D73C-43F5-718D-08DE7051F813,2c075776-4fd8-49f3-b781-7842bd8156de,2026-03-05,2
E57255ED-0727-4AF4-718E-08DE7051F813,2c075776-4fd8-49f3-b781-7842bd8156de,2026-03-07,2
5DE6EDFC-E1DD-4345-38B5-08DE711A3DDD,c720feeb-93e1-4d88-b275-525f95f377ee,2026-03-04,2
47A1FCB8-C85A-4545-38B6-08DE711A3DDD,4d71f5cd-5e03-4e0e-b17d-593586b88b99,2026-03-20,1
AA556204-98FD-44CC-38B7-08DE711A3DDD,4d71f5cd-5e03-4e0e-b17d-593586b88b99,2026-03-21,1
CFB9C89E-BB05-4A7C-38B8-08DE711A3DDD,4d71f5cd-5e03-4e0e-b17d-593586b88b99,2026-03-22,1
A1406325-D71A-4C87-38B9-08DE711A3DDD,4d71f5cd-5e03-4e0e-b17d-593586b88b99,2026-03-23,1
BEEF1EF9-220A-470D-38BA-08DE711A3DDD,4d71f5cd-5e03-4e0e-b17d-593586b88b99,2026-03-24,1
550643F0-9966-4AAA-38BB-08DE711A3DDD,4d71f5cd-5e03-4e0e-b17d-593586b88b99,2026-03-03,2
4AE00CC9-1A79-46C8-38BC-08DE711A3DDD,4d71f5cd-5e03-4e0e-b17d-593586b88b99,2026-03-04,2
173C2AD2-B63F-4CB4-38BD-08DE711A3DDD,4d71f5cd-5e03-4e0e-b17d-593586b88b99,2026-03-06,2
7A2239A7-DFAD-4CD5-38BE-08DE711A3DDD,fa431862-6ab2-46f0-91f3-97ae1452fc85,2026-03-06,2
D8D987BF-5FF3-4529-38BF-08DE711A3DDD,fa431862-6ab2-46f0-91f3-97ae1452fc85,2026-03-07,2
C654E4BC-A617-42FA-38C0-08DE711A3DDD,c720feeb-93e1-4d88-b275-525f95f377ee,2026-03-07,2
ABFC0070-8976-488A-15C7-08DE715F8C85,38b41087-0565-4dea-8ddf-e3b522a14368,2026-03-03,2
3A13D9F3-E4A1-4A4B-E8D3-08DE71DA2B87,1ddcffe7-c2ad-4836-a35b-75b12da1d336,2026-05-30,1
2A0F1B57-0B6C-4479-E8D4-08DE71DA2B87,1ddcffe7-c2ad-4836-a35b-75b12da1d336,2026-05-31,1
9DAD0AA5-6B3A-41EA-E8D5-08DE71DA2B87,1ddcffe7-c2ad-4836-a35b-75b12da1d336,2026-06-01,1
A9A88627-5FD5-438F-E8D6-08DE71DA2B87,1ddcffe7-c2ad-4836-a35b-75b12da1d336,2026-06-02,1
8061E0C1-86C9-4EFE-E8D7-08DE71DA2B87,1ddcffe7-c2ad-4836-a35b-75b12da1d336,2026-03-10,2
EC9F49E6-E5AA-4AD5-76B0-08DE7232DC43,1641a578-00b2-4973-955d-095bc254d709,2026-03-03,2
5C9B579A-CB00-4D44-76B1-08DE7232DC43,1641a578-00b2-4973-955d-095bc254d709,2026-03-04,2
2214B4FD-A558-4030-76B2-08DE7232DC43,1641a578-00b2-4973-955d-095bc254d709,2026-03-07,2
A2103ACC-E0B6-45FD-B109-08DE726F9E33,43072b87-23d4-4ad6-88f8-7999ef3c86ca,2026-03-07,2
2243FA4C-335A-4488-B10A-08DE726F9E33,43072b87-23d4-4ad6-88f8-7999ef3c86ca,2026-03-02,2
025594E1-A2FE-4AC6-B10B-08DE726F9E33,43072b87-23d4-4ad6-88f8-7999ef3c86ca,2026-03-05,2
5FDD2557-9349-4EBE-97C9-08DE72B0EF2B,f538e494-84f3-4ea8-ae3b-f0f142294fbe,2026-03-02,2
0F49FF49-70EB-4C25-97CA-08DE72B0EF2B,144bc00f-b27f-49a9-8664-9bcd79ea6975,2026-03-07,2
082829A7-554F-4E7A-97CB-08DE72B0EF2B,144bc00f-b27f-49a9-8664-9bcd79ea6975,2026-03-05,2
1DDABCCE-2BB7-4B02-944D-08DE72CA1C55,9964c775-c7f7-42d2-9d2c-a75cb68487d1,2026-03-11,2
DAB1B43F-C95D-4DEC-944E-08DE72CA1C55,fafe9819-8c58-4398-a1cc-77584270b6ed,2026-03-09,2
3ED8D47C-3F09-4956-9450-08DE72CA1C55,9964c775-c7f7-42d2-9d2c-a75cb68487d1,2026-03-24,2
4D779F1C-CE46-4FA8-9452-08DE72CA1C55,ff7cc517-15bb-4dc9-a941-2902d92fc311,2026-03-22,2
5D5C04B7-97B0-4909-9453-08DE72CA1C55,d1123909-9ea0-46ac-b6bc-cd79543a0267,2026-03-08,2
2DFFC530-64DA-4629-9454-08DE72CA1C55,d1123909-9ea0-46ac-b6bc-cd79543a0267,2026-03-07,2
5B21A476-1249-4023-9455-08DE72CA1C55,d1123909-9ea0-46ac-b6bc-cd79543a0267,2026-03-04,2
2D9041E5-3B3D-487A-9456-08DE72CA1C55,925fe8e4-a2de-433d-8c9d-b07fd34a8c36,2026-04-20,1
F42CFFBA-00F7-40A7-9457-08DE72CA1C55,925fe8e4-a2de-433d-8c9d-b07fd34a8c36,2026-04-21,1
4D8ABD2F-725D-4056-9458-08DE72CA1C55,925fe8e4-a2de-433d-8c9d-b07fd34a8c36,2026-04-22,1
5F7EB302-9B42-4D76-9459-08DE72CA1C55,925fe8e4-a2de-433d-8c9d-b07fd34a8c36,2026-03-16,1
353584AF-1142-4EC3-945A-08DE72CA1C55,925fe8e4-a2de-433d-8c9d-b07fd34a8c36,2026-03-17,1
9D2EE419-29E7-4F02-945B-08DE72CA1C55,925fe8e4-a2de-433d-8c9d-b07fd34a8c36,2026-03-14,2
384C911B-03ED-436E-945C-08DE72CA1C55,925fe8e4-a2de-433d-8c9d-b07fd34a8c36,2026-03-15,2
7BD8E9D5-EE62-426D-945D-08DE72CA1C55,925fe8e4-a2de-433d-8c9d-b07fd34a8c36,2026-03-25,2
06573499-D261-4307-945E-08DE72CA1C55,925fe8e4-a2de-433d-8c9d-b07fd34a8c36,2026-03-26,1
A5819A81-9582-4E99-945F-08DE72CA1C55,925fe8e4-a2de-433d-8c9d-b07fd34a8c36,2026-04-18,2
FFADC420-C4BB-4775-9460-08DE72CA1C55,925fe8e4-a2de-433d-8c9d-b07fd34a8c36,2026-04-19,2
F8CDB108-99E6-42CE-9461-08DE72CA1C55,a4ad082b-fd58-4e76-9864-5a0339b700be,2026-03-04,2
BA026DC4-4323-4029-9462-08DE72CA1C55,477951d3-95b8-4933-ad3b-ae6f86eafc55,2026-03-10,2
49325A39-B9BA-4AF3-9464-08DE72CA1C55,477951d3-95b8-4933-ad3b-ae6f86eafc55,2026-03-21,2
C11814B9-6F6D-4FCB-9465-08DE72CA1C55,477951d3-95b8-4933-ad3b-ae6f86eafc55,2026-03-30,2
94AD9866-485C-4FE6-9466-08DE72CA1C55,a4ad082b-fd58-4e76-9864-5a0339b700be,2026-03-07,2
7BA2E803-9F20-4532-9467-08DE72CA1C55,78732633-0af4-4912-9602-d3923d7c10d0,2026-03-02,2
B6B0E032-A59B-4A14-E439-08DE72FC5A92,0d2b5c5a-8a41-4997-ad20-a604731bb160,2026-03-21,2
364DCC3E-A1E5-49B6-E43A-08DE72FC5A92,d71b50b4-750e-4644-9786-becc6520c6d7,2026-03-02,2
E6201CA2-7E26-4A89-41BF-08DE73798368,e224e0ba-d92c-4e70-b675-2ff7e293c27c,2026-02-23,1
A8EA96B7-AD4A-48EF-41C0-08DE73798368,57f57d9a-735a-4bcc-afb6-f2799bd738a4,2026-03-25,1
8B091B19-EC7B-417E-41C1-08DE73798368,57f57d9a-735a-4bcc-afb6-f2799bd738a4,2026-03-26,1
C90432A0-39B3-459B-7495-08DE73AD1A45,299503c0-1a91-43dd-8b64-b2b35f44afd6,2026-03-11,2
5815C6D2-F8EB-4187-7496-08DE73AD1A45,299503c0-1a91-43dd-8b64-b2b35f44afd6,2026-03-09,2
74275BB4-A408-465B-FFA7-08DE73F761B2,9964c775-c7f7-42d2-9d2c-a75cb68487d1,2026-03-18,2
6DF0F6FF-A99A-4DDE-E1AF-08DE74503349,b8eaaef1-8890-4d24-8c6c-3db23f8812a0,2026-03-05,2
06035BA5-C043-4ADE-E1B0-08DE74503349,c5ce5a45-2b0a-40ff-a82f-ea5df6501805,2026-03-03,1
EFF18EFE-A22D-4212-E1B1-08DE74503349,c280d18d-86b9-4bba-85e6-2c00472efd9d,2026-03-07,1
6F4909FC-0AA0-46C8-E1B2-08DE74503349,c280d18d-86b9-4bba-85e6-2c00472efd9d,2026-03-03,2
3A51FEC6-856D-47F0-E1B3-08DE74503349,c280d18d-86b9-4bba-85e6-2c00472efd9d,2026-03-08,2
9F505185-A5F7-4897-E1B4-08DE74503349,6663d684-ce88-47ff-a4f7-e40d3b82a13f,2026-03-25,1
61BC95B0-0942-40E2-E1B5-08DE74503349,6663d684-ce88-47ff-a4f7-e40d3b82a13f,2026-03-26,1
730A2D62-8D33-45C8-E1B6-08DE74503349,c720feeb-93e1-4d88-b275-525f95f377ee,2026-03-11,2
C0104048-5C4E-4A17-E1B7-08DE74503349,c720feeb-93e1-4d88-b275-525f95f377ee,2026-03-12,2
085EE82D-1377-43F4-E1B8-08DE74503349,c720feeb-93e1-4d88-b275-525f95f377ee,2026-03-18,2
556721B0-2D1B-46E9-E1B9-08DE74503349,c720feeb-93e1-4d88-b275-525f95f377ee,2026-03-21,2
B012D4D2-ECB7-47B4-E1BA-08DE74503349,c720feeb-93e1-4d88-b275-525f95f377ee,2026-03-22,2
7B3D89DB-7594-43FD-E1BB-08DE74503349,ff7cc517-15bb-4dc9-a941-2902d92fc311,2026-03-15,2
717D6884-C23A-4FB8-E1BC-08DE74503349,ff7cc517-15bb-4dc9-a941-2902d92fc311,2026-04-25,1
44B720A6-C4A0-4AA6-E1BD-08DE74503349,ff7cc517-15bb-4dc9-a941-2902d92fc311,2026-04-26,1
B5A1E933-8507-4AD4-E1BE-08DE74503349,ff7cc517-15bb-4dc9-a941-2902d92fc311,2026-04-27,1
98493199-9699-43C0-E1BF-08DE74503349,c71ec1ec-5e2b-4c33-8c89-de5897a207a6,2026-04-09,2
FC792609-F6AA-4F4E-CE4A-08DE75074A91,43072b87-23d4-4ad6-88f8-7999ef3c86ca,2026-03-08,2
BB10AA34-7CEE-48C5-CE4B-08DE75074A91,a4ad082b-fd58-4e76-9864-5a0339b700be,2026-03-11,2
B540076E-0456-4AC6-CE4C-08DE75074A91,a4ad082b-fd58-4e76-9864-5a0339b700be,2026-03-25,2
86E2A0E7-D1DD-46D3-CE4D-08DE75074A91,9b1e36ac-7e99-4109-b4c6-9a85c1bf7719,2026-03-06,2
A0116A03-9F4A-49CF-CE4E-08DE75074A91,157e4c9d-980e-4897-ad5f-f4c5c301f195,2026-03-06,2
B7C4BAD9-E22A-4E10-CE4F-08DE75074A91,95bf29ca-f6b4-4fbb-88b1-46de45dcf625,2026-03-13,2
E7415F3E-B2EA-4963-CE50-08DE75074A91,95bf29ca-f6b4-4fbb-88b1-46de45dcf625,2026-03-15,2
90D0E473-7B8D-4B33-CE51-08DE75074A91,95bf29ca-f6b4-4fbb-88b1-46de45dcf625,2026-04-13,2
5AE87E4E-D0E3-4B45-CE52-08DE75074A91,95bf29ca-f6b4-4fbb-88b1-46de45dcf625,2026-03-22,2
6295D70B-6E50-4342-CE54-08DE75074A91,c71ec1ec-5e2b-4c33-8c89-de5897a207a6,2026-03-09,2
BCDA553C-657F-46C4-CE55-08DE75074A91,23585a8f-5bb9-44d7-a5f9-d7498c60ab2c,2026-03-09,2
298190C6-4E3D-4596-CE57-08DE75074A91,23585a8f-5bb9-44d7-a5f9-d7498c60ab2c,2026-03-12,1
F8A503F8-E4FB-4C3B-CE58-08DE75074A91,23585a8f-5bb9-44d7-a5f9-d7498c60ab2c,2026-03-16,1
4193E0A7-878D-4D79-CE59-08DE75074A91,23585a8f-5bb9-44d7-a5f9-d7498c60ab2c,2026-03-19,2
EC468332-C6E9-4950-CE5A-08DE75074A91,0d2b5c5a-8a41-4997-ad20-a604731bb160,2026-04-10,2
01EFD72A-54F7-4D79-E97B-08DE7589B3C3,1916bf76-0235-4795-91ba-407148f8a703,2026-03-10,2
6CC46135-C9D0-4AD3-0705-08DE75CF1652,c71ec1ec-5e2b-4c33-8c89-de5897a207a6,2026-05-09,2
D112130B-DB02-41B3-0706-08DE75CF1652,d5900ef2-17fd-42da-b9ea-b20a194fec05,2026-03-20,2
BAEFEC92-6EF6-4074-0707-08DE75CF1652,38b41087-0565-4dea-8ddf-e3b522a14368,2026-03-09,2
C781B6CB-8CA9-4307-0708-08DE75CF1652,d5900ef2-17fd-42da-b9ea-b20a194fec05,2026-03-18,2
287AB349-4451-4C7C-0709-08DE75CF1652,6663d684-ce88-47ff-a4f7-e40d3b82a13f,2026-04-15,1
9621B674-EAE4-4785-070A-08DE75CF1652,6663d684-ce88-47ff-a4f7-e40d3b82a13f,2026-04-16,1
42A91787-E345-4CEF-070B-08DE75CF1652,6663d684-ce88-47ff-a4f7-e40d3b82a13f,2026-04-17,1
82E12775-DB44-492B-070C-08DE75CF1652,6663d684-ce88-47ff-a4f7-e40d3b82a13f,2026-04-18,1
98DD16D2-52C5-431F-070D-08DE75CF1652,6663d684-ce88-47ff-a4f7-e40d3b82a13f,2026-04-19,1
3EA64A76-2843-4938-070E-08DE75CF1652,1a75df7a-e558-47c6-8af0-033582318b99,2026-03-13,2
EED53DEB-7192-4933-0710-08DE75CF1652,c720feeb-93e1-4d88-b275-525f95f377ee,2026-03-14,2
47391DAA-8740-4A3D-0711-08DE75CF1652,a4ad082b-fd58-4e76-9864-5a0339b700be,2026-03-10,2
2A231D02-7E11-4BA2-9220-08DE76395C09,d71b50b4-750e-4644-9786-becc6520c6d7,2026-03-11,2
B591BA56-D02B-4041-9221-08DE76395C09,d71b50b4-750e-4644-9786-becc6520c6d7,2026-03-12,2
1C1D243D-63AE-4495-9222-08DE76395C09,d71b50b4-750e-4644-9786-becc6520c6d7,2026-03-14,2
8BCADF0A-F3A5-4DA6-C963-08DE768DF311,57f57d9a-735a-4bcc-afb6-f2799bd738a4,2026-03-15,2
5328A2CA-5CBC-4E1E-C964-08DE768DF311,57f57d9a-735a-4bcc-afb6-f2799bd738a4,2026-03-10,2
9D4669AE-7C8E-4E10-C965-08DE768DF311,57f57d9a-735a-4bcc-afb6-f2799bd738a4,2026-03-12,2
9BBBDC2C-13C9-4769-41E3-08DE769AC318,299503c0-1a91-43dd-8b64-b2b35f44afd6,2026-03-16,2
7D4819F3-8390-4DCC-41E4-08DE769AC318,299503c0-1a91-43dd-8b64-b2b35f44afd6,2026-03-18,2
1A2421D3-992D-4AB5-41E5-08DE769AC318,ab577efb-8d05-4666-a51a-6b95edc5ec45,2026-03-17,2
D09DAE66-4377-40A8-41E7-08DE769AC318,ab577efb-8d05-4666-a51a-6b95edc5ec45,2026-03-19,1
874A61D5-D11D-4DF3-F6CC-08DE76D04B47,477951d3-95b8-4933-ad3b-ae6f86eafc55,2026-03-23,1
4C106CB5-3808-426C-3791-08DE76E47729,6663d684-ce88-47ff-a4f7-e40d3b82a13f,2026-03-09,2
1FC06E95-C4A7-4D23-3792-08DE76E47729,6663d684-ce88-47ff-a4f7-e40d3b82a13f,2026-03-10,2
7FB4E070-83DD-4302-3793-08DE76E47729,6663d684-ce88-47ff-a4f7-e40d3b82a13f,2026-03-15,2
1956E95D-BF06-4DD1-3794-08DE76E47729,1641a578-00b2-4973-955d-095bc254d709,2026-03-12,2
170DE951-DBBF-4820-3795-08DE76E47729,1641a578-00b2-4973-955d-095bc254d709,2026-03-14,2
A8D3DE80-6495-41DE-8829-08DE775B606D,4d71f5cd-5e03-4e0e-b17d-593586b88b99,2026-03-09,2
9791E2B8-03A3-4EBC-882A-08DE775B606D,4d71f5cd-5e03-4e0e-b17d-593586b88b99,2026-03-11,2
FC551D26-86B3-40FE-882B-08DE775B606D,4d71f5cd-5e03-4e0e-b17d-593586b88b99,2026-03-13,2
C2D904A6-06A8-402B-0FA0-08DE77961EEC,b8eaaef1-8890-4d24-8c6c-3db23f8812a0,2026-03-09,2
8ECD5241-3BBA-4845-0FA1-08DE77961EEC,43072b87-23d4-4ad6-88f8-7999ef3c86ca,2026-03-09,1
CDC98DD8-E23F-4EAD-0FA2-08DE77961EEC,43072b87-23d4-4ad6-88f8-7999ef3c86ca,2026-03-10,1
B91D8EB3-5A78-4C94-0FA3-08DE77961EEC,43072b87-23d4-4ad6-88f8-7999ef3c86ca,2026-03-11,1
C854CFC5-C3D9-42E4-A5F8-08DE77C54D12,c280d18d-86b9-4bba-85e6-2c00472efd9d,2026-03-12,2
94026D54-A1FE-4E0D-A5F9-08DE77C54D12,c280d18d-86b9-4bba-85e6-2c00472efd9d,2026-03-13,2
1CF8DEA4-A183-44F3-A5FA-08DE77C54D12,c280d18d-86b9-4bba-85e6-2c00472efd9d,2026-03-15,2
22AB9474-1222-4559-A5FB-08DE77C54D12,1a75df7a-e558-47c6-8af0-033582318b99,2026-03-15,2
4E82C050-9E43-454A-505D-08DE77D0C389,4afd5d07-d782-4b98-92cb-eea7ca0104bf,2026-03-12,2
FE55C0A7-A13B-4324-735E-08DE782DF532,4da65404-40f7-408c-8831-dec60d86d60b,2026-03-10,2
F5ECAB6A-9870-4436-735F-08DE782DF532,4da65404-40f7-408c-8831-dec60d86d60b,2026-03-13,2
6787959C-C132-4AFA-7360-08DE782DF532,4da65404-40f7-408c-8831-dec60d86d60b,2026-03-14,2
A5C1A397-C039-43DA-7361-08DE782DF532,95bf29ca-f6b4-4fbb-88b1-46de45dcf625,2026-03-21,2
D3143BB1-F3B9-42A6-7362-08DE782DF532,1641a578-00b2-4973-955d-095bc254d709,2026-03-10,1
A72A622B-6F80-4214-7363-08DE782DF532,1641a578-00b2-4973-955d-095bc254d709,2026-03-11,1
EA275635-D552-4076-7364-08DE782DF532,c720feeb-93e1-4d88-b275-525f95f377ee,2026-03-15,2
2EDEF0E6-BCE5-4B55-7365-08DE782DF532,ff7cc517-15bb-4dc9-a941-2902d92fc311,2026-03-27,2
BB367E5F-02F4-46BE-7366-08DE782DF532,0fac737b-0e61-46db-a27a-52730d65cb9a,2026-03-11,2
DCB66444-D71F-415D-7367-08DE782DF532,0fac737b-0e61-46db-a27a-52730d65cb9a,2026-03-12,2
09188001-C4A3-4023-7368-08DE782DF532,0fac737b-0e61-46db-a27a-52730d65cb9a,2026-03-13,2
DBDE6C28-2104-40E2-7369-08DE782DF532,b5ca6829-6ac9-4e18-96d7-3282ff6f3250,2026-12-23,1
DE921C4F-7C7D-4CB4-736A-08DE782DF532,b5ca6829-6ac9-4e18-96d7-3282ff6f3250,2026-12-24,1
1456F33F-AD08-49D8-736B-08DE782DF532,b5ca6829-6ac9-4e18-96d7-3282ff6f3250,2026-12-25,1
BC42A412-F570-4EDD-736C-08DE782DF532,b5ca6829-6ac9-4e18-96d7-3282ff6f3250,2026-12-26,1
AF6284F9-ED1D-402C-736D-08DE782DF532,b5ca6829-6ac9-4e18-96d7-3282ff6f3250,2026-12-27,1
E36004EF-2556-4707-736E-08DE782DF532,b5ca6829-6ac9-4e18-96d7-3282ff6f3250,2026-12-28,1
32A1104E-2032-497E-736F-08DE782DF532,b5ca6829-6ac9-4e18-96d7-3282ff6f3250,2026-12-29,1
4B6BF533-4DC6-451A-7370-08DE782DF532,b5ca6829-6ac9-4e18-96d7-3282ff6f3250,2026-12-30,1
900A2DFC-DF50-48BF-7371-08DE782DF532,b5ca6829-6ac9-4e18-96d7-3282ff6f3250,2026-12-31,1
5AEC7105-335A-4058-7372-08DE782DF532,9b1e36ac-7e99-4109-b4c6-9a85c1bf7719,2026-03-14,2
8285BB25-BADD-424B-73CF-08DE785ACA98,d5900ef2-17fd-42da-b9ea-b20a194fec05,2026-03-10,2
BCDD18D1-5AC0-43AE-73D2-08DE785ACA98,fafe9819-8c58-4398-a1cc-77584270b6ed,2026-03-14,2
587E5B89-995C-48A8-73D3-08DE785ACA98,11838d58-5415-42bd-8c7f-3bef4f9db2aa,2026-03-13,2
882728CE-D62B-4158-73D5-08DE785ACA98,413e6437-7712-4672-8d5f-80a6c94ef119,2026-03-13,2
5BBA1664-D17A-4913-73DA-08DE785ACA98,144bc00f-b27f-49a9-8664-9bcd79ea6975,2026-03-14,2
4C2BBEB2-F128-4429-73DB-08DE785ACA98,144bc00f-b27f-49a9-8664-9bcd79ea6975,2026-03-12,2
EB5E01F4-4C63-4926-73DE-08DE785ACA98,925fe8e4-a2de-433d-8c9d-b07fd34a8c36,2026-03-13,2
6A2AE7A6-EB19-4DD0-73DF-08DE785ACA98,38b41087-0565-4dea-8ddf-e3b522a14368,2026-03-15,1
B4B5ED8E-AC0D-4B6D-73E0-08DE785ACA98,38b41087-0565-4dea-8ddf-e3b522a14368,2026-03-16,1
84DA3DF1-4051-4D00-73E1-08DE785ACA98,38b41087-0565-4dea-8ddf-e3b522a14368,2026-03-17,1
DF308589-C643-478A-73E2-08DE785ACA98,1ddcffe7-c2ad-4836-a35b-75b12da1d336,2026-03-26,2
FAB4521D-2D52-4EBE-73E3-08DE785ACA98,38b41087-0565-4dea-8ddf-e3b522a14368,2026-03-14,2
0BB717CE-45C2-4B97-9980-08DE791A3BEC,2320cb1b-d64f-4486-aabe-9754c12a1d06,2026-03-09,1
D0AA7078-6582-4113-9981-08DE791A3BEC,2320cb1b-d64f-4486-aabe-9754c12a1d06,2026-03-10,1
41A9C571-30F3-4E3C-9982-08DE791A3BEC,2320cb1b-d64f-4486-aabe-9754c12a1d06,2026-03-11,1
454EAD22-C937-4183-9983-08DE791A3BEC,2320cb1b-d64f-4486-aabe-9754c12a1d06,2026-03-12,1
EB704778-8756-40E3-9984-08DE791A3BEC,2320cb1b-d64f-4486-aabe-9754c12a1d06,2026-03-13,1
D80D54C6-F631-4882-9985-08DE791A3BEC,6548dfd4-e2fb-4d11-8745-1f62d8dd322c,2026-03-09,1
CEFA91FB-2D36-42DA-9986-08DE791A3BEC,6548dfd4-e2fb-4d11-8745-1f62d8dd322c,2026-03-10,1
B96A81B9-243C-46A4-9987-08DE791A3BEC,6548dfd4-e2fb-4d11-8745-1f62d8dd322c,2026-03-11,1
B84A2C14-716F-45F8-9988-08DE791A3BEC,6548dfd4-e2fb-4d11-8745-1f62d8dd322c,2026-03-12,1
046E9F33-E7D0-4F6E-9989-08DE791A3BEC,6548dfd4-e2fb-4d11-8745-1f62d8dd322c,2026-03-13,1
78FCD576-42C1-450C-998A-08DE791A3BEC,66d45786-61fa-43a9-af9f-7a5341abfc6e,2026-03-09,1
5AC5C141-1FF3-4C40-998B-08DE791A3BEC,66d45786-61fa-43a9-af9f-7a5341abfc6e,2026-03-10,1
87DCC809-DAE4-4EF1-998C-08DE791A3BEC,66d45786-61fa-43a9-af9f-7a5341abfc6e,2026-03-11,1
9014B508-DA57-462B-998D-08DE791A3BEC,66d45786-61fa-43a9-af9f-7a5341abfc6e,2026-03-12,1
66D19C5A-FB41-4B8E-998E-08DE791A3BEC,66d45786-61fa-43a9-af9f-7a5341abfc6e,2026-03-13,1
9C126307-7F94-4F12-998F-08DE791A3BEC,ff7cc517-15bb-4dc9-a941-2902d92fc311,2026-03-21,2
A4E9FC2D-A65A-4E5B-9990-08DE791A3BEC,1b96029f-d249-4657-97e1-ce4086f265fc,2026-03-25,2
8A1F7FE3-E0D2-4B99-F091-08DE79BB6527,27e0791f-5767-4877-b1e4-c80aceb86623,2026-03-21,2
86BF7E6B-7516-40B4-F092-08DE79BB6527,27e0791f-5767-4877-b1e4-c80aceb86623,2026-03-28,2
E69D83B8-637D-4C9A-F093-08DE79BB6527,27e0791f-5767-4877-b1e4-c80aceb86623,2026-04-04,2
8539F96A-EEDB-4CEF-F094-08DE79BB6527,27e0791f-5767-4877-b1e4-c80aceb86623,2026-04-05,2
74B4B983-73EA-44C7-F095-08DE79BB6527,27e0791f-5767-4877-b1e4-c80aceb86623,2026-04-06,2
C8A1E635-B9F5-4C64-F096-08DE79BB6527,f538e494-84f3-4ea8-ae3b-f0f142294fbe,2026-03-22,2
AA3486F5-D27C-47D1-F097-08DE79BB6527,f538e494-84f3-4ea8-ae3b-f0f142294fbe,2026-03-23,2
F29BD019-8B01-4563-F098-08DE79BB6527,925fe8e4-a2de-433d-8c9d-b07fd34a8c36,2026-04-06,2
1F6C0FB4-587A-48D9-F099-08DE79BB6527,f488e272-24db-42ce-9d36-80a013657223,2026-03-17,2
233D811A-4214-4FCD-F09A-08DE79BB6527,f538e494-84f3-4ea8-ae3b-f0f142294fbe,2026-03-16,2
057BC6A4-8640-4DB2-DAF2-08DE7A8B9A85,4da65404-40f7-408c-8831-dec60d86d60b,2026-03-16,2
A3EA37F8-0583-4E3D-DAF3-08DE7A8B9A85,4da65404-40f7-408c-8831-dec60d86d60b,2026-03-17,2
DC42A5DF-79AE-4590-DAF4-08DE7A8B9A85,4da65404-40f7-408c-8831-dec60d86d60b,2026-03-18,2
35EE2DAC-464E-49B4-DAF5-08DE7A8B9A85,d5900ef2-17fd-42da-b9ea-b20a194fec05,2026-03-27,2
C0DBBE7D-E623-45C8-DAF6-08DE7A8B9A85,d5900ef2-17fd-42da-b9ea-b20a194fec05,2026-03-17,2
18500C4D-142A-476A-DAF8-08DE7A8B9A85,d5900ef2-17fd-42da-b9ea-b20a194fec05,2026-03-29,2
4C82D605-6533-405E-DAF9-08DE7A8B9A85,fa431862-6ab2-46f0-91f3-97ae1452fc85,2026-03-22,2
3B29812F-83AC-4C75-DAFA-08DE7A8B9A85,6663d684-ce88-47ff-a4f7-e40d3b82a13f,2026-03-17,2
48F0A2AD-2B96-4576-DAFB-08DE7A8B9A85,6663d684-ce88-47ff-a4f7-e40d3b82a13f,2026-03-20,2
0C209EDC-3983-4AA2-DAFC-08DE7A8B9A85,6663d684-ce88-47ff-a4f7-e40d3b82a13f,2026-03-21,2
0604014A-7D71-462C-DAFD-08DE7A8B9A85,2c075776-4fd8-49f3-b781-7842bd8156de,2026-03-17,2
E8F3EF31-6F61-4C4C-DAFE-08DE7A8B9A85,2c075776-4fd8-49f3-b781-7842bd8156de,2026-03-19,2
EADEC0D0-4E49-4751-DAFF-08DE7A8B9A85,2c075776-4fd8-49f3-b781-7842bd8156de,2026-03-21,2
3C9E5575-3A16-41E2-40F6-08DE7B4D4AF4,1641a578-00b2-4973-955d-095bc254d709,2026-03-16,2
8CFADBBC-F5AE-4086-40F7-08DE7B4D4AF4,1641a578-00b2-4973-955d-095bc254d709,2026-03-18,2
43D4BF79-75E9-41DB-40F8-08DE7B4D4AF4,1641a578-00b2-4973-955d-095bc254d709,2026-03-19,2
B86426B2-1BF4-4D73-40F9-08DE7B4D4AF4,299503c0-1a91-43dd-8b64-b2b35f44afd6,2026-03-23,2
AB615ECC-2229-429A-40FA-08DE7B4D4AF4,1a75df7a-e558-47c6-8af0-033582318b99,2026-03-17,2
0437C774-362B-426C-40FB-08DE7B4D4AF4,1a75df7a-e558-47c6-8af0-033582318b99,2026-03-19,2
3DDD222A-80F4-40CB-40FC-08DE7B4D4AF4,ab577efb-8d05-4666-a51a-6b95edc5ec45,2026-03-20,2
EC75B31F-9BA6-4D1D-40FD-08DE7B4D4AF4,e224e0ba-d92c-4e70-b675-2ff7e293c27c,2026-03-20,1
91E69B88-2BE0-4A2B-40FE-08DE7B4D4AF4,e224e0ba-d92c-4e70-b675-2ff7e293c27c,2026-03-23,1
9FDB1C06-0523-4D1B-40FF-08DE7B4D4AF4,299503c0-1a91-43dd-8b64-b2b35f44afd6,2026-03-24,1
2BE90E51-C347-480F-4100-08DE7B4D4AF4,299503c0-1a91-43dd-8b64-b2b35f44afd6,2026-06-06,1
A8EA56C6-D961-4F5F-4101-08DE7B4D4AF4,299503c0-1a91-43dd-8b64-b2b35f44afd6,2026-06-07,1
9C374682-2B24-4AFA-4102-08DE7B4D4AF4,299503c0-1a91-43dd-8b64-b2b35f44afd6,2026-06-05,2
8F43EE3B-444A-4EB8-4103-08DE7B4D4AF4,b5ca6829-6ac9-4e18-96d7-3282ff6f3250,2026-04-05,2
0F89F7E5-5575-4AA0-4106-08DE7B4D4AF4,299503c0-1a91-43dd-8b64-b2b35f44afd6,2026-06-08,2
3B4E09C3-BEAE-4834-4107-08DE7B4D4AF4,1b96029f-d249-4657-97e1-ce4086f265fc,2026-03-27,2
9FE018E0-642F-46E6-4108-08DE7B4D4AF4,fafe9819-8c58-4398-a1cc-77584270b6ed,2026-03-21,2
8510E3DE-39A8-4D06-4109-08DE7B4D4AF4,fafe9819-8c58-4398-a1cc-77584270b6ed,2026-03-22,2
CB31C5F3-63F3-441C-410A-08DE7B4D4AF4,fafe9819-8c58-4398-a1cc-77584270b6ed,2026-03-27,2
2F3E7AF0-E109-48DB-410B-08DE7B4D4AF4,b8eaaef1-8890-4d24-8c6c-3db23f8812a0,2026-03-18,2
159C95A9-C21B-4438-410C-08DE7B4D4AF4,10005f55-8589-4836-800d-4b8bba0bf675,2026-03-23,2
7AA82C29-42CD-4D3B-F3EA-08DE7C3546CA,a4ad082b-fd58-4e76-9864-5a0339b700be,2026-03-18,2
7D8138E0-98E3-4D3F-641E-08DE7C6AB0A0,8d97501c-e7a6-46e6-9882-10ee0dea5a69,2026-03-18,2
EC3E3C06-F2EF-4FD6-45F5-08DE7CFE41E2,1a75df7a-e558-47c6-8af0-033582318b99,2026-04-28,1
17252A6B-F81F-4A11-45F6-08DE7CFE41E2,1a75df7a-e558-47c6-8af0-033582318b99,2026-04-29,1
9B52043F-968D-4FD9-45F9-08DE7CFE41E2,1a75df7a-e558-47c6-8af0-033582318b99,2026-04-12,2
C61FCE2A-06C7-44DA-45FA-08DE7CFE41E2,1a75df7a-e558-47c6-8af0-033582318b99,2026-03-24,2
D6DD22FF-3EE9-4296-45FB-08DE7CFE41E2,1a75df7a-e558-47c6-8af0-033582318b99,2026-03-26,2
40E95DB0-1E99-4708-45FC-08DE7CFE41E2,1a75df7a-e558-47c6-8af0-033582318b99,2026-04-27,2
E2A69B0C-8D36-4C43-45FD-08DE7CFE41E2,1a75df7a-e558-47c6-8af0-033582318b99,2026-05-01,2
F7F946B9-7632-4703-8183-08DE7D156CB8,43072b87-23d4-4ad6-88f8-7999ef3c86ca,2026-03-16,2
97CE57BC-D30E-4D88-8184-08DE7D156CB8,43072b87-23d4-4ad6-88f8-7999ef3c86ca,2026-03-21,2
DE737A8E-DF5C-41AA-73CB-08DE7D2C8833,9b1e36ac-7e99-4109-b4c6-9a85c1bf7719,2026-03-19,2
348D0612-004A-49FD-EEEC-08DE7D343F8C,477951d3-95b8-4933-ad3b-ae6f86eafc55,2026-03-18,2
3EF2AC70-64B5-41E7-FA01-08DE7D6AF7A7,d71b50b4-750e-4644-9786-becc6520c6d7,2026-03-20,2
0B750B80-E282-4BD7-FA02-08DE7D6AF7A7,d71b50b4-750e-4644-9786-becc6520c6d7,2026-03-21,2
110AEFB9-0FB2-4C63-FA03-08DE7D6AF7A7,d71b50b4-750e-4644-9786-becc6520c6d7,2026-03-22,2
36015CEC-652F-4D70-2D1C-08DE7DA2590F,144bc00f-b27f-49a9-8664-9bcd79ea6975,2026-04-11,2
D1D48088-B571-45AE-2D1D-08DE7DA2590F,144bc00f-b27f-49a9-8664-9bcd79ea6975,2026-04-12,2
13FEC8A6-90F3-4D01-2D1E-08DE7DA2590F,144bc00f-b27f-49a9-8664-9bcd79ea6975,2026-03-21,2
1B9E6E12-DD90-477E-2D1F-08DE7DA2590F,144bc00f-b27f-49a9-8664-9bcd79ea6975,2026-03-22,2
6E4F340A-EF85-42FD-2D20-08DE7DA2590F,4d71f5cd-5e03-4e0e-b17d-593586b88b99,2026-03-16,2
F8D2BBC3-7331-467A-2D21-08DE7DA2590F,4d71f5cd-5e03-4e0e-b17d-593586b88b99,2026-03-17,2
05C455FD-0166-435C-2D22-08DE7DA2590F,23585a8f-5bb9-44d7-a5f9-d7498c60ab2c,2026-04-13,1
6201205F-9417-445A-2D23-08DE7DA2590F,144bc00f-b27f-49a9-8664-9bcd79ea6975,2026-03-24,1
F5BBF931-57CF-4D72-2D24-08DE7DA2590F,a4ad082b-fd58-4e76-9864-5a0339b700be,2026-03-21,2
7C96404C-99A0-4542-2D25-08DE7DA2590F,78732633-0af4-4912-9602-d3923d7c10d0,2026-03-22,2
631DC803-51EE-4B3B-2D26-08DE7DA2590F,78732633-0af4-4912-9602-d3923d7c10d0,2026-03-21,2
6C3B804D-65F1-4B8A-2D27-08DE7DA2590F,9b1e36ac-7e99-4109-b4c6-9a85c1bf7719,2026-03-22,2
AFF18275-CE23-41E7-77AF-08DE7E09C882,c280d18d-86b9-4bba-85e6-2c00472efd9d,2026-03-17,2
6F4285AF-FD41-450C-77B0-08DE7E09C882,c280d18d-86b9-4bba-85e6-2c00472efd9d,2026-03-18,2
E2C616AE-E7C6-41C2-77B1-08DE7E09C882,c280d18d-86b9-4bba-85e6-2c00472efd9d,2026-03-21,2
6B3F4700-4FFB-4C1A-D10C-08DE7E273709,9964c775-c7f7-42d2-9d2c-a75cb68487d1,2026-03-21,2
14379CE4-CCDC-409C-D10D-08DE7E273709,925fe8e4-a2de-433d-8c9d-b07fd34a8c36,2026-03-18,2
D2911191-2252-4042-848C-08DE7E98C8E0,144bc00f-b27f-49a9-8664-9bcd79ea6975,2026-03-19,2
EA3BA333-8626-41A6-49FF-08DE7EF98617,9b1e36ac-7e99-4109-b4c6-9a85c1bf7719,2026-03-23,2
7BD3E61A-2BE1-448E-77DC-08DE7F5BA011,157e4c9d-980e-4897-ad5f-f4c5c301f195,2026-03-17,1
672F5463-42FA-4EAA-77DD-08DE7F5BA011,299503c0-1a91-43dd-8b64-b2b35f44afd6,2026-03-25,2
06C7BB8C-35E0-422C-77DE-08DE7F5BA011,ff7cc517-15bb-4dc9-a941-2902d92fc311,2026-04-03,2
B7C3B011-C461-4C12-77DF-08DE7F5BA011,ff7cc517-15bb-4dc9-a941-2902d92fc311,2026-06-05,1
47A66AE9-8270-432C-77E0-08DE7F5BA011,ff7cc517-15bb-4dc9-a941-2902d92fc311,2026-06-06,1
BED7E317-CE8C-429F-77E1-08DE7F5BA011,ff7cc517-15bb-4dc9-a941-2902d92fc311,2026-06-07,1
1F3CCDA4-0022-4EF3-77E2-08DE7F5BA011,ff7cc517-15bb-4dc9-a941-2902d92fc311,2026-05-19,2
15C6AC06-1DB8-42BD-77E3-08DE7F5BA011,1916bf76-0235-4795-91ba-407148f8a703,2026-03-30,2
2DC57670-B279-45A0-77E4-08DE7F5BA011,1a75df7a-e558-47c6-8af0-033582318b99,2026-03-31,2
63409695-7366-4F61-77E5-08DE7F5BA011,1a75df7a-e558-47c6-8af0-033582318b99,2026-04-02,2
B3F846C5-8180-4F70-77E6-08DE7F5BA011,1a75df7a-e558-47c6-8af0-033582318b99,2026-04-21,2
DFA39769-A57A-4889-390C-08DE7F96F6B2,57f57d9a-735a-4bcc-afb6-f2799bd738a4,2026-03-30,2
21582A30-9B7D-4FE2-390D-08DE7F96F6B2,57f57d9a-735a-4bcc-afb6-f2799bd738a4,2026-04-01,2
3F02CFEE-CA02-4071-9677-08DE7FD8DD26,b5ca6829-6ac9-4e18-96d7-3282ff6f3250,2026-03-27,2
5DD9E428-4872-43EC-22B1-08DE801654E4,1ddcffe7-c2ad-4836-a35b-75b12da1d336,2026-04-12,2
EA13E1C9-AD78-413F-22B2-08DE801654E4,1ddcffe7-c2ad-4836-a35b-75b12da1d336,2026-04-13,2
DF546AFB-5ED6-432C-22B3-08DE801654E4,157e4c9d-980e-4897-ad5f-f4c5c301f195,2026-03-27,1
49757664-86A3-4B4A-22B4-08DE801654E4,157e4c9d-980e-4897-ad5f-f4c5c301f195,2026-03-28,1
07664553-E36A-4391-22B5-08DE801654E4,6663d684-ce88-47ff-a4f7-e40d3b82a13f,2026-03-24,2
8336BCBD-7F4D-43D2-22B6-08DE801654E4,fafe9819-8c58-4398-a1cc-77584270b6ed,2026-03-23,1
11997E32-B5EB-485B-22B7-08DE801654E4,d5900ef2-17fd-42da-b9ea-b20a194fec05,2026-03-26,2
7FAD198E-628C-4031-22B8-08DE801654E4,1916bf76-0235-4795-91ba-407148f8a703,2026-03-27,2
1C08EDFB-D854-4DB1-22B9-08DE801654E4,925fe8e4-a2de-433d-8c9d-b07fd34a8c36,2026-03-28,2
3E5FA318-6826-4687-22BA-08DE801654E4,ff7cc517-15bb-4dc9-a941-2902d92fc311,2026-03-28,2
B88573F1-E4B3-4B96-2EDE-08DE80D261E0,1a75df7a-e558-47c6-8af0-033582318b99,2026-03-30,2
9C34A890-7905-4A2C-2EDF-08DE80D261E0,1a75df7a-e558-47c6-8af0-033582318b99,2026-04-07,2
56E2D157-14DE-4833-2EE0-08DE80D261E0,1a75df7a-e558-47c6-8af0-033582318b99,2026-04-11,2
7DF00955-E940-4610-2EE1-08DE80D261E0,9249db54-a23a-48e5-847d-cae130c90544,2026-03-27,2
49EFDC08-D019-438A-7AB3-08DE80FEF09F,d6bb32c2-721c-4e93-b32d-96b031accd42,2026-03-24,2
A01B7DE5-119F-44EF-7AB4-08DE80FEF09F,c720feeb-93e1-4d88-b275-525f95f377ee,2026-03-25,2
8F9A066B-833A-49CB-7AB5-08DE80FEF09F,c720feeb-93e1-4d88-b275-525f95f377ee,2026-03-26,2
D3FB89E9-48F9-4ABB-7AB6-08DE80FEF09F,c720feeb-93e1-4d88-b275-525f95f377ee,2026-03-29,2
283FE3A0-C265-47CD-F3C9-08DE8113D820,157e4c9d-980e-4897-ad5f-f4c5c301f195,2026-03-25,2
D73D2BBD-2D7C-48DA-F3CA-08DE8113D820,4da65404-40f7-408c-8831-dec60d86d60b,2026-03-25,2
A06D25AD-84BD-47CA-F3CB-08DE8113D820,4da65404-40f7-408c-8831-dec60d86d60b,2026-03-26,2
B0C8A7AF-BF97-48E9-F3CC-08DE8113D820,d6bb32c2-721c-4e93-b32d-96b031accd42,2026-03-31,2
5D3A4935-6307-4954-F3CD-08DE8113D820,c71ec1ec-5e2b-4c33-8c89-de5897a207a6,2026-03-30,2
B7912D58-430C-4F16-F3CE-08DE8113D820,6663d684-ce88-47ff-a4f7-e40d3b82a13f,2026-03-30,2
C01096DA-E300-4F15-F3D0-08DE8113D820,57f57d9a-735a-4bcc-afb6-f2799bd738a4,2026-03-27,2
97D59F0B-A9C4-46BE-F3D1-08DE8113D820,b8eaaef1-8890-4d24-8c6c-3db23f8812a0,2026-03-25,2
94F1E8D7-59CE-4C0E-7D1B-08DE819C4C23,144bc00f-b27f-49a9-8664-9bcd79ea6975,2026-03-29,2
A3F8A2FB-8629-4FB2-20C2-08DE81BB0124,c5ce5a45-2b0a-40ff-a82f-ea5df6501805,2026-03-30,2
23069EAB-9361-4047-20C3-08DE81BB0124,c5ce5a45-2b0a-40ff-a82f-ea5df6501805,2026-04-01,2
B1E9777C-8D95-4A4B-20C4-08DE81BB0124,c5ce5a45-2b0a-40ff-a82f-ea5df6501805,2026-04-04,2
F0DE035E-A468-4453-20C5-08DE81BB0124,c5ce5a45-2b0a-40ff-a82f-ea5df6501805,2026-04-05,2
850C490F-BEC1-46FC-20C7-08DE81BB0124,c5ce5a45-2b0a-40ff-a82f-ea5df6501805,2026-04-08,2
21C6045A-A84C-4FAF-20C8-08DE81BB0124,c5ce5a45-2b0a-40ff-a82f-ea5df6501805,2026-04-13,2
D4497D20-5284-49AE-20C9-08DE81BB0124,c5ce5a45-2b0a-40ff-a82f-ea5df6501805,2026-04-15,2
47F77AE7-F917-4EEA-20CA-08DE81BB0124,c5ce5a45-2b0a-40ff-a82f-ea5df6501805,2026-04-20,2
E996E985-6585-4F3E-20CB-08DE81BB0124,c5ce5a45-2b0a-40ff-a82f-ea5df6501805,2026-03-25,2
26060ADC-F1B6-4AAC-20CC-08DE81BB0124,c5ce5a45-2b0a-40ff-a82f-ea5df6501805,2026-04-27,2
69B22971-68D8-4034-20CD-08DE81BB0124,c5ce5a45-2b0a-40ff-a82f-ea5df6501805,2026-04-29,2
29F45FA1-D0B0-46D6-20CE-08DE81BB0124,c5ce5a45-2b0a-40ff-a82f-ea5df6501805,2026-05-04,2
CE1A63B1-307F-478C-20CF-08DE81BB0124,c5ce5a45-2b0a-40ff-a82f-ea5df6501805,2026-05-06,2
C6AE7E80-7934-4F82-20D0-08DE81BB0124,c5ce5a45-2b0a-40ff-a82f-ea5df6501805,2026-05-11,2
6304F3D3-B6BC-45F9-20D1-08DE81BB0124,c5ce5a45-2b0a-40ff-a82f-ea5df6501805,2026-05-13,2
A234CC6F-9E25-48BB-20D2-08DE81BB0124,c5ce5a45-2b0a-40ff-a82f-ea5df6501805,2026-05-18,2
4E2FABE0-48E5-4DB5-20D3-08DE81BB0124,c5ce5a45-2b0a-40ff-a82f-ea5df6501805,2026-05-20,2
00B3566E-BFAA-4A1E-20D4-08DE81BB0124,c5ce5a45-2b0a-40ff-a82f-ea5df6501805,2026-05-25,2
1F025555-DC8C-40AC-20D5-08DE81BB0124,c5ce5a45-2b0a-40ff-a82f-ea5df6501805,2026-05-27,2
1EB35953-8EDC-48B3-20D6-08DE81BB0124,c5ce5a45-2b0a-40ff-a82f-ea5df6501805,2026-06-03,2
57058B6C-0331-4863-20D7-08DE81BB0124,c5ce5a45-2b0a-40ff-a82f-ea5df6501805,2026-06-08,2
CADA633B-E1C0-4574-20D8-08DE81BB0124,c5ce5a45-2b0a-40ff-a82f-ea5df6501805,2026-06-10,2
0BF7EC2A-620F-4765-20DA-08DE81BB0124,fa431862-6ab2-46f0-91f3-97ae1452fc85,2026-03-27,2
65A74F4A-03CC-4DCE-20DB-08DE81BB0124,fa431862-6ab2-46f0-91f3-97ae1452fc85,2026-03-28,2
E6A98533-29AD-4DFC-20DC-08DE81BB0124,2c075776-4fd8-49f3-b781-7842bd8156de,2026-03-23,2
5211500A-C01A-4887-20DD-08DE81BB0124,2c075776-4fd8-49f3-b781-7842bd8156de,2026-03-26,2
64A76D12-09DA-4513-20DE-08DE81BB0124,2c075776-4fd8-49f3-b781-7842bd8156de,2026-03-28,2
97487E67-5AD3-4B0E-6CDB-08DE82141C7E,d71b50b4-750e-4644-9786-becc6520c6d7,2026-03-25,2
4858FEDF-F44D-421B-6CDC-08DE82141C7E,d71b50b4-750e-4644-9786-becc6520c6d7,2026-03-26,2
8990FC6C-3455-4357-6CDD-08DE82141C7E,f538e494-84f3-4ea8-ae3b-f0f142294fbe,2026-03-24,1
A8E86215-8AE4-4556-6CDE-08DE82141C7E,d71b50b4-750e-4644-9786-becc6520c6d7,2026-03-28,2
66DEDE22-2582-428C-6CDF-08DE82141C7E,d71b50b4-750e-4644-9786-becc6520c6d7,2026-04-02,1
6C426409-430C-47F0-5B1A-08DE82607A79,1a75df7a-e558-47c6-8af0-033582318b99,2026-04-03,2
ED9ED969-98F7-41AA-5B1B-08DE82607A79,ff7cc517-15bb-4dc9-a941-2902d92fc311,2026-03-23,2
F6744227-E100-4984-5B1C-08DE82607A79,ab577efb-8d05-4666-a51a-6b95edc5ec45,2026-03-24,2
B54A6046-66B1-4874-5B1D-08DE82607A79,ab577efb-8d05-4666-a51a-6b95edc5ec45,2026-03-26,2
5F2286E6-B129-4EEA-5E2E-08DE829ED9B0,4d71f5cd-5e03-4e0e-b17d-593586b88b99,2026-03-27,2
3AC12F86-3611-4A81-1C5B-08DE8338F775,9b1e36ac-7e99-4109-b4c6-9a85c1bf7719,2026-03-30,2
0D2429A3-F10E-47D1-1C5C-08DE8338F775,9b1e36ac-7e99-4109-b4c6-9a85c1bf7719,2026-03-31,2
EAF62D6A-5756-4787-1C5D-08DE8338F775,fafe9819-8c58-4398-a1cc-77584270b6ed,2026-04-02,2
0A6A4109-84E1-4073-1C5E-08DE8338F775,9b1e36ac-7e99-4109-b4c6-9a85c1bf7719,2026-03-28,2
55452AB4-093F-44EE-1C5F-08DE8338F775,9b1e36ac-7e99-4109-b4c6-9a85c1bf7719,2026-03-29,2
571F8745-BBD0-4C3C-1C60-08DE8338F775,1641a578-00b2-4973-955d-095bc254d709,2026-03-26,2
4916B0FB-50E4-49BA-1C61-08DE8338F775,1641a578-00b2-4973-955d-095bc254d709,2026-03-27,1
3E7F4865-9E83-4E25-1C62-08DE8338F775,1641a578-00b2-4973-955d-095bc254d709,2026-03-28,1
66AF1D55-30E5-4C3D-1C63-08DE8338F775,1641a578-00b2-4973-955d-095bc254d709,2026-03-29,1
DBA5E20A-1DFE-444D-1C64-08DE8338F775,9b1e36ac-7e99-4109-b4c6-9a85c1bf7719,2026-04-04,2
285B8BDC-8788-46DF-1C65-08DE8338F775,9b1e36ac-7e99-4109-b4c6-9a85c1bf7719,2026-04-03,1
19691916-E8B6-464C-1C66-08DE8338F775,6663d684-ce88-47ff-a4f7-e40d3b82a13f,2026-03-31,2
58B8A4BD-0CA4-4456-1C67-08DE8338F775,d1123909-9ea0-46ac-b6bc-cd79543a0267,2026-03-29,2
E25AD97C-4EEC-4AE3-1C68-08DE8338F775,c720feeb-93e1-4d88-b275-525f95f377ee,2026-03-28,2
8AC30010-E49A-47A5-1C69-08DE8338F775,43072b87-23d4-4ad6-88f8-7999ef3c86ca,2026-03-25,2
E059D711-FD1A-4BB4-1C6A-08DE8338F775,c280d18d-86b9-4bba-85e6-2c00472efd9d,2026-03-25,2
34659B92-7B74-4B87-1C6C-08DE8338F775,c280d18d-86b9-4bba-85e6-2c00472efd9d,2026-03-26,2
10C82D7B-F54A-4F4D-1C6D-08DE8338F775,c280d18d-86b9-4bba-85e6-2c00472efd9d,2026-03-27,2
678ED9F6-C2D6-4B33-1C6E-08DE8338F775,a4ad082b-fd58-4e76-9864-5a0339b700be,2026-03-24,2
614F24C6-3473-4D4C-1C6F-08DE8338F775,43072b87-23d4-4ad6-88f8-7999ef3c86ca,2026-03-27,2
37308E76-C8DB-4341-1C70-08DE8338F775,fa431862-6ab2-46f0-91f3-97ae1452fc85,2026-05-20,1
9561BD2F-C7D5-4E3F-1C71-08DE8338F775,fa431862-6ab2-46f0-91f3-97ae1452fc85,2026-05-21,1
3E447EC5-1F07-4174-1C72-08DE8338F775,fa431862-6ab2-46f0-91f3-97ae1452fc85,2026-05-22,1
3459ED2A-35EF-4D47-1C73-08DE8338F775,fa431862-6ab2-46f0-91f3-97ae1452fc85,2026-05-23,1
27DA386A-E583-493A-1C74-08DE8338F775,ff7cc517-15bb-4dc9-a941-2902d92fc311,2026-04-05,2
AC4B9798-422B-4AA4-1C75-08DE8338F775,1ddcffe7-c2ad-4836-a35b-75b12da1d336,2026-03-27,2
12A4DFB6-8135-4F66-1C76-08DE8338F775,1ddcffe7-c2ad-4836-a35b-75b12da1d336,2026-03-28,2
FD5A63C8-3ECA-445D-20C6-08DE83A388C1,9964c775-c7f7-42d2-9d2c-a75cb68487d1,2026-03-29,2
3438434E-C33B-43BD-20C7-08DE83A388C1,1b96029f-d249-4657-97e1-ce4086f265fc,2026-03-31,2
DD0FC1D0-040C-4AD0-8CED-08DE83ED244B,d71b50b4-750e-4644-9786-becc6520c6d7,2026-04-05,2
73AF06BC-0ADB-4215-8CEE-08DE83ED244B,d71b50b4-750e-4644-9786-becc6520c6d7,2026-04-04,2
F2565069-4021-42C6-A6A3-08DE84150964,23585a8f-5bb9-44d7-a5f9-d7498c60ab2c,2026-05-12,2
C108D178-F006-4872-6D0F-08DE84350999,57f57d9a-735a-4bcc-afb6-f2799bd738a4,2026-04-04,2
E89086F7-546F-4179-6D10-08DE84350999,6663d684-ce88-47ff-a4f7-e40d3b82a13f,2026-04-04,2
FCE1E226-E622-4F1C-6D11-08DE84350999,144bc00f-b27f-49a9-8664-9bcd79ea6975,2026-04-05,2
13EC2C78-63D0-4AD8-E7CD-08DE84C4A2A7,f488e272-24db-42ce-9d36-80a013657223,2026-03-29,2
0BFE9764-14AA-4AAF-E7CE-08DE84C4A2A7,f538e494-84f3-4ea8-ae3b-f0f142294fbe,2026-03-31,2
14A9B24F-DCEC-4FCC-E7CF-08DE84C4A2A7,78732633-0af4-4912-9602-d3923d7c10d0,2026-04-08,2
E63EE1D3-2E46-4902-E7D0-08DE84C4A2A7,a4ad082b-fd58-4e76-9864-5a0339b700be,2026-03-30,2
7A10F72F-25C5-49DF-E7D1-08DE84C4A2A7,a4ad082b-fd58-4e76-9864-5a0339b700be,2026-03-31,2
376A503C-94FD-49DE-E7D2-08DE84C4A2A7,a4ad082b-fd58-4e76-9864-5a0339b700be,2026-04-01,2
1BFC7CFA-DD6B-40D3-E7D3-08DE84C4A2A7,a4ad082b-fd58-4e76-9864-5a0339b700be,2026-04-02,2
73799755-C38E-46D8-E7D4-08DE84C4A2A7,a4ad082b-fd58-4e76-9864-5a0339b700be,2026-04-03,2
4530546B-F120-4D44-E7D5-08DE84C4A2A7,a4ad082b-fd58-4e76-9864-5a0339b700be,2026-04-05,2
FCD3D9A3-9306-45EE-E7D6-08DE84C4A2A7,c5ce5a45-2b0a-40ff-a82f-ea5df6501805,2026-03-20,1
1C019426-2355-40D6-E7D7-08DE84C4A2A7,c5ce5a45-2b0a-40ff-a82f-ea5df6501805,2026-03-21,1
42E09C0A-31A1-41BE-E7D8-08DE84C4A2A7,c5ce5a45-2b0a-40ff-a82f-ea5df6501805,2026-03-22,1
C61B9268-3519-4C70-E7D9-08DE84C4A2A7,c5ce5a45-2b0a-40ff-a82f-ea5df6501805,2026-03-23,1
668F4818-94DE-444C-E7DA-08DE84C4A2A7,c5ce5a45-2b0a-40ff-a82f-ea5df6501805,2026-03-24,1
31E692A0-0EA7-4AEB-E7DB-08DE84C4A2A7,c5ce5a45-2b0a-40ff-a82f-ea5df6501805,2026-03-25,1
C356F402-5657-42D7-E7DC-08DE84C4A2A7,c5ce5a45-2b0a-40ff-a82f-ea5df6501805,2026-03-26,1
0CD539D1-0EF6-4ADF-E7DD-08DE84C4A2A7,c5ce5a45-2b0a-40ff-a82f-ea5df6501805,2026-03-27,1
364A99D0-6547-4089-E7DE-08DE84C4A2A7,c5ce5a45-2b0a-40ff-a82f-ea5df6501805,2026-03-28,1
EEC13A4B-68C1-487F-E7DF-08DE84C4A2A7,43072b87-23d4-4ad6-88f8-7999ef3c86ca,2026-04-04,2
FFEFA71B-D6F1-4382-E7E0-08DE84C4A2A7,9249db54-a23a-48e5-847d-cae130c90544,2026-04-05,2
AE22518D-E544-47DF-E7E1-08DE84C4A2A7,f538e494-84f3-4ea8-ae3b-f0f142294fbe,2026-03-26,2
5D17AA2E-993F-4E23-E7E2-08DE84C4A2A7,10005f55-8589-4836-800d-4b8bba0bf675,2026-04-01,1
4904768B-3C0B-4C82-E7E3-08DE84C4A2A7,10005f55-8589-4836-800d-4b8bba0bf675,2026-04-02,1
B8923707-046A-4584-E7E4-08DE84C4A2A7,10005f55-8589-4836-800d-4b8bba0bf675,2026-04-03,1
FBFBF50B-9727-42E4-E7E5-08DE84C4A2A7,10005f55-8589-4836-800d-4b8bba0bf675,2026-04-04,1
F290FDD0-F8D7-4333-E7E6-08DE84C4A2A7,38b41087-0565-4dea-8ddf-e3b522a14368,2026-04-06,2
26AAAF50-2E35-4A45-CF3A-08DE853754D6,d71b50b4-750e-4644-9786-becc6520c6d7,2026-04-03,2
ABC2E5BE-758C-4D93-CF3B-08DE853754D6,4d71f5cd-5e03-4e0e-b17d-593586b88b99,2026-04-06,1
CC91F737-04A7-4873-CF3C-08DE853754D6,4d71f5cd-5e03-4e0e-b17d-593586b88b99,2026-04-07,1
00FAC22D-7C5F-4406-2F38-08DE85B928A5,f488e272-24db-42ce-9d36-80a013657223,2026-03-30,2
9DC2CF7D-09FB-4DC0-2F39-08DE85B928A5,299503c0-1a91-43dd-8b64-b2b35f44afd6,2026-03-30,2
935D3B4A-ABB9-49D9-2F3A-08DE85B928A5,299503c0-1a91-43dd-8b64-b2b35f44afd6,2026-04-01,2
9AFBB07E-8BFC-4A6C-2F3B-08DE85B928A5,299503c0-1a91-43dd-8b64-b2b35f44afd6,2026-05-01,2
4FBE8E90-F1CB-45E6-AED6-08DE865633A9,9249db54-a23a-48e5-847d-cae130c90544,2026-04-01,2
0653C96B-3C5A-4E62-AED7-08DE865633A9,9b1e36ac-7e99-4109-b4c6-9a85c1bf7719,2026-04-02,2
61DEB120-66CF-44F4-AED8-08DE865633A9,1b96029f-d249-4657-97e1-ce4086f265fc,2026-04-01,2
74EBEE01-8AD3-4C04-C5B9-08DE8679578A,95bf29ca-f6b4-4fbb-88b1-46de45dcf625,2026-03-25,1
2943AD4B-BF34-4E4F-C022-08DE86DA85CF,ab577efb-8d05-4666-a51a-6b95edc5ec45,2026-04-03,2
B8413CFF-16BF-44AB-C023-08DE86DA85CF,ab577efb-8d05-4666-a51a-6b95edc5ec45,2026-04-14,2
D42B1DA0-F313-4982-C024-08DE86DA85CF,ab577efb-8d05-4666-a51a-6b95edc5ec45,2026-04-06,1
3A3BF499-7663-4E45-C025-08DE86DA85CF,ab577efb-8d05-4666-a51a-6b95edc5ec45,2026-04-07,1
66F87163-01CD-42F7-C026-08DE86DA85CF,ab577efb-8d05-4666-a51a-6b95edc5ec45,2026-04-08,1
A5A145CE-A70B-4D6C-C027-08DE86DA85CF,ab577efb-8d05-4666-a51a-6b95edc5ec45,2026-04-09,1
92234DDB-FB2B-4AC9-C028-08DE86DA85CF,ab577efb-8d05-4666-a51a-6b95edc5ec45,2026-04-10,1
65E3A5D4-7CFC-4674-C029-08DE86DA85CF,ab577efb-8d05-4666-a51a-6b95edc5ec45,2026-04-11,1
449F2A49-43C0-4265-C02A-08DE86DA85CF,ab577efb-8d05-4666-a51a-6b95edc5ec45,2026-04-12,1
B3865B62-F89D-4882-E5F3-08DE8717B34D,144bc00f-b27f-49a9-8664-9bcd79ea6975,2026-04-08,1
C91BE04B-72A4-4BBF-E5F4-08DE8717B34D,144bc00f-b27f-49a9-8664-9bcd79ea6975,2026-04-09,1
96ADE634-0FB5-4C1A-E5F5-08DE8717B34D,144bc00f-b27f-49a9-8664-9bcd79ea6975,2026-04-10,1
77951570-F7A4-44E5-E5F6-08DE8717B34D,144bc00f-b27f-49a9-8664-9bcd79ea6975,2026-04-11,1
EB889CDC-B3B1-4A3B-E5F7-08DE8717B34D,144bc00f-b27f-49a9-8664-9bcd79ea6975,2026-04-12,1
8CDF2F11-22CE-4941-E5F8-08DE8717B34D,144bc00f-b27f-49a9-8664-9bcd79ea6975,2026-04-13,1
03F0F0BD-C724-4014-E5F9-08DE8717B34D,144bc00f-b27f-49a9-8664-9bcd79ea6975,2026-04-14,1
0615B765-BBA6-46EC-E5FA-08DE8717B34D,c71ec1ec-5e2b-4c33-8c89-de5897a207a6,2026-04-07,1
FC6A2759-FDA5-4C57-E5FB-08DE8717B34D,c71ec1ec-5e2b-4c33-8c89-de5897a207a6,2026-04-08,1
CF999697-87C4-4840-E5FC-08DE8717B34D,7afecb62-aa18-4106-a82b-a906fa7e488d,2026-03-30,2
5ED30832-3629-40FD-E5FD-08DE8717B34D,7afecb62-aa18-4106-a82b-a906fa7e488d,2026-03-31,2
D62AF2C1-BC08-4BEA-E5FE-08DE8717B34D,4da65404-40f7-408c-8831-dec60d86d60b,2026-03-31,2
25735D65-C47B-43E9-E5FF-08DE8717B34D,4da65404-40f7-408c-8831-dec60d86d60b,2026-04-01,2
086A6090-A95A-439D-E600-08DE8717B34D,4da65404-40f7-408c-8831-dec60d86d60b,2026-04-03,2
374D2E96-0688-45A3-6083-08DE87E9794E,fafe9819-8c58-4398-a1cc-77584270b6ed,2026-04-05,2
EC6F4EEA-3D7D-4B5E-45CC-08DE87F284B8,43072b87-23d4-4ad6-88f8-7999ef3c86ca,2026-03-31,2
9B1CCD5C-B55D-408F-45CD-08DE87F284B8,43072b87-23d4-4ad6-88f8-7999ef3c86ca,2026-04-02,2
C44E2F87-7D21-4C59-83C1-08DE88242C32,2c075776-4fd8-49f3-b781-7842bd8156de,2026-03-30,2
89B9BD90-DB5C-49D5-83C2-08DE88242C32,2c075776-4fd8-49f3-b781-7842bd8156de,2026-04-01,2
10F03204-C35B-4B95-83C3-08DE88242C32,2c075776-4fd8-49f3-b781-7842bd8156de,2026-04-04,2
2ECE0AC3-A9BE-4B35-C9B5-08DE88B161F0,c720feeb-93e1-4d88-b275-525f95f377ee,2026-03-31,1
F56D0290-ABCC-4E4D-C9B6-08DE88B161F0,c720feeb-93e1-4d88-b275-525f95f377ee,2026-04-01,1
90FD4E5E-0A32-4768-C9B7-08DE88B161F0,1641a578-00b2-4973-955d-095bc254d709,2026-03-31,2
D0C06EC2-284D-4283-C9B8-08DE88B161F0,1641a578-00b2-4973-955d-095bc254d709,2026-04-02,2
349A549F-517D-44A4-C9BA-08DE88B161F0,11838d58-5415-42bd-8c7f-3bef4f9db2aa,2026-03-31,2
757E63DD-87EC-4EA8-C9BB-08DE88B161F0,0fac737b-0e61-46db-a27a-52730d65cb9a,2026-04-04,2
B9BA062B-391B-41CC-C9BC-08DE88B161F0,0fac737b-0e61-46db-a27a-52730d65cb9a,2026-04-05,2
2BF4A894-05F8-44B2-C9BF-08DE88B161F0,0fac737b-0e61-46db-a27a-52730d65cb9a,2026-04-03,2
11272960-BB8B-4777-C9C0-08DE88B161F0,ab577efb-8d05-4666-a51a-6b95edc5ec45,2026-03-31,2
2C213DC3-53A3-443B-C9C1-08DE88B161F0,57f57d9a-735a-4bcc-afb6-f2799bd738a4,2026-03-31,2
DB2D96C7-4C47-4746-C9C2-08DE88B161F0,57f57d9a-735a-4bcc-afb6-f2799bd738a4,2026-04-03,2
84B20290-8DC0-442F-C9C3-08DE88B161F0,1916bf76-0235-4795-91ba-407148f8a703,2026-04-05,1
7C88309A-DB15-4401-C9C4-08DE88B161F0,299503c0-1a91-43dd-8b64-b2b35f44afd6,2026-04-04,2
D0B34A4B-094A-4833-C9C5-08DE88B161F0,b8eaaef1-8890-4d24-8c6c-3db23f8812a0,2026-04-05,2
2BF7435B-19F9-4650-C9C6-08DE88B161F0,f488e272-24db-42ce-9d36-80a013657223,2026-04-05,2
69F8446B-5997-4028-C9C7-08DE88B161F0,9964c775-c7f7-42d2-9d2c-a75cb68487d1,2026-04-06,2
27F889EC-ED26-4C88-4E56-08DE89937958,477951d3-95b8-4933-ad3b-ae6f86eafc55,2026-04-06,2
D28C7BB4-3CC4-42B7-4E57-08DE89937958,477951d3-95b8-4933-ad3b-ae6f86eafc55,2026-04-07,1
D829A481-2DB3-4A08-4E58-08DE89937958,477951d3-95b8-4933-ad3b-ae6f86eafc55,2026-04-02,1
07D4D01F-93BF-472A-4E59-08DE89937958,78732633-0af4-4912-9602-d3923d7c10d0,2026-05-08,2
77C24A51-DEF3-4554-4E5A-08DE89937958,d6bb32c2-721c-4e93-b32d-96b031accd42,2026-04-07,2
E021D3E0-944F-4613-4E5B-08DE89937958,c720feeb-93e1-4d88-b275-525f95f377ee,2026-04-07,2
86674FC2-9C4D-47F9-4E5C-08DE89937958,c720feeb-93e1-4d88-b275-525f95f377ee,2026-04-08,2
1902DCC6-7E7E-4E4B-4E5D-08DE89937958,c720feeb-93e1-4d88-b275-525f95f377ee,2026-04-11,2
559250FA-54B0-4A42-4E5E-08DE89937958,c720feeb-93e1-4d88-b275-525f95f377ee,2026-04-12,2
C6096060-8944-4596-6B5E-08DE8A5D9B25,c280d18d-86b9-4bba-85e6-2c00472efd9d,2026-04-02,1
08E17C8F-1668-4E51-6B5F-08DE8A5D9B25,c280d18d-86b9-4bba-85e6-2c00472efd9d,2026-04-03,1
10E8530A-D380-4928-6B60-08DE8A5D9B25,c280d18d-86b9-4bba-85e6-2c00472efd9d,2026-04-04,1
BF4096C8-5889-4EC3-6B61-08DE8A5D9B25,c280d18d-86b9-4bba-85e6-2c00472efd9d,2026-04-06,1
AF08C667-818A-4109-6B62-08DE8A5D9B25,c280d18d-86b9-4bba-85e6-2c00472efd9d,2026-04-07,1
ACB8166E-FB3B-4E53-AF28-08DE8A9958C3,23585a8f-5bb9-44d7-a5f9-d7498c60ab2c,2026-05-16,2
100AC2BE-84AA-42DA-AF29-08DE8A9958C3,23585a8f-5bb9-44d7-a5f9-d7498c60ab2c,2026-04-06,2
8D47E941-5759-4981-20A9-08DE8B29D5C2,730acd68-bb73-4257-a670-dc3ab1bb6074,2026-03-25,1
AFDEB8DC-2AF6-45BA-20AA-08DE8B29D5C2,d6d79627-a1ee-4178-bd78-110fa1f3c100,2026-03-25,1
55BAF001-D4FC-4DBE-6A3E-08DE8BA0934D,ff7cc517-15bb-4dc9-a941-2902d92fc311,2026-04-16,2
BD4F0AC9-F52A-428B-6A3F-08DE8BA0934D,ff7cc517-15bb-4dc9-a941-2902d92fc311,2026-04-12,2
541616BD-88AB-4966-3056-08DE8C15EC1A,27e0791f-5767-4877-b1e4-c80aceb86623,2026-04-08,2
3FA6B257-1305-4096-3057-08DE8C15EC1A,27e0791f-5767-4877-b1e4-c80aceb86623,2026-04-11,2
F8C0927D-4001-4CE6-3058-08DE8C15EC1A,27e0791f-5767-4877-b1e4-c80aceb86623,2026-04-13,2
EBA8F4CE-170C-48B7-5E7C-08DE8C474C8B,1ddcffe7-c2ad-4836-a35b-75b12da1d336,2026-04-07,2
F112E337-031C-4715-AE8F-08DE8CCA6DCE,f538e494-84f3-4ea8-ae3b-f0f142294fbe,2026-04-09,2
FCE36109-8CC4-48FB-AE90-08DE8CCA6DCE,d5900ef2-17fd-42da-b9ea-b20a194fec05,2026-04-07,2
253C1E3B-C4B3-4F88-C85D-08DE8CE272DA,4da65404-40f7-408c-8831-dec60d86d60b,2026-04-09,1
D3A7F377-B5DE-4C12-E77B-08DE8CEB7AC5,d5900ef2-17fd-42da-b9ea-b20a194fec05,2026-04-08,2
664A5360-D92B-40E3-E77C-08DE8CEB7AC5,b8eaaef1-8890-4d24-8c6c-3db23f8812a0,2026-04-10,2
D3B07BF2-5B46-4B04-E77D-08DE8CEB7AC5,57f57d9a-735a-4bcc-afb6-f2799bd738a4,2026-04-07,2
F5BB768F-06E3-44DF-E77E-08DE8CEB7AC5,57f57d9a-735a-4bcc-afb6-f2799bd738a4,2026-04-09,2
122F2859-01A0-40BD-E77F-08DE8CEB7AC5,57f57d9a-735a-4bcc-afb6-f2799bd738a4,2026-04-12,2
4F0F9600-3C96-4983-E780-08DE8CEB7AC5,6663d684-ce88-47ff-a4f7-e40d3b82a13f,2026-04-07,2
C1A1AEF4-DEBA-4BF5-E781-08DE8CEB7AC5,6663d684-ce88-47ff-a4f7-e40d3b82a13f,2026-04-12,2
0DA4C52D-3D5C-48A9-1D3B-08DE8D50B7B5,4d71f5cd-5e03-4e0e-b17d-593586b88b99,2026-04-10,2
0979EEF4-4B63-40E0-1D3C-08DE8D50B7B5,2c075776-4fd8-49f3-b781-7842bd8156de,2026-04-07,2
0DF4934C-774D-4922-1D3D-08DE8D50B7B5,2c075776-4fd8-49f3-b781-7842bd8156de,2026-04-09,2
F61ECC28-5EF8-409D-1D3E-08DE8D50B7B5,2c075776-4fd8-49f3-b781-7842bd8156de,2026-04-11,2
41BBE418-F778-429C-1D3F-08DE8D50B7B5,1a75df7a-e558-47c6-8af0-033582318b99,2026-04-14,2
729B6007-19D2-4620-1D40-08DE8D50B7B5,1a75df7a-e558-47c6-8af0-033582318b99,2026-04-16,2
25C7F4C1-C6E7-4EA1-D469-08DE8D8A7AF8,43072b87-23d4-4ad6-88f8-7999ef3c86ca,2026-04-11,2
89C1E717-4743-4A61-D46A-08DE8D8A7AF8,43072b87-23d4-4ad6-88f8-7999ef3c86ca,2026-04-07,1
E5DD6A98-603A-475D-D46B-08DE8D8A7AF8,43072b87-23d4-4ad6-88f8-7999ef3c86ca,2026-04-09,2
6EF7C1AB-62E9-4152-D46C-08DE8D8A7AF8,ab577efb-8d05-4666-a51a-6b95edc5ec45,2026-04-20,2
D5AC9A4C-81F8-427B-BCD3-08DE8DA8BA77,a4ad082b-fd58-4e76-9864-5a0339b700be,2026-04-08,2
243BFBE5-61B9-4169-BCD4-08DE8DA8BA77,a4ad082b-fd58-4e76-9864-5a0339b700be,2026-04-22,2
1EB9F771-E2EF-426D-BCD5-08DE8DA8BA77,fa431862-6ab2-46f0-91f3-97ae1452fc85,2026-04-10,2
61280256-FA77-462D-5CB4-08DE8E21D7C1,477951d3-95b8-4933-ad3b-ae6f86eafc55,2026-04-11,2
4701DC8B-A48B-41DF-5CB5-08DE8E21D7C1,d71b50b4-750e-4644-9786-becc6520c6d7,2026-04-08,2
03D4F99A-7A86-40AF-5CB6-08DE8E21D7C1,d71b50b4-750e-4644-9786-becc6520c6d7,2026-04-11,2
D48709E0-3DB8-4AAE-5CB7-08DE8E21D7C1,157e4c9d-980e-4897-ad5f-f4c5c301f195,2026-03-07,2
6A9ABA67-27C1-42E8-5CB8-08DE8E21D7C1,157e4c9d-980e-4897-ad5f-f4c5c301f195,2026-04-11,2
DA85E26B-15C5-43B3-5CB9-08DE8E21D7C1,d5900ef2-17fd-42da-b9ea-b20a194fec05,2026-04-12,2
A2E0A9C1-27F1-4E04-5CBA-08DE8E21D7C1,8d97501c-e7a6-46e6-9882-10ee0dea5a69,2026-04-09,1
46F6B0AD-9181-415D-5CBB-08DE8E21D7C1,8d97501c-e7a6-46e6-9882-10ee0dea5a69,2026-04-07,2
6E256A23-0AF7-4805-5CBC-08DE8E21D7C1,8d97501c-e7a6-46e6-9882-10ee0dea5a69,2026-04-14,2
508226E8-F003-43E3-5CBD-08DE8E21D7C1,8d97501c-e7a6-46e6-9882-10ee0dea5a69,2026-04-20,2
651AED31-4F92-4DCF-5CBE-08DE8E21D7C1,d71b50b4-750e-4644-9786-becc6520c6d7,2026-04-07,2
115973F4-2091-4E87-5CBF-08DE8E21D7C1,d71b50b4-750e-4644-9786-becc6520c6d7,2026-04-24,1
E95CD602-3A71-4378-5CC0-08DE8E21D7C1,d71b50b4-750e-4644-9786-becc6520c6d7,2026-04-25,1
98585843-0F79-454A-5CC1-08DE8E21D7C1,d71b50b4-750e-4644-9786-becc6520c6d7,2026-04-26,1
E0B95C22-9F44-4155-5CC4-08DE8E21D7C1,4da65404-40f7-408c-8831-dec60d86d60b,2026-04-10,2
64D1AC44-1EC0-4CEF-5CC5-08DE8E21D7C1,4da65404-40f7-408c-8831-dec60d86d60b,2026-04-08,2
B50896E1-A8A6-471C-5CC6-08DE8E21D7C1,fafe9819-8c58-4398-a1cc-77584270b6ed,2026-04-11,2
E97C316C-A25F-4B95-5CC7-08DE8E21D7C1,23585a8f-5bb9-44d7-a5f9-d7498c60ab2c,2026-05-23,1
D9C553AE-63D3-472B-5CC8-08DE8E21D7C1,23585a8f-5bb9-44d7-a5f9-d7498c60ab2c,2026-05-24,1
B5C0A4EC-256E-4BC3-5CC9-08DE8E21D7C1,11838d58-5415-42bd-8c7f-3bef4f9db2aa,2026-04-10,2
ADDBD320-E5D9-463B-AAA8-08DE8E701615,1a75df7a-e558-47c6-8af0-033582318b99,2026-04-13,2
56C641BE-FF40-4379-AAA9-08DE8E701615,c280d18d-86b9-4bba-85e6-2c00472efd9d,2026-04-08,2
FF5667A3-3F19-4668-AAAA-08DE8E701615,c280d18d-86b9-4bba-85e6-2c00472efd9d,2026-04-09,2
BEDB0B29-E205-4AB2-AAAB-08DE8E701615,9249db54-a23a-48e5-847d-cae130c90544,2026-04-13,2
BEC01507-600F-4C5B-AAAC-08DE8E701615,c280d18d-86b9-4bba-85e6-2c00472efd9d,2026-04-10,2
D93A188E-E7B9-425A-B353-08DE8E9F08A8,9964c775-c7f7-42d2-9d2c-a75cb68487d1,2026-04-08,2
EAFBCEF9-D8CD-4F07-D3EC-08DE8EA5C1EC,9964c775-c7f7-42d2-9d2c-a75cb68487d1,2026-04-10,2
0FBA22CD-F068-486D-A847-08DE8EF7AE5E,78732633-0af4-4912-9602-d3923d7c10d0,2026-04-29,2
5DB07919-E4E8-4797-A848-08DE8EF7AE5E,51d48681-ace3-4be0-be3f-785f2a8ee280,2026-03-30,1
5313FA4C-1601-486F-A849-08DE8EF7AE5E,51d48681-ace3-4be0-be3f-785f2a8ee280,2026-03-31,1
98096508-6ACC-461E-A84A-08DE8EF7AE5E,51d48681-ace3-4be0-be3f-785f2a8ee280,2026-04-01,1
CCB56EE7-6989-48CC-A84B-08DE8EF7AE5E,0fac737b-0e61-46db-a27a-52730d65cb9a,2026-04-07,2
5807F0D4-EB52-452A-A84C-08DE8EF7AE5E,0fac737b-0e61-46db-a27a-52730d65cb9a,2026-04-09,2
CAC13B8A-C349-444F-A84D-08DE8EF7AE5E,0fac737b-0e61-46db-a27a-52730d65cb9a,2026-04-10,2
66ED3DE4-A4B1-4016-B417-08DE8F195A51,1a75df7a-e558-47c6-8af0-033582318b99,2026-04-30,2
946F78DC-182F-455F-B418-08DE8F195A51,2320cb1b-d64f-4486-aabe-9754c12a1d06,2026-04-11,1
A27C8A5A-88DD-4CDF-B419-08DE8F195A51,2320cb1b-d64f-4486-aabe-9754c12a1d06,2026-04-12,1
4C892FA1-5831-4847-B41A-08DE8F195A51,38b41087-0565-4dea-8ddf-e3b522a14368,2026-04-17,2
868A7A29-BCB3-4A22-B41B-08DE8F195A51,38b41087-0565-4dea-8ddf-e3b522a14368,2026-04-18,2
54D19671-6065-4490-1058-08DE8FC7CBCC,d6d79627-a1ee-4178-bd78-110fa1f3c100,2026-03-30,1
8F54DF06-8C60-48D2-1059-08DE8FC7CBCC,d6d79627-a1ee-4178-bd78-110fa1f3c100,2026-03-31,1
231AAED9-0938-4EEA-105A-08DE8FC7CBCC,d6d79627-a1ee-4178-bd78-110fa1f3c100,2026-04-01,1
588024C1-38B4-4AFE-105B-08DE8FC7CBCC,4afd5d07-d782-4b98-92cb-eea7ca0104bf,2026-04-07,2
72327809-43B3-41A0-105C-08DE8FC7CBCC,23585a8f-5bb9-44d7-a5f9-d7498c60ab2c,2026-04-19,2
F004D327-2095-4AE5-105D-08DE8FC7CBCC,c280d18d-86b9-4bba-85e6-2c00472efd9d,2026-04-13,2
A7D1FAAA-1D6F-49B3-105E-08DE8FC7CBCC,1a75df7a-e558-47c6-8af0-033582318b99,2026-04-26,2
542344F7-27E3-4ADE-105F-08DE8FC7CBCC,1a75df7a-e558-47c6-8af0-033582318b99,2026-04-22,2
F8992DF8-EC90-4408-1060-08DE8FC7CBCC,6663d684-ce88-47ff-a4f7-e40d3b82a13f,2026-04-13,2
822B1EF2-F3FF-4FBA-F8BD-08DE9088F807,1641a578-00b2-4973-955d-095bc254d709,2026-04-09,2
7D2289AA-B3F0-4C89-F8BE-08DE9088F807,1641a578-00b2-4973-955d-095bc254d709,2026-04-11,2
1EC8E4E6-5D9F-4A72-F8BF-08DE9088F807,a4ad082b-fd58-4e76-9864-5a0339b700be,2026-04-14,2
874E37D4-C36C-4673-F8C0-08DE9088F807,a4ad082b-fd58-4e76-9864-5a0339b700be,2026-04-15,2
E67FB6FB-8C53-4E03-F8C1-08DE9088F807,6663d684-ce88-47ff-a4f7-e40d3b82a13f,2026-05-20,1
FC097208-5853-4416-F8C2-08DE9088F807,6663d684-ce88-47ff-a4f7-e40d3b82a13f,2026-05-21,1
BC0EED14-3145-4B98-F8C3-08DE9088F807,6663d684-ce88-47ff-a4f7-e40d3b82a13f,2026-05-22,1
1A4BCD93-F340-4946-F8C4-08DE9088F807,6663d684-ce88-47ff-a4f7-e40d3b82a13f,2026-05-23,1
47ECEF0A-0350-4CBB-F8C5-08DE9088F807,6663d684-ce88-47ff-a4f7-e40d3b82a13f,2026-05-24,1
C8BBA2F6-4A08-404F-F8C6-08DE9088F807,d5900ef2-17fd-42da-b9ea-b20a194fec05,2026-04-13,2
621D9070-9AAD-4ECA-F8C7-08DE9088F807,c720feeb-93e1-4d88-b275-525f95f377ee,2026-04-17,2
C1D456F2-B8C4-4F42-F8C8-08DE9088F807,d5900ef2-17fd-42da-b9ea-b20a194fec05,2026-04-15,2
601CADE3-E0A0-4B23-F8C9-08DE9088F807,c720feeb-93e1-4d88-b275-525f95f377ee,2026-04-14,2
2267FF03-C4B9-44AC-F8CA-08DE9088F807,e224e0ba-d92c-4e70-b675-2ff7e293c27c,2026-04-03,1
CB4919D8-577F-4005-AA23-08DE9148C0AB,57f57d9a-735a-4bcc-afb6-f2799bd738a4,2026-05-13,2
167B16B1-5069-4D8F-AA24-08DE9148C0AB,57f57d9a-735a-4bcc-afb6-f2799bd738a4,2026-05-15,2
4614A917-46B3-4174-AA27-08DE9148C0AB,57f57d9a-735a-4bcc-afb6-f2799bd738a4,2026-05-14,1
721F46AA-A9FE-4132-AA28-08DE9148C0AB,c71ec1ec-5e2b-4c33-8c89-de5897a207a6,2026-04-19,2
7E89CB48-2782-44C4-AA29-08DE9148C0AB,23585a8f-5bb9-44d7-a5f9-d7498c60ab2c,2026-04-24,2
07583B11-A0BB-4B37-AA2A-08DE9148C0AB,2c075776-4fd8-49f3-b781-7842bd8156de,2026-04-14,2
94B4197E-9BC3-4906-AA2B-08DE9148C0AB,2c075776-4fd8-49f3-b781-7842bd8156de,2026-04-16,2
6BDC4989-BB1C-43F2-AA2C-08DE9148C0AB,2c075776-4fd8-49f3-b781-7842bd8156de,2026-04-18,2
00CC37E3-5566-443E-AA2D-08DE9148C0AB,b8eaaef1-8890-4d24-8c6c-3db23f8812a0,2026-04-19,2
084868D4-2B80-465C-AA2E-08DE9148C0AB,b8eaaef1-8890-4d24-8c6c-3db23f8812a0,2026-04-13,2
D412988C-2CCB-401F-AA2F-08DE9148C0AB,ff7cc517-15bb-4dc9-a941-2902d92fc311,2026-04-30,2
14DBD3FD-910D-4ECA-CE4D-08DE91AA9AB8,ff7cc517-15bb-4dc9-a941-2902d92fc311,2026-05-09,2
C78D4744-2CA7-47F4-CE4E-08DE91AA9AB8,ff7cc517-15bb-4dc9-a941-2902d92fc311,2026-05-15,2
DDFF01AA-B3EB-4C29-FBCD-08DE91FD7295,299503c0-1a91-43dd-8b64-b2b35f44afd6,2026-04-13,2
231BD5A3-637A-4F63-FBCE-08DE91FD7295,299503c0-1a91-43dd-8b64-b2b35f44afd6,2026-04-15,2
98D52725-95EC-47EA-4C11-08DE921E2620,4da65404-40f7-408c-8831-dec60d86d60b,2026-04-16,2
FF6FCB65-1296-47EE-4C12-08DE921E2620,4da65404-40f7-408c-8831-dec60d86d60b,2026-04-19,2
45C6B981-9103-4589-4C13-08DE921E2620,9c1113fb-90f9-4b8b-8fdd-bcc7b6b5365b,2026-04-24,1
D4B0C871-AD2C-45E2-4C14-08DE921E2620,9c1113fb-90f9-4b8b-8fdd-bcc7b6b5365b,2026-04-25,1
7E18C0FF-FF60-493A-4C15-08DE921E2620,9c1113fb-90f9-4b8b-8fdd-bcc7b6b5365b,2026-04-26,1
4F4A08D8-1906-4C6E-4C16-08DE921E2620,9c1113fb-90f9-4b8b-8fdd-bcc7b6b5365b,2026-04-27,1
15AC33D3-2026-4F17-4C17-08DE921E2620,144bc00f-b27f-49a9-8664-9bcd79ea6975,2026-04-18,2
C642C0B9-FA4E-439B-4C18-08DE921E2620,b8eaaef1-8890-4d24-8c6c-3db23f8812a0,2026-04-17,2
E7AB5F36-29CB-4C80-EBC9-08DE924BC78C,1b96029f-d249-4657-97e1-ce4086f265fc,2026-04-20,2
AE5540F8-3EE3-46D0-BA00-08DE928EC18E,d71b50b4-750e-4644-9786-becc6520c6d7,2026-04-17,2
B4C6F0A0-90B0-401A-BA01-08DE928EC18E,d71b50b4-750e-4644-9786-becc6520c6d7,2026-04-18,2
AD972CF0-3B21-48D2-BA02-08DE928EC18E,d71b50b4-750e-4644-9786-becc6520c6d7,2026-04-14,2
58DC7282-697B-4268-0A7B-08DE92A8CFD5,925fe8e4-a2de-433d-8c9d-b07fd34a8c36,2026-04-23,2
1048D46C-28FE-4639-0A7C-08DE92A8CFD5,925fe8e4-a2de-433d-8c9d-b07fd34a8c36,2026-04-23,2
342A6CD3-CE50-49CF-1622-08DE92DCD478,43072b87-23d4-4ad6-88f8-7999ef3c86ca,2026-04-18,2
E4267A31-EEEB-4FEB-1623-08DE92DCD478,43072b87-23d4-4ad6-88f8-7999ef3c86ca,2026-04-13,2
8CD7C353-851B-4C9D-1624-08DE92DCD478,43072b87-23d4-4ad6-88f8-7999ef3c86ca,2026-04-16,2
A1261D5D-58CE-467F-1625-08DE92DCD478,27e0791f-5767-4877-b1e4-c80aceb86623,2026-04-24,2
BAE8A37C-6620-4D5C-1626-08DE92DCD478,27e0791f-5767-4877-b1e4-c80aceb86623,2026-04-27,2
D31EDA08-A981-4C05-1627-08DE92DCD478,27e0791f-5767-4877-b1e4-c80aceb86623,2026-05-09,2
F7CEA1A5-79BF-40F8-1628-08DE92DCD478,fafe9819-8c58-4398-a1cc-77584270b6ed,2026-04-24,2
524B7269-54FC-45CB-1629-08DE92DCD478,fafe9819-8c58-4398-a1cc-77584270b6ed,2026-04-25,2
90E1C079-95F7-4726-162A-08DE92DCD478,b5ca6829-6ac9-4e18-96d7-3282ff6f3250,2026-04-24,2
809F5242-54D7-43A2-162B-08DE92DCD478,43072b87-23d4-4ad6-88f8-7999ef3c86ca,2026-05-11,1
56204C67-1425-457C-162C-08DE92DCD478,43072b87-23d4-4ad6-88f8-7999ef3c86ca,2026-05-12,1
3C4DF2F1-EFEE-44D7-162D-08DE92DCD478,43072b87-23d4-4ad6-88f8-7999ef3c86ca,2026-05-13,1
6C693A2B-B617-4AF3-162E-08DE92DCD478,43072b87-23d4-4ad6-88f8-7999ef3c86ca,2026-05-14,1
BD077E92-1986-4684-162F-08DE92DCD478,43072b87-23d4-4ad6-88f8-7999ef3c86ca,2026-05-15,1
FEBB393C-AA49-40D9-1630-08DE92DCD478,43072b87-23d4-4ad6-88f8-7999ef3c86ca,2026-05-16,1
5215694C-F306-43F5-1631-08DE92DCD478,43072b87-23d4-4ad6-88f8-7999ef3c86ca,2026-05-17,1
5A1CB106-7EB0-4C40-1632-08DE92DCD478,38b41087-0565-4dea-8ddf-e3b522a14368,2026-04-16,2
E5FBE5AB-3B95-45E4-1633-08DE92DCD478,4d71f5cd-5e03-4e0e-b17d-593586b88b99,2026-04-14,2
C1A9B223-1DF5-478D-1634-08DE92DCD478,4d71f5cd-5e03-4e0e-b17d-593586b88b99,2026-04-15,2
C8F11C2A-425A-40F6-1635-08DE92DCD478,4d71f5cd-5e03-4e0e-b17d-593586b88b99,2026-04-17,2
027C2F73-8D71-47BA-1636-08DE92DCD478,477951d3-95b8-4933-ad3b-ae6f86eafc55,2026-04-18,2
0361A0BD-BE80-4ACF-1637-08DE92DCD478,477951d3-95b8-4933-ad3b-ae6f86eafc55,2026-04-19,2
92C4FD37-6541-41B9-1638-08DE92DCD478,9964c775-c7f7-42d2-9d2c-a75cb68487d1,2026-04-17,2
D571FEE8-C1D6-4C53-40A2-08DE934E2E0A,1641a578-00b2-4973-955d-095bc254d709,2026-04-14,2
6A814561-E054-40B9-845C-08DE936A58D7,413e6437-7712-4672-8d5f-80a6c94ef119,2026-04-14,2
9C31F3B1-CB1A-4FC0-35B8-08DE939C4E4E,57f57d9a-735a-4bcc-afb6-f2799bd738a4,2026-04-15,2
CD6039F8-ABF9-4230-35B9-08DE939C4E4E,57f57d9a-735a-4bcc-afb6-f2799bd738a4,2026-04-14,2
ECD8C841-F412-4185-35BA-08DE939C4E4E,57f57d9a-735a-4bcc-afb6-f2799bd738a4,2026-04-17,2
267D610F-05FB-49B0-35BB-08DE939C4E4E,57f57d9a-735a-4bcc-afb6-f2799bd738a4,2026-04-26,2
1BB3734E-ED73-498D-D090-08DE93A654F7,1b96029f-d249-4657-97e1-ce4086f265fc,2026-04-15,2
BA50220E-B7CF-4E05-D091-08DE93A654F7,a4ad082b-fd58-4e76-9864-5a0339b700be,2026-04-20,2
48693700-DC6A-48FE-BD48-08DE93BD99D1,6663d684-ce88-47ff-a4f7-e40d3b82a13f,2026-04-21,2
CB68E84D-7FFA-43B8-BD49-08DE93BD99D1,6663d684-ce88-47ff-a4f7-e40d3b82a13f,2026-04-26,2
3FAB6076-B5BD-4D3D-BD4B-08DE93BD99D1,6663d684-ce88-47ff-a4f7-e40d3b82a13f,2026-04-28,2
72B8082A-58BC-496A-BD4C-08DE93BD99D1,6663d684-ce88-47ff-a4f7-e40d3b82a13f,2026-04-30,2
4568380A-8DC1-4091-BD4D-08DE93BD99D1,6663d684-ce88-47ff-a4f7-e40d3b82a13f,2026-05-01,2
C3902DFD-B649-4E0D-F03C-08DE93ECA164,f538e494-84f3-4ea8-ae3b-f0f142294fbe,2026-05-15,2
B963BBE3-BCC3-43D2-4928-08DE9416AB79,4da65404-40f7-408c-8831-dec60d86d60b,2026-04-15,2
0F5AAEFC-028B-4619-8E09-08DE941FFCF0,fa431862-6ab2-46f0-91f3-97ae1452fc85,2026-04-17,2
E3181334-8361-4CFA-83EF-08DE948C8DCA,6663d684-ce88-47ff-a4f7-e40d3b82a13f,2026-04-20,2
F82E33C3-CC31-43FA-83F0-08DE948C8DCA,f17d430a-5b83-47c8-ac20-77c5fe7864f7,2026-04-16,2
53EC01B5-84D7-42FF-F7C7-08DE9543C551,1641a578-00b2-4973-955d-095bc254d709,2026-04-13,2
2873E8CC-71D2-46E8-F7C8-08DE9543C551,a4ad082b-fd58-4e76-9864-5a0339b700be,2026-04-13,2
6F161D40-0841-4977-F7C9-08DE9543C551,a4ad082b-fd58-4e76-9864-5a0339b700be,2026-04-16,2
F3988E76-D7EF-4AD7-F7CA-08DE9543C551,a4ad082b-fd58-4e76-9864-5a0339b700be,2026-04-17,2
E907F406-9301-48F9-E54D-08DE95706D9A,477951d3-95b8-4933-ad3b-ae6f86eafc55,2026-04-14,2
254E5A46-F770-40FD-B87C-08DE95F83A2B,c71ec1ec-5e2b-4c33-8c89-de5897a207a6,2026-04-21,2
6D7F7B4D-05D9-4F1D-B87D-08DE95F83A2B,c71ec1ec-5e2b-4c33-8c89-de5897a207a6,2026-04-21,2
0AB67284-FAD0-4D19-B87E-08DE95F83A2B,6663d684-ce88-47ff-a4f7-e40d3b82a13f,2026-04-22,2
3382924B-BFC0-4DA2-A371-08DE9619EEED,d5900ef2-17fd-42da-b9ea-b20a194fec05,2026-04-26,2
C8D0EFD4-6A55-4EB9-A372-08DE9619EEED,d5900ef2-17fd-42da-b9ea-b20a194fec05,2026-04-21,2
5A488BAA-A576-4795-A373-08DE9619EEED,c5ce5a45-2b0a-40ff-a82f-ea5df6501805,2026-04-18,2
015A649E-EC80-4728-A374-08DE9619EEED,c5ce5a45-2b0a-40ff-a82f-ea5df6501805,2026-04-19,2
63D4F267-986B-41A7-A375-08DE9619EEED,157e4c9d-980e-4897-ad5f-f4c5c301f195,2026-04-24,1
D9F044A7-F41D-4F08-A376-08DE9619EEED,157e4c9d-980e-4897-ad5f-f4c5c301f195,2026-04-21,2
52D47BEE-5BAC-45F5-A377-08DE9619EEED,1641a578-00b2-4973-955d-095bc254d709,2026-04-16,2
EED761BE-E878-4FB9-A378-08DE9619EEED,299503c0-1a91-43dd-8b64-b2b35f44afd6,2026-04-20,2
D587AAE0-F579-4E67-A379-08DE9619EEED,299503c0-1a91-43dd-8b64-b2b35f44afd6,2026-04-22,2
E6BC07F0-993C-4BB1-A37A-08DE9619EEED,ff7cc517-15bb-4dc9-a941-2902d92fc311,2026-05-16,1
3D943871-1031-46A4-A37B-08DE9619EEED,ff7cc517-15bb-4dc9-a941-2902d92fc311,2026-05-17,1
7D54DEF9-D980-44E3-A37C-08DE9619EEED,1ddcffe7-c2ad-4836-a35b-75b12da1d336,2026-04-17,2
C747F967-F778-40D6-A37D-08DE9619EEED,1ddcffe7-c2ad-4836-a35b-75b12da1d336,2026-04-18,2
661A02FA-3959-4CAF-A37E-08DE9619EEED,1ddcffe7-c2ad-4836-a35b-75b12da1d336,2026-04-18,2
B9C21EB8-3B26-4B1D-A37F-08DE9619EEED,0fac737b-0e61-46db-a27a-52730d65cb9a,2026-04-16,2
B62D3159-4AA2-4658-64CF-08DE970A3238,b8eaaef1-8890-4d24-8c6c-3db23f8812a0,2026-04-23,2
54B22D59-2CDF-4123-64D0-08DE970A3238,c71ec1ec-5e2b-4c33-8c89-de5897a207a6,2026-07-04,2
D8303813-FB7E-4A4B-64D1-08DE970A3238,4da65404-40f7-408c-8831-dec60d86d60b,2026-04-20,2
84AD31EA-3E9C-4A52-64D2-08DE970A3238,4da65404-40f7-408c-8831-dec60d86d60b,2026-04-21,2
BF55F05A-129A-49F8-64D3-08DE970A3238,4da65404-40f7-408c-8831-dec60d86d60b,2026-04-22,2
910D64AC-B872-4EAE-64D4-08DE970A3238,1916bf76-0235-4795-91ba-407148f8a703,2026-04-25,2
E4DA1CD1-5DBD-40D1-64D5-08DE970A3238,1916bf76-0235-4795-91ba-407148f8a703,2026-04-26,2
1B9BA2BD-A2A6-4495-64D6-08DE970A3238,fa431862-6ab2-46f0-91f3-97ae1452fc85,2026-04-24,2
E4E53AAB-8FD8-4B99-64D7-08DE970A3238,fa431862-6ab2-46f0-91f3-97ae1452fc85,2026-04-25,2
221D335E-A303-4F09-D873-08DE97B852D7,d5900ef2-17fd-42da-b9ea-b20a194fec05,2026-04-23,2
94794BFB-5949-4FA2-8260-08DE97E97378,1a75df7a-e558-47c6-8af0-033582318b99,2026-05-05,2
819E957E-68F8-4722-8261-08DE97E97378,1a75df7a-e558-47c6-8af0-033582318b99,2026-05-07,2
7042CF7E-1BBA-4AB3-8262-08DE97E97378,1a75df7a-e558-47c6-8af0-033582318b99,2026-05-08,2
5144453C-4C03-420F-8263-08DE97E97378,1ddcffe7-c2ad-4836-a35b-75b12da1d336,2026-04-22,2
1DCF3A0F-AD81-49CE-F8D9-08DE985BE8E1,27e0791f-5767-4877-b1e4-c80aceb86623,2026-05-05,1
E817F798-6C32-4C98-F8DA-08DE985BE8E1,27e0791f-5767-4877-b1e4-c80aceb86623,2026-05-06,1
BC7E6232-D23F-42C4-F8DB-08DE985BE8E1,27e0791f-5767-4877-b1e4-c80aceb86623,2026-05-07,1
790C5E72-FBB7-4001-F8DC-08DE985BE8E1,27e0791f-5767-4877-b1e4-c80aceb86623,2026-05-08,1
12C5A9FE-9231-44B1-F8DD-08DE985BE8E1,27e0791f-5767-4877-b1e4-c80aceb86623,2026-05-14,2
418F70F0-F3C3-4F9B-F8DE-08DE985BE8E1,27e0791f-5767-4877-b1e4-c80aceb86623,2026-04-26,2
9010282B-AC1B-4530-F8DF-08DE985BE8E1,27e0791f-5767-4877-b1e4-c80aceb86623,2026-05-24,2
DBDF7654-03C9-4A84-F8E0-08DE985BE8E1,27e0791f-5767-4877-b1e4-c80aceb86623,2026-06-07,2
36BCB96E-3F7F-4404-F8E1-08DE985BE8E1,4d71f5cd-5e03-4e0e-b17d-593586b88b99,2026-04-21,2
16818917-9FCE-4CB3-F8E2-08DE985BE8E1,4d71f5cd-5e03-4e0e-b17d-593586b88b99,2026-04-22,2
7472A2FB-1F2D-4C2A-F8E3-08DE985BE8E1,4d71f5cd-5e03-4e0e-b17d-593586b88b99,2026-04-24,2
FDEECA61-5BF4-41D1-950D-08DE987547BD,1641a578-00b2-4973-955d-095bc254d709,2026-04-21,2
B3B8D272-F7C5-4B13-950E-08DE987547BD,1641a578-00b2-4973-955d-095bc254d709,2026-04-23,2
D6ECB777-5613-42FE-950F-08DE987547BD,1641a578-00b2-4973-955d-095bc254d709,2026-04-25,2
9C1C77F7-EE71-4792-9510-08DE987547BD,925fe8e4-a2de-433d-8c9d-b07fd34a8c36,2026-06-01,1
3AFD62F7-D7BB-450A-9511-08DE987547BD,925fe8e4-a2de-433d-8c9d-b07fd34a8c36,2026-06-02,1
394DA53B-3E21-4B91-9512-08DE987547BD,925fe8e4-a2de-433d-8c9d-b07fd34a8c36,2026-05-30,2
14EE2EE1-D449-4D7B-9513-08DE987547BD,925fe8e4-a2de-433d-8c9d-b07fd34a8c36,2026-05-31,2
88A70F98-4E40-4BD2-256C-08DE98A8D9FA,0fac737b-0e61-46db-a27a-52730d65cb9a,2026-04-21,2
200495DB-1920-4795-256D-08DE98A8D9FA,0fac737b-0e61-46db-a27a-52730d65cb9a,2026-04-25,2
593505B3-1A1F-4F2C-256E-08DE98A8D9FA,0fac737b-0e61-46db-a27a-52730d65cb9a,2026-04-26,2
7639A468-CB14-46CF-256F-08DE98A8D9FA,0fac737b-0e61-46db-a27a-52730d65cb9a,2026-04-30,2
8BFE8D8A-A2E7-4702-2570-08DE98A8D9FA,0fac737b-0e61-46db-a27a-52730d65cb9a,2026-04-28,2
851BBDBF-9AA3-43AC-2571-08DE98A8D9FA,d71b50b4-750e-4644-9786-becc6520c6d7,2026-04-21,2
DE5BF471-AA1E-489B-B5BD-08DE98CB9261,144bc00f-b27f-49a9-8664-9bcd79ea6975,2026-04-20,2
CCEDE81A-8657-439E-B5BE-08DE98CB9261,144bc00f-b27f-49a9-8664-9bcd79ea6975,2026-04-26,2
0260DF4D-AA74-428F-B5BF-08DE98CB9261,144bc00f-b27f-49a9-8664-9bcd79ea6975,2026-05-10,2
2BB89B36-644F-4E2F-B5C0-08DE98CB9261,144bc00f-b27f-49a9-8664-9bcd79ea6975,2026-05-09,2
BD86A3DC-4972-4147-4B65-08DE98D6D468,2c075776-4fd8-49f3-b781-7842bd8156de,2026-04-20,2
83DFB2B7-58D6-4D0E-4B66-08DE98D6D468,2c075776-4fd8-49f3-b781-7842bd8156de,2026-04-22,2
CA41BBA0-F36F-47CE-4B67-08DE98D6D468,2c075776-4fd8-49f3-b781-7842bd8156de,2026-04-25,2
296F9323-DF64-40AA-582B-08DE98F51D9B,27e0791f-5767-4877-b1e4-c80aceb86623,2026-05-23,2
F73D748F-A526-4E2D-8BA7-08DE992963C6,b8eaaef1-8890-4d24-8c6c-3db23f8812a0,2026-04-24,2
6DB63EE7-ACB2-4DB2-8BA8-08DE992963C6,a4ad082b-fd58-4e76-9864-5a0339b700be,2026-04-24,2
24CF20D7-EE3D-4789-8BA9-08DE992963C6,e224e0ba-d92c-4e70-b675-2ff7e293c27c,2026-04-14,1
51671AD2-D8BB-4BAA-8BAA-08DE992963C6,ff7cc517-15bb-4dc9-a941-2902d92fc311,2026-04-20,2
D8405B21-C589-440D-8BAB-08DE992963C6,d5900ef2-17fd-42da-b9ea-b20a194fec05,2026-04-30,2
2DF74035-6CD1-4561-8BAC-08DE992963C6,fafe9819-8c58-4398-a1cc-77584270b6ed,2026-05-01,2
B7C38E91-6F64-49F8-8BAD-08DE992963C6,fafe9819-8c58-4398-a1cc-77584270b6ed,2026-05-03,2
A1F75109-22A6-4E59-8BAF-08DE992963C6,57f57d9a-735a-4bcc-afb6-f2799bd738a4,2026-04-22,2
2664CCD1-86ED-4221-8BB0-08DE992963C6,38b41087-0565-4dea-8ddf-e3b522a14368,2026-04-22,2
8F5B3FEF-6D44-4E67-8BB1-08DE992963C6,38b41087-0565-4dea-8ddf-e3b522a14368,2026-04-23,2
8C2CF36E-2DAD-41C3-8BB2-08DE992963C6,57f57d9a-735a-4bcc-afb6-f2799bd738a4,2026-04-21,2
B0EFAEC5-25FA-4D22-8BB3-08DE992963C6,57f57d9a-735a-4bcc-afb6-f2799bd738a4,2026-04-24,2
95DDD5DB-2857-4CCE-8BB4-08DE992963C6,43072b87-23d4-4ad6-88f8-7999ef3c86ca,2026-04-20,2
453429BA-6EDB-44E4-8BB5-08DE992963C6,f488e272-24db-42ce-9d36-80a013657223,2026-04-23,2
8FAEEBAF-DFA3-48FE-8BB6-08DE992963C6,9964c775-c7f7-42d2-9d2c-a75cb68487d1,2026-04-20,2
2ECB6D27-C1AF-496F-8BB7-08DE992963C6,c280d18d-86b9-4bba-85e6-2c00472efd9d,2026-04-21,2
44C30E58-E586-4143-8BB8-08DE992963C6,43072b87-23d4-4ad6-88f8-7999ef3c86ca,2026-04-24,2
73AD929A-A567-47F8-8BB9-08DE992963C6,9964c775-c7f7-42d2-9d2c-a75cb68487d1,2026-04-25,2
C27B39A8-D451-4990-E14B-08DE99A0CD59,477951d3-95b8-4933-ad3b-ae6f86eafc55,2026-04-25,2
50E817F6-A71B-4F18-E14C-08DE99A0CD59,477951d3-95b8-4933-ad3b-ae6f86eafc55,2026-04-26,2
E336DF0B-655F-40E1-F14D-08DE9A3A05F6,730acd68-bb73-4257-a670-dc3ab1bb6074,2026-05-01,2
F04021BF-6D9D-4BFA-F14E-08DE9A3A05F6,730acd68-bb73-4257-a670-dc3ab1bb6074,2026-05-09,2
8972840B-9D09-4221-F14F-08DE9A3A05F6,730acd68-bb73-4257-a670-dc3ab1bb6074,2026-06-20,2
0200DFDE-1FA9-483A-F150-08DE9A3A05F6,730acd68-bb73-4257-a670-dc3ab1bb6074,2026-06-21,2
EE386F44-E735-4E09-F151-08DE9A3A05F6,730acd68-bb73-4257-a670-dc3ab1bb6074,2026-07-04,2
79E8464D-7E95-4DA0-F152-08DE9A3A05F6,730acd68-bb73-4257-a670-dc3ab1bb6074,2026-07-11,2
6A3F316C-A08F-463C-F153-08DE9A3A05F6,730acd68-bb73-4257-a670-dc3ab1bb6074,2026-07-12,2
B6019D22-C9CE-4788-F154-08DE9A3A05F6,b5ca6829-6ac9-4e18-96d7-3282ff6f3250,2026-05-08,2
7AC24CEF-F98A-4F75-F156-08DE9A3A05F6,1ddcffe7-c2ad-4836-a35b-75b12da1d336,2026-05-16,2
5D4CDFAB-64E9-4751-F157-08DE9A3A05F6,6663d684-ce88-47ff-a4f7-e40d3b82a13f,2026-05-14,1
A530AB72-4302-40A4-4D67-08DE9ADA533D,4da65404-40f7-408c-8831-dec60d86d60b,2026-04-29,2
AB17CA23-B4AE-438A-4D68-08DE9ADA533D,4da65404-40f7-408c-8831-dec60d86d60b,2026-04-30,2
85B8B070-5EE6-4B0A-4D69-08DE9ADA533D,925fe8e4-a2de-433d-8c9d-b07fd34a8c36,2026-05-13,2
DC0F61AC-E137-4611-4D6A-08DE9ADA533D,925fe8e4-a2de-433d-8c9d-b07fd34a8c36,2026-05-14,1
F072DBC9-30C0-42B7-4D6B-08DE9ADA533D,c720feeb-93e1-4d88-b275-525f95f377ee,2026-04-24,2
CAAECAEA-2D43-4B03-4D6C-08DE9ADA533D,78732633-0af4-4912-9602-d3923d7c10d0,2026-05-07,2
23BFF902-A54B-4413-4D6D-08DE9ADA533D,f538e494-84f3-4ea8-ae3b-f0f142294fbe,2026-04-30,1
38E6E27E-3918-4A44-496D-08DE9C551514,299503c0-1a91-43dd-8b64-b2b35f44afd6,2026-04-27,2
D3B2EBCE-0110-4603-496E-08DE9C551514,299503c0-1a91-43dd-8b64-b2b35f44afd6,2026-04-29,2
60355289-0560-4030-496F-08DE9C551514,c720feeb-93e1-4d88-b275-525f95f377ee,2026-04-30,2
BE451BFF-764C-4A6A-4971-08DE9C551514,ff7cc517-15bb-4dc9-a941-2902d92fc311,2026-05-01,2
6D8F7075-51A3-47A3-6D07-08DE9CEC1E2B,144bc00f-b27f-49a9-8664-9bcd79ea6975,2026-04-30,2
3718A67B-1FB2-4DF7-6D08-08DE9CEC1E2B,144bc00f-b27f-49a9-8664-9bcd79ea6975,2026-05-06,2
2EF85B34-0D2F-4032-4713-08DE9D2D9059,ab577efb-8d05-4666-a51a-6b95edc5ec45,2026-04-30,2
B8C22EF0-5DCA-43F6-4714-08DE9D2D9059,b5ca6829-6ac9-4e18-96d7-3282ff6f3250,2026-04-28,2
88399745-8D0D-4FFD-4715-08DE9D2D9059,4d71f5cd-5e03-4e0e-b17d-593586b88b99,2026-05-08,1
18251C74-B528-4BB7-4716-08DE9D2D9059,4d71f5cd-5e03-4e0e-b17d-593586b88b99,2026-04-27,2
ADF5E31D-2F4E-4A77-4717-08DE9D2D9059,4d71f5cd-5e03-4e0e-b17d-593586b88b99,2026-04-28,2
F44A5A11-CEB3-47CF-4718-08DE9D2D9059,4d71f5cd-5e03-4e0e-b17d-593586b88b99,2026-04-29,2
0A133F7D-7111-4CA1-D30E-08DE9D64EBCC,f488e272-24db-42ce-9d36-80a013657223,2026-06-30,2
983F0744-5B3A-4677-D30F-08DE9D64EBCC,f488e272-24db-42ce-9d36-80a013657223,2026-06-27,2
EFA929C5-DD81-43FF-D310-08DE9D64EBCC,f488e272-24db-42ce-9d36-80a013657223,2026-05-22,2
C9A56712-C8ED-4969-D311-08DE9D64EBCC,f488e272-24db-42ce-9d36-80a013657223,2026-06-07,2
D2F335E4-C0F7-4DD1-B8D8-08DE9D8D4784,9249db54-a23a-48e5-847d-cae130c90544,2026-05-02,2
DE726232-EF33-4CF6-B8D9-08DE9D8D4784,9b1e36ac-7e99-4109-b4c6-9a85c1bf7719,2026-04-28,2
9616FC25-4962-4402-B8DA-08DE9D8D4784,413e6437-7712-4672-8d5f-80a6c94ef119,2026-05-01,1
3BDAE783-430A-4400-B8DB-08DE9D8D4784,413e6437-7712-4672-8d5f-80a6c94ef119,2026-05-02,1
00884335-F9CE-45C3-B8DC-08DE9D8D4784,413e6437-7712-4672-8d5f-80a6c94ef119,2026-05-03,1
DAF6E4BD-64DA-4F4F-B8DD-08DE9D8D4784,9b1e36ac-7e99-4109-b4c6-9a85c1bf7719,2026-05-02,2
A923D898-B6A3-4158-1570-08DE9DDC9547,43072b87-23d4-4ad6-88f8-7999ef3c86ca,2026-04-27,2
19C67FFA-D483-40D8-1571-08DE9DDC9547,2c075776-4fd8-49f3-b781-7842bd8156de,2026-05-02,2
097A777D-FADA-4300-1572-08DE9DDC9547,1ddcffe7-c2ad-4836-a35b-75b12da1d336,2026-04-28,1
17A3AD72-FD41-4D70-9D1F-08DE9DF6F0CC,2c075776-4fd8-49f3-b781-7842bd8156de,2026-04-28,2
0204871E-819A-449E-DECA-08DE9E037EED,d6bb32c2-721c-4e93-b32d-96b031accd42,2026-05-04,2
93316188-975D-4C04-DECB-08DE9E037EED,27e0791f-5767-4877-b1e4-c80aceb86623,2026-04-28,1
75C73091-1F0B-4863-27C8-08DE9E2FB372,2320cb1b-d64f-4486-aabe-9754c12a1d06,2026-05-01,2
819C2D02-ACB4-4913-27C9-08DE9E2FB372,2320cb1b-d64f-4486-aabe-9754c12a1d06,2026-05-01,2
96A32EFA-2178-4506-4656-08DE9E59D4B1,d71b50b4-750e-4644-9786-becc6520c6d7,2026-04-30,2
F251D4C5-7441-4A6E-4657-08DE9E59D4B1,d71b50b4-750e-4644-9786-becc6520c6d7,2026-05-02,2
314EB8C9-6006-45BC-4658-08DE9E59D4B1,d71b50b4-750e-4644-9786-becc6520c6d7,2026-05-03,2
E6CCEBEC-6AD3-422E-E17F-08DE9EAB7385,1641a578-00b2-4973-955d-095bc254d709,2026-05-28,2
203FFFFE-2B22-48D3-E180-08DE9EAB7385,1641a578-00b2-4973-955d-095bc254d709,2026-04-30,2
5EEB1503-2CCF-471F-E181-08DE9EAB7385,c280d18d-86b9-4bba-85e6-2c00472efd9d,2026-04-30,1
9C7A6232-97F3-4EFA-E182-08DE9EAB7385,c280d18d-86b9-4bba-85e6-2c00472efd9d,2026-05-01,1
5AA20058-3BDD-444C-E183-08DE9EAB7385,c280d18d-86b9-4bba-85e6-2c00472efd9d,2026-05-02,1
365A23CD-73AC-4354-E184-08DE9EAB7385,c280d18d-86b9-4bba-85e6-2c00472efd9d,2026-05-03,1
E8465383-F746-4F98-E18B-08DE9EAB7385,0fac737b-0e61-46db-a27a-52730d65cb9a,2026-05-01,1
B8DCA02A-0B7B-4514-E18C-08DE9EAB7385,0fac737b-0e61-46db-a27a-52730d65cb9a,2026-05-02,1
47554016-BCEF-4E57-E18D-08DE9EAB7385,0fac737b-0e61-46db-a27a-52730d65cb9a,2026-05-03,1
9D7A5931-7D46-4B86-E18E-08DE9EAB7385,c720feeb-93e1-4d88-b275-525f95f377ee,2026-05-02,2
C266CBF5-62BD-48AD-E18F-08DE9EAB7385,4da65404-40f7-408c-8831-dec60d86d60b,2026-04-28,2
403CFF91-F095-404D-E190-08DE9EAB7385,9964c775-c7f7-42d2-9d2c-a75cb68487d1,2026-05-08,2
7FEA6C7E-417A-4E16-E191-08DE9EAB7385,9964c775-c7f7-42d2-9d2c-a75cb68487d1,2026-05-17,2
D18888C7-91D4-41E8-E192-08DE9EAB7385,7afecb62-aa18-4106-a82b-a906fa7e488d,2026-04-27,2
284EE7BD-E39E-40B7-E193-08DE9EAB7385,7afecb62-aa18-4106-a82b-a906fa7e488d,2026-05-02,2
E97E1322-A0D3-4087-E194-08DE9EAB7385,43072b87-23d4-4ad6-88f8-7999ef3c86ca,2026-05-03,2
B764885B-CDDA-479F-E195-08DE9EAB7385,9964c775-c7f7-42d2-9d2c-a75cb68487d1,2026-05-02,2
8FF51D67-DB72-49BC-E196-08DE9EAB7385,9964c775-c7f7-42d2-9d2c-a75cb68487d1,2026-04-30,2
8DB1DBC1-AC54-406B-4C94-08DE9F77BA96,9249db54-a23a-48e5-847d-cae130c90544,2026-05-23,2
C6D91117-41B7-4390-4C95-08DE9F77BA96,299503c0-1a91-43dd-8b64-b2b35f44afd6,2026-05-04,2
604E558E-2209-459B-4C96-08DE9F77BA96,299503c0-1a91-43dd-8b64-b2b35f44afd6,2026-05-06,2
CA02905E-D9C5-4258-4C97-08DE9F77BA96,9c1113fb-90f9-4b8b-8fdd-bcc7b6b5365b,2026-05-01,2
B4B2961F-7357-4B3D-4C98-08DE9F77BA96,9c1113fb-90f9-4b8b-8fdd-bcc7b6b5365b,2026-05-02,2
1D695890-860B-490F-4C99-08DE9F77BA96,9c1113fb-90f9-4b8b-8fdd-bcc7b6b5365b,2026-05-03,2
43E46B71-6832-49AB-4C9A-08DE9F77BA96,95bf29ca-f6b4-4fbb-88b1-46de45dcf625,2026-05-01,2
D4136914-57B5-410E-4C9B-08DE9F77BA96,95bf29ca-f6b4-4fbb-88b1-46de45dcf625,2026-05-02,2
320E3A44-D128-40CA-4C9C-08DE9F77BA96,95bf29ca-f6b4-4fbb-88b1-46de45dcf625,2026-05-03,2
9253D47D-2CB4-4285-4C9D-08DE9F77BA96,c71ec1ec-5e2b-4c33-8c89-de5897a207a6,2026-05-15,2
472904EB-9082-4521-4C9E-08DE9F77BA96,477951d3-95b8-4933-ad3b-ae6f86eafc55,2026-05-05,2
AF6565CD-C786-4F9A-4C9F-08DE9F77BA96,57f57d9a-735a-4bcc-afb6-f2799bd738a4,2026-05-12,2
DAD8064E-A3BF-47F8-5BA2-08DEA0104627,fa431862-6ab2-46f0-91f3-97ae1452fc85,2026-05-10,2
47F6450E-E6C9-4635-4DBC-08DEA035DBC3,9b1e36ac-7e99-4109-b4c6-9a85c1bf7719,2026-05-03,1
EB074E6F-D4EA-4E2A-328D-08DEA04B665C,157e4c9d-980e-4897-ad5f-f4c5c301f195,2026-04-26,2
5A68CEE1-FBC6-472B-8A4F-08DEA08557B4,c720feeb-93e1-4d88-b275-525f95f377ee,2026-05-06,2
6C65BD3D-EBD9-411C-8A50-08DEA08557B4,c720feeb-93e1-4d88-b275-525f95f377ee,2026-05-07,2
23C261A8-F831-4993-8A51-08DEA08557B4,c720feeb-93e1-4d88-b275-525f95f377ee,2026-05-08,2
F07CF1AC-307E-46BC-E070-08DEA107A096,1a75df7a-e558-47c6-8af0-033582318b99,2026-05-19,2
7A1021B4-7AF1-4BBE-E071-08DEA107A096,1a75df7a-e558-47c6-8af0-033582318b99,2026-05-12,2
F37AA2E9-4092-424C-E072-08DEA107A096,1a75df7a-e558-47c6-8af0-033582318b99,2026-05-14,2
40DE1901-9B9D-48DB-E073-08DEA107A096,0d2b5c5a-8a41-4997-ad20-a604731bb160,2026-05-23,2
0B21B042-2CE2-4969-5A67-08DEA1164B8D,b8eaaef1-8890-4d24-8c6c-3db23f8812a0,2026-04-29,2
A43A0668-F21C-460C-5A68-08DEA1164B8D,d71b50b4-750e-4644-9786-becc6520c6d7,2026-05-05,2
1C3118EE-B7ED-4148-5A69-08DEA1164B8D,d71b50b4-750e-4644-9786-becc6520c6d7,2026-05-07,2
BA6853E4-B792-4C26-5A6A-08DEA1164B8D,d71b50b4-750e-4644-9786-becc6520c6d7,2026-05-09,2
524432B6-E16B-4EB1-5A6B-08DEA1164B8D,23585a8f-5bb9-44d7-a5f9-d7498c60ab2c,2026-08-01,2
9C670EAF-731F-4AC7-65A0-08DEA1CB559B,1a75df7a-e558-47c6-8af0-033582318b99,2026-05-16,2
93C8BB08-C1A5-434B-65A1-08DEA1CB559B,c720feeb-93e1-4d88-b275-525f95f377ee,2026-05-12,2
34D771D1-6236-493E-65A2-08DEA1CB559B,c720feeb-93e1-4d88-b275-525f95f377ee,2026-05-16,2
76059AC3-ACB2-4CE7-65A3-08DEA1CB559B,144bc00f-b27f-49a9-8664-9bcd79ea6975,2026-05-14,2
B2AFB692-D3AB-4682-65A4-08DEA1CB559B,144bc00f-b27f-49a9-8664-9bcd79ea6975,2026-05-04,2
D18C9CA0-FF2E-4643-65A5-08DEA1CB559B,b8eaaef1-8890-4d24-8c6c-3db23f8812a0,2026-05-08,2
FF2A4A0E-17A0-45ED-65A6-08DEA1CB559B,b8eaaef1-8890-4d24-8c6c-3db23f8812a0,2026-05-24,2
E264A7BE-1E98-4635-65A7-08DEA1CB559B,d5900ef2-17fd-42da-b9ea-b20a194fec05,2026-05-06,2
211C50AF-F446-4771-65A8-08DEA1CB559B,1916bf76-0235-4795-91ba-407148f8a703,2026-05-16,2
04972A34-0C93-44EB-65A9-08DEA1CB559B,1916bf76-0235-4795-91ba-407148f8a703,2026-05-17,2
6819DCDA-55F1-4B5E-65AA-08DEA1CB559B,fafe9819-8c58-4398-a1cc-77584270b6ed,2026-05-09,2
1A61613B-A104-46C2-65AB-08DEA1CB559B,fafe9819-8c58-4398-a1cc-77584270b6ed,2026-05-10,2
953BDF12-DE4E-456D-65AD-08DEA1CB559B,1ddcffe7-c2ad-4836-a35b-75b12da1d336,2026-05-07,2
8F8303D3-8E11-4F55-65AE-08DEA1CB559B,1ddcffe7-c2ad-4836-a35b-75b12da1d336,2026-05-13,2
49BBDD22-8B8C-4CF3-65AF-08DEA1CB559B,ff7cc517-15bb-4dc9-a941-2902d92fc311,2026-05-04,2
18CB1590-0482-4CB6-65B0-08DEA1CB559B,f488e272-24db-42ce-9d36-80a013657223,2026-05-04,2
467160CF-EC33-4D1C-65B1-08DEA1CB559B,ab577efb-8d05-4666-a51a-6b95edc5ec45,2026-05-07,2
EBA9B4C7-6910-4C4D-65B2-08DEA1CB559B,ab577efb-8d05-4666-a51a-6b95edc5ec45,2026-05-09,2
B396C372-590C-4016-07B4-08DEA28CD148,477951d3-95b8-4933-ad3b-ae6f86eafc55,2026-05-14,2
D3377D3C-6C64-40B1-07B5-08DEA28CD148,57f57d9a-735a-4bcc-afb6-f2799bd738a4,2026-05-05,2
939BE933-B60C-4A54-07B6-08DEA28CD148,57f57d9a-735a-4bcc-afb6-f2799bd738a4,2026-05-08,2
55CAFE13-8636-4D1E-B879-08DEA2C4A475,4d71f5cd-5e03-4e0e-b17d-593586b88b99,2026-05-05,2
86E97DC7-B4CD-4818-B87A-08DEA2C4A475,4d71f5cd-5e03-4e0e-b17d-593586b88b99,2026-05-06,2
0036FCFD-7E66-4757-40FC-08DEA2E660C0,413e6437-7712-4672-8d5f-80a6c94ef119,2026-05-09,2
E6B25C07-5C50-4A6A-40FD-08DEA2E660C0,9249db54-a23a-48e5-847d-cae130c90544,2026-05-18,2
CB3F7FD6-A4DC-43B8-40FE-08DEA2E660C0,413e6437-7712-4672-8d5f-80a6c94ef119,2026-05-10,2
F105CFF6-6FDF-4EAE-C722-08DEA30B8625,10005f55-8589-4836-800d-4b8bba0bf675,2026-05-05,2
9F2C1CAC-FEFE-4BF8-C723-08DEA30B8625,10005f55-8589-4836-800d-4b8bba0bf675,2026-05-06,2
31251749-261C-4E53-C724-08DEA30B8625,10005f55-8589-4836-800d-4b8bba0bf675,2026-05-07,2
3E9552F6-DF26-405F-794C-08DEA35299FA,c720feeb-93e1-4d88-b275-525f95f377ee,2026-05-17,2
B6F01114-C5A0-4371-794D-08DEA35299FA,7afecb62-aa18-4106-a82b-a906fa7e488d,2026-05-05,2
AED6E5D9-F7C1-4C30-B0DA-08DEA3586665,1641a578-00b2-4973-955d-095bc254d709,2026-05-12,2
7428F6AC-4060-4566-B0DB-08DEA3586665,1641a578-00b2-4973-955d-095bc254d709,2026-05-16,2
578C5F6C-9DB1-473C-B0DC-08DEA3586665,1641a578-00b2-4973-955d-095bc254d709,2026-05-04,2
EEBA2027-0AA9-4ECC-B0DD-08DEA3586665,1641a578-00b2-4973-955d-095bc254d709,2026-05-06,2
BB6E2E1F-5101-44CE-B0DE-08DEA3586665,1641a578-00b2-4973-955d-095bc254d709,2026-05-08,2
17CE0651-C093-4135-F8CA-08DEA376AF61,1641a578-00b2-4973-955d-095bc254d709,2026-05-05,1
F383D845-D212-4306-F8CB-08DEA376AF61,2c075776-4fd8-49f3-b781-7842bd8156de,2026-05-04,2
BF3B71F6-04B7-4A16-F8CC-08DEA376AF61,2c075776-4fd8-49f3-b781-7842bd8156de,2026-05-09,2
4E748EC0-E23D-476B-7EAE-08DEA382CBDF,a4ad082b-fd58-4e76-9864-5a0339b700be,2026-05-06,2
2347477F-50DC-4C84-7EAF-08DEA382CBDF,a4ad082b-fd58-4e76-9864-5a0339b700be,2026-05-07,2
43D66EAA-4434-40CC-7EB0-08DEA382CBDF,b5ca6829-6ac9-4e18-96d7-3282ff6f3250,2026-05-22,2
93F8E986-0F88-4AE0-D810-08DEA38CEF25,23585a8f-5bb9-44d7-a5f9-d7498c60ab2c,2026-05-09,2
16362F1B-9538-42F3-24C2-08DEA3A2FEFE,b5ca6829-6ac9-4e18-96d7-3282ff6f3250,2026-05-16,2
49A1B432-DAF9-4486-24C3-08DEA3A2FEFE,b5ca6829-6ac9-4e18-96d7-3282ff6f3250,2026-05-17,2
7825032E-A3DC-4A73-0A02-08DEA423AD40,b5ca6829-6ac9-4e18-96d7-3282ff6f3250,2026-05-14,2
239D35F8-43DB-4921-0A03-08DEA423AD40,299503c0-1a91-43dd-8b64-b2b35f44afd6,2026-05-10,2
7A0B58A1-B9F7-47CF-0A04-08DEA423AD40,43072b87-23d4-4ad6-88f8-7999ef3c86ca,2026-04-28,1
0984B90C-B17B-4A92-0A05-08DEA423AD40,299503c0-1a91-43dd-8b64-b2b35f44afd6,2026-05-13,2
C876C143-7368-43A4-0A06-08DEA423AD40,299503c0-1a91-43dd-8b64-b2b35f44afd6,2026-05-15,2
B98EC237-ACEB-47AD-0A07-08DEA423AD40,a4ad082b-fd58-4e76-9864-5a0339b700be,2026-05-08,2
EEB2CB9A-05FA-4889-0A08-08DEA423AD40,a4ad082b-fd58-4e76-9864-5a0339b700be,2026-05-10,2
A20E4B05-0E60-42E4-0A09-08DEA423AD40,e224e0ba-d92c-4e70-b675-2ff7e293c27c,2026-04-27,1
3EEF0F82-DE86-4D08-0A0A-08DEA423AD40,4da65404-40f7-408c-8831-dec60d86d60b,2026-05-04,2
A14D66E4-E7E5-4B33-0A0B-08DEA423AD40,4da65404-40f7-408c-8831-dec60d86d60b,2026-05-05,2
D0108CD2-B7E5-4E57-0A0C-08DEA423AD40,4da65404-40f7-408c-8831-dec60d86d60b,2026-05-08,2
E11776F6-C8D0-464F-3A1B-08DEA452FB86,299503c0-1a91-43dd-8b64-b2b35f44afd6,2026-05-17,2
C2C234DE-5E39-4AF4-3A1C-08DEA452FB86,d5900ef2-17fd-42da-b9ea-b20a194fec05,2026-05-07,2
4BF720FF-9F3D-4E1F-3A1D-08DEA452FB86,fafe9819-8c58-4398-a1cc-77584270b6ed,2026-06-23,1
22E8E509-E54F-4947-3A1E-08DEA452FB86,fafe9819-8c58-4398-a1cc-77584270b6ed,2026-07-15,1
73C9F150-C47F-4319-3A1F-08DEA452FB86,f538e494-84f3-4ea8-ae3b-f0f142294fbe,2026-05-13,2
0EEA609F-7547-46DA-3A20-08DEA452FB86,f538e494-84f3-4ea8-ae3b-f0f142294fbe,2026-05-17,2
E25B83ED-2736-498C-3A21-08DEA452FB86,d6bb32c2-721c-4e93-b32d-96b031accd42,2026-05-17,2
5BD20FEA-B3BC-429E-3A22-08DEA452FB86,d6bb32c2-721c-4e93-b32d-96b031accd42,2026-05-19,2
255F0116-CAAB-4178-3A23-08DEA452FB86,43072b87-23d4-4ad6-88f8-7999ef3c86ca,2026-05-05,2
991E4377-897E-4F75-3A24-08DEA452FB86,43072b87-23d4-4ad6-88f8-7999ef3c86ca,2026-05-04,2
3214B263-580C-44F2-3A25-08DEA452FB86,1ddcffe7-c2ad-4836-a35b-75b12da1d336,2026-05-09,2
B1A029D1-8FDF-41C7-3A26-08DEA452FB86,1ddcffe7-c2ad-4836-a35b-75b12da1d336,2026-05-10,2
141DBF85-0D22-4BDC-01E9-08DEA49828B4,6663d684-ce88-47ff-a4f7-e40d3b82a13f,2026-05-05,2
55516FDC-30CA-4110-6A09-08DEA49F43AF,6663d684-ce88-47ff-a4f7-e40d3b82a13f,2026-05-09,2
FC9A24A3-6729-4729-6A0B-08DEA49F43AF,9964c775-c7f7-42d2-9d2c-a75cb68487d1,2026-05-06,2
F7261096-E1DF-4861-6A0C-08DEA49F43AF,9964c775-c7f7-42d2-9d2c-a75cb68487d1,2026-05-07,2
8B051B1E-3553-4E21-E90A-08DEA4A79E25,c280d18d-86b9-4bba-85e6-2c00472efd9d,2026-05-05,2
675F75EF-ECAA-4525-E90B-08DEA4A79E25,c280d18d-86b9-4bba-85e6-2c00472efd9d,2026-05-06,2
7727D656-5BAA-44E7-E90C-08DEA4A79E25,c280d18d-86b9-4bba-85e6-2c00472efd9d,2026-05-09,2
B2CFBD70-4FB5-466B-EB92-08DEA5036229,38b41087-0565-4dea-8ddf-e3b522a14368,2026-05-21,2
9C27EB85-2DC1-4443-EB93-08DEA5036229,38b41087-0565-4dea-8ddf-e3b522a14368,2026-05-15,2
56C1F139-36FE-479F-EB94-08DEA5036229,38b41087-0565-4dea-8ddf-e3b522a14368,2026-05-16,2
C887A6A5-F45D-460D-EB95-08DEA5036229,38b41087-0565-4dea-8ddf-e3b522a14368,2026-05-10,2
47BA7A0B-BA59-418E-EB96-08DEA5036229,38b41087-0565-4dea-8ddf-e3b522a14368,2026-05-09,1
ED1C2211-98E7-4E26-EB97-08DEA5036229,c5ce5a45-2b0a-40ff-a82f-ea5df6501805,2026-06-15,1
05C656F3-5BD9-46C8-EB98-08DEA5036229,c5ce5a45-2b0a-40ff-a82f-ea5df6501805,2026-06-16,1
31667B19-2633-4D81-EB99-08DEA5036229,c5ce5a45-2b0a-40ff-a82f-ea5df6501805,2026-06-17,1
17957A2B-98B3-46F4-EB9A-08DEA5036229,c5ce5a45-2b0a-40ff-a82f-ea5df6501805,2026-06-18,1
CC17D5D4-62FE-42AF-EB9B-08DEA5036229,c5ce5a45-2b0a-40ff-a82f-ea5df6501805,2026-06-19,1
3AD2B7F5-585C-4112-EB9C-08DEA5036229,c5ce5a45-2b0a-40ff-a82f-ea5df6501805,2026-06-20,1
66B21804-2133-4534-EB9D-08DEA5036229,c5ce5a45-2b0a-40ff-a82f-ea5df6501805,2026-06-21,1
AFC2EA3B-6EC7-49B8-EB9E-08DEA5036229,c5ce5a45-2b0a-40ff-a82f-ea5df6501805,2026-06-22,1
7AAEAFFE-45E0-4DA0-EB9F-08DEA5036229,c5ce5a45-2b0a-40ff-a82f-ea5df6501805,2026-06-23,1
B0306D7F-051A-409C-EBA0-08DEA5036229,c5ce5a45-2b0a-40ff-a82f-ea5df6501805,2026-06-24,1
929DA8BD-329B-4901-EBA1-08DEA5036229,d5900ef2-17fd-42da-b9ea-b20a194fec05,2026-05-20,1
0FDA3DE8-4FEB-4A3A-EBA2-08DEA5036229,d5900ef2-17fd-42da-b9ea-b20a194fec05,2026-05-21,1
5EEA88DC-4934-431B-EBA3-08DEA5036229,d5900ef2-17fd-42da-b9ea-b20a194fec05,2026-05-22,1
E288F312-1C90-491B-EBA4-08DEA5036229,d5900ef2-17fd-42da-b9ea-b20a194fec05,2026-05-23,1
EFD3002F-EBBB-4FA6-EBA5-08DEA5036229,d5900ef2-17fd-42da-b9ea-b20a194fec05,2026-05-24,2
3D7F4B67-544E-4BD8-BB5A-08DEA5C1186D,ff7cc517-15bb-4dc9-a941-2902d92fc311,2026-05-07,2
C3D59FF8-27D7-4F62-BB5B-08DEA5C1186D,ff7cc517-15bb-4dc9-a941-2902d92fc311,2026-05-10,2
8B459745-E2C1-4F3D-C737-08DEA5E949B5,fafe9819-8c58-4398-a1cc-77584270b6ed,2026-05-16,2
82E57B19-D626-4D54-C738-08DEA5E949B5,fafe9819-8c58-4398-a1cc-77584270b6ed,2026-05-16,2
B7D9271F-DFC8-46C6-C739-08DEA5E949B5,fafe9819-8c58-4398-a1cc-77584270b6ed,2026-05-17,2
87C2E1BE-AA8B-491A-C73A-08DEA5E949B5,d5900ef2-17fd-42da-b9ea-b20a194fec05,2026-05-13,2
19077D2E-408A-4693-C73B-08DEA5E949B5,d5900ef2-17fd-42da-b9ea-b20a194fec05,2026-05-14,2
C104A824-39FE-49D4-C73C-08DEA5E949B5,ff7cc517-15bb-4dc9-a941-2902d92fc311,2026-05-11,2
13072852-7775-4167-5F53-08DEA6668099,ab577efb-8d05-4666-a51a-6b95edc5ec45,2026-05-17,2
71DBDEB2-91DB-4BCB-5F54-08DEA6668099,ab577efb-8d05-4666-a51a-6b95edc5ec45,2026-05-19,2
D83A620A-EBB9-46A4-5F55-08DEA6668099,ab577efb-8d05-4666-a51a-6b95edc5ec45,2026-05-21,2
3DB2EDCF-9F08-438C-6E55-08DEA690D21C,c71ec1ec-5e2b-4c33-8c89-de5897a207a6,2026-05-11,2
3C35E5F4-035D-43D7-6E56-08DEA690D21C,157e4c9d-980e-4897-ad5f-f4c5c301f195,2026-05-07,2
FB56A6C5-1591-4204-6E57-08DEA690D21C,f488e272-24db-42ce-9d36-80a013657223,2026-05-16,2
0DC95BF7-B99A-4983-7C3B-08DEA72111DC,477951d3-95b8-4933-ad3b-ae6f86eafc55,2026-05-24,2
0DFEBCF8-208F-4D13-86F7-08DEA72A9CB1,b5ca6829-6ac9-4e18-96d7-3282ff6f3250,2026-06-06,2
61F8B2B4-3A4C-4D8A-86F8-08DEA72A9CB1,b5ca6829-6ac9-4e18-96d7-3282ff6f3250,2026-06-07,2
26E4AC6E-DA41-4310-86F9-08DEA72A9CB1,b5ca6829-6ac9-4e18-96d7-3282ff6f3250,2026-06-10,2
8C52EDF9-A0FE-4BB2-86FA-08DEA72A9CB1,b5ca6829-6ac9-4e18-96d7-3282ff6f3250,2026-06-17,2
D08D817B-BCC5-4F37-DC9E-08DEA7455352,4d71f5cd-5e03-4e0e-b17d-593586b88b99,2026-05-12,2
621CB985-6586-47C2-DCA0-08DEA7455352,4d71f5cd-5e03-4e0e-b17d-593586b88b99,2026-05-14,2
069F118F-C5F9-45B2-DCA1-08DEA7455352,925fe8e4-a2de-433d-8c9d-b07fd34a8c36,2026-05-16,2
DC5C00AF-06E7-4E09-DCA2-08DEA7455352,925fe8e4-a2de-433d-8c9d-b07fd34a8c36,2026-05-17,2
6D9EFFAF-B824-437E-DCA4-08DEA7455352,4d71f5cd-5e03-4e0e-b17d-593586b88b99,2026-05-13,2
798D5BE3-F859-40D0-DCA6-08DEA7455352,144bc00f-b27f-49a9-8664-9bcd79ea6975,2026-06-07,2
65A362E7-1E38-49D5-DCA7-08DEA7455352,144bc00f-b27f-49a9-8664-9bcd79ea6975,2026-06-06,2
9715E96B-0BBC-45D1-DCA8-08DEA7455352,ff7cc517-15bb-4dc9-a941-2902d92fc311,2026-05-28,2
957E9840-BCA3-4A22-DCA9-08DEA7455352,f538e494-84f3-4ea8-ae3b-f0f142294fbe,2026-06-02,1
0DC1497E-F29B-439C-DCAA-08DEA7455352,f538e494-84f3-4ea8-ae3b-f0f142294fbe,2026-06-07,2
F6B659D3-FBB0-4410-DCAB-08DEA7455352,c720feeb-93e1-4d88-b275-525f95f377ee,2026-05-25,1
5AE98AFB-A041-4D6E-DCAC-08DEA7455352,c720feeb-93e1-4d88-b275-525f95f377ee,2026-05-19,2
A65D3F76-F78D-41FA-DCAD-08DEA7455352,27e0791f-5767-4877-b1e4-c80aceb86623,2026-05-13,2
2DA724D2-8E04-4585-5117-08DEA7C2B9AA,1a75df7a-e558-47c6-8af0-033582318b99,2026-05-21,2
AE7DDECD-3370-43C5-5118-08DEA7C2B9AA,1a75df7a-e558-47c6-8af0-033582318b99,2026-05-26,2
BE7B88FC-8BF4-4310-5119-08DEA7C2B9AA,1a75df7a-e558-47c6-8af0-033582318b99,2026-05-28,2
8F778F0D-8B61-4CD0-511A-08DEA7C2B9AA,1a75df7a-e558-47c6-8af0-033582318b99,2026-05-30,2
518D0BB1-3DFF-4A43-69FF-08DEA7DA7F1D,10005f55-8589-4836-800d-4b8bba0bf675,2026-05-16,2
7C640B42-44D2-4E3C-6A00-08DEA7DA7F1D,10005f55-8589-4836-800d-4b8bba0bf675,2026-05-16,2
132F4981-60ED-45AA-7148-08DEA817AEE4,27e0791f-5767-4877-b1e4-c80aceb86623,2026-05-15,2
31BBC2A0-8934-452A-7149-08DEA817AEE4,1641a578-00b2-4973-955d-095bc254d709,2026-05-14,2
B777DF1E-59AE-431D-C76B-08DEA84BEA0B,4da65404-40f7-408c-8831-dec60d86d60b,2026-05-13,1
72A6B8D1-6C8A-40C8-C76C-08DEA84BEA0B,4da65404-40f7-408c-8831-dec60d86d60b,2026-05-14,1
0D05704B-1D77-40BD-C76D-08DEA84BEA0B,4da65404-40f7-408c-8831-dec60d86d60b,2026-05-15,1
E3508134-3B2C-4A73-C76E-08DEA84BEA0B,4da65404-40f7-408c-8831-dec60d86d60b,2026-05-16,1
BDACA5B8-3EE7-436F-C76F-08DEA84BEA0B,4da65404-40f7-408c-8831-dec60d86d60b,2026-05-17,1
68EF2359-5AD7-45C2-C770-08DEA84BEA0B,4da65404-40f7-408c-8831-dec60d86d60b,2026-05-12,2
D0983FF7-38E4-43AA-512D-08DEA861C28E,144bc00f-b27f-49a9-8664-9bcd79ea6975,2026-05-16,2
94B93EC8-550F-4AB0-A45F-08DEA884CF91,d71b50b4-750e-4644-9786-becc6520c6d7,2026-05-12,2
22C63D92-ACEC-4077-A460-08DEA884CF91,d71b50b4-750e-4644-9786-becc6520c6d7,2026-05-13,2
1EF329BD-0D2D-42B1-A461-08DEA884CF91,d71b50b4-750e-4644-9786-becc6520c6d7,2026-05-16,2
FE06BEC8-16CB-430C-F4A2-08DEA89CC9ED,6663d684-ce88-47ff-a4f7-e40d3b82a13f,2026-05-12,2
6DDD668C-872A-4506-2BA9-08DEA8D2AF27,7afecb62-aa18-4106-a82b-a906fa7e488d,2026-05-11,2
D6D066A8-0E82-489E-7384-08DEA8DCEAAB,2c075776-4fd8-49f3-b781-7842bd8156de,2026-05-12,2
9A453831-7893-4D2F-7385-08DEA8DCEAAB,2c075776-4fd8-49f3-b781-7842bd8156de,2026-05-16,2
8218BDAF-18F2-49EA-7386-08DEA8DCEAAB,a4ad082b-fd58-4e76-9864-5a0339b700be,2026-05-11,2
EC03412C-0EFD-4823-7387-08DEA8DCEAAB,1a75df7a-e558-47c6-8af0-033582318b99,2026-05-15,1
2A682C91-105C-48D2-42D7-08DEA905C3BB,b8eaaef1-8890-4d24-8c6c-3db23f8812a0,2026-05-13,2
4442193A-59DC-4DFE-4559-08DEA987C2A9,a4ad082b-fd58-4e76-9864-5a0339b700be,2026-05-14,2
B376B1E9-9980-4862-455A-08DEA987C2A9,a4ad082b-fd58-4e76-9864-5a0339b700be,2026-05-15,2
F1542692-C47B-4749-455B-08DEA987C2A9,a4ad082b-fd58-4e76-9864-5a0339b700be,2026-05-13,2
D8C7396D-259F-4754-466E-08DEA99B23BA,b5ca6829-6ac9-4e18-96d7-3282ff6f3250,2026-05-15,1
CA4F7D39-3B00-46C4-1099-08DEA9A2E9BD,9b1e36ac-7e99-4109-b4c6-9a85c1bf7719,2026-05-14,2
48C70FCC-0F08-403E-109A-08DEA9A2E9BD,9b1e36ac-7e99-4109-b4c6-9a85c1bf7719,2026-05-16,2
D54829C7-57FB-4D3A-109B-08DEA9A2E9BD,2320cb1b-d64f-4486-aabe-9754c12a1d06,2026-05-15,2
13A6D2D7-7121-451F-109C-08DEA9A2E9BD,57f57d9a-735a-4bcc-afb6-f2799bd738a4,2026-05-16,2
9595C43A-EBD7-418B-109D-08DEA9A2E9BD,2320cb1b-d64f-4486-aabe-9754c12a1d06,2026-05-16,2
A3557B90-F70D-420C-109E-08DEA9A2E9BD,b5ca6829-6ac9-4e18-96d7-3282ff6f3250,2026-06-09,1
7F383B79-67B2-44FF-109F-08DEA9A2E9BD,299503c0-1a91-43dd-8b64-b2b35f44afd6,2026-05-18,2
00A42C1B-68CB-47F6-10A0-08DEA9A2E9BD,299503c0-1a91-43dd-8b64-b2b35f44afd6,2026-05-20,2
E27C88CE-587B-41F2-10A1-08DEA9A2E9BD,299503c0-1a91-43dd-8b64-b2b35f44afd6,2026-05-24,2
A3EE33B8-EC9A-4101-10A2-08DEA9A2E9BD,9249db54-a23a-48e5-847d-cae130c90544,2026-05-11,2
2BC62A5E-15FE-4CF6-10A3-08DEA9A2E9BD,fa431862-6ab2-46f0-91f3-97ae1452fc85,2026-05-16,2
DB31DC2B-2E8A-46C8-10A4-08DEA9A2E9BD,f538e494-84f3-4ea8-ae3b-f0f142294fbe,2026-05-14,1
5DDC12DC-2EA8-408D-10A5-08DEA9A2E9BD,c280d18d-86b9-4bba-85e6-2c00472efd9d,2026-05-11,2
6D6515F4-60BF-4455-10A6-08DEA9A2E9BD,c280d18d-86b9-4bba-85e6-2c00472efd9d,2026-05-13,2
3378281D-F8E9-42E1-10A7-08DEA9A2E9BD,c280d18d-86b9-4bba-85e6-2c00472efd9d,2026-05-17,2
A079FAE2-D948-4A80-10A8-08DEA9A2E9BD,4d71f5cd-5e03-4e0e-b17d-593586b88b99,2026-05-23,1
A7B1E104-C323-4085-10A9-08DEA9A2E9BD,4d71f5cd-5e03-4e0e-b17d-593586b88b99,2026-05-24,1
9B630C65-A495-48C0-9E2C-08DEA9ED1312,38b41087-0565-4dea-8ddf-e3b522a14368,2026-05-19,1
C63B666D-0E78-4BC6-9E2D-08DEA9ED1312,38b41087-0565-4dea-8ddf-e3b522a14368,2026-05-20,2
06DE2EC9-E41F-458C-9E2E-08DEA9ED1312,477951d3-95b8-4933-ad3b-ae6f86eafc55,2026-05-12,2
ACB2766E-0DD0-4983-9E2F-08DEA9ED1312,f488e272-24db-42ce-9d36-80a013657223,2026-05-27,1
C828C35F-0AFF-42BA-E5FC-08DEAA25E779,9964c775-c7f7-42d2-9d2c-a75cb68487d1,2026-05-12,2
A61EB99C-77BF-4387-3F0E-08DEAA3E23D0,9964c775-c7f7-42d2-9d2c-a75cb68487d1,2026-05-18,2
38112DE7-84DC-493C-2D0F-08DEAA4DEBCD,1b96029f-d249-4657-97e1-ce4086f265fc,2026-05-28,2
FE5BF4E6-E92F-44EE-2D10-08DEAA4DEBCD,1b96029f-d249-4657-97e1-ce4086f265fc,2026-05-30,2
B7E19C98-57D5-4E08-5B2D-08DEAA7694D2,ff7cc517-15bb-4dc9-a941-2902d92fc311,2026-05-21,2
BA1EDE8C-F325-459E-5B2E-08DEAA7694D2,ff7cc517-15bb-4dc9-a941-2902d92fc311,2026-05-22,2
27FFFD7A-654D-4E22-5B2F-08DEAA7694D2,0d2b5c5a-8a41-4997-ad20-a604731bb160,2026-05-16,2
D2A24D10-D32C-4E73-5B30-08DEAA7694D2,0d2b5c5a-8a41-4997-ad20-a604731bb160,2026-05-17,2
04A2234A-E669-4D7B-5B31-08DEAA7694D2,4afd5d07-d782-4b98-92cb-eea7ca0104bf,2026-05-22,1
25602374-71CA-43F9-5B32-08DEAA7694D2,4afd5d07-d782-4b98-92cb-eea7ca0104bf,2026-05-23,1
E0E73C79-6926-4E5D-5B33-08DEAA7694D2,4afd5d07-d782-4b98-92cb-eea7ca0104bf,2026-05-24,1
46D11F85-7D6D-4C2F-5B34-08DEAA7694D2,11838d58-5415-42bd-8c7f-3bef4f9db2aa,2026-05-23,2
642F0382-A484-4C98-5B35-08DEAA7694D2,c71ec1ec-5e2b-4c33-8c89-de5897a207a6,2026-06-07,2
CAA3821F-4242-41D1-C74A-08DEAAAF9A6E,f488e272-24db-42ce-9d36-80a013657223,2026-06-24,2
C1031327-81EE-4297-C74B-08DEAAAF9A6E,c71ec1ec-5e2b-4c33-8c89-de5897a207a6,2026-05-22,2
2BFAE3EC-45C0-4674-C41B-08DEAACBDBAD,144bc00f-b27f-49a9-8664-9bcd79ea6975,2026-05-19,2
C6BB0220-DAC4-49D6-C41C-08DEAACBDBAD,144bc00f-b27f-49a9-8664-9bcd79ea6975,2026-05-20,2
57389D2E-354E-4CE3-C41D-08DEAACBDBAD,144bc00f-b27f-49a9-8664-9bcd79ea6975,2026-05-21,2
A9DDC184-1B11-4E19-C41F-08DEAACBDBAD,144bc00f-b27f-49a9-8664-9bcd79ea6975,2026-05-29,2
C27884B1-A672-46FE-C420-08DEAACBDBAD,144bc00f-b27f-49a9-8664-9bcd79ea6975,2026-06-05,2
2C3E1A23-1A39-497E-C421-08DEAACBDBAD,144bc00f-b27f-49a9-8664-9bcd79ea6975,2026-05-25,2
0935AD20-C230-4253-3B9B-08DEAB33E9D2,f488e272-24db-42ce-9d36-80a013657223,2026-06-12,2
C27983F9-7A0C-4F4D-3B9C-08DEAB33E9D2,d5900ef2-17fd-42da-b9ea-b20a194fec05,2026-05-18,2
AF0C3FD4-AAD6-461E-3B9D-08DEAB33E9D2,d5900ef2-17fd-42da-b9ea-b20a194fec05,2026-05-19,2
ADE33832-2BF6-4BB1-3B9E-08DEAB33E9D2,c720feeb-93e1-4d88-b275-525f95f377ee,2026-05-22,2
71EFF847-F426-4809-3B9F-08DEAB33E9D2,0fac737b-0e61-46db-a27a-52730d65cb9a,2026-05-14,2
79E07651-5A28-4341-3BA0-08DEAB33E9D2,0fac737b-0e61-46db-a27a-52730d65cb9a,2026-05-15,2
2D7A05CD-59A9-4012-3BA1-08DEAB33E9D2,0fac737b-0e61-46db-a27a-52730d65cb9a,2026-05-17,2
CF7213BE-0F33-4390-3BA2-08DEAB33E9D2,d1123909-9ea0-46ac-b6bc-cd79543a0267,2026-05-16,2
6C3E046C-DFF4-4E70-3BA3-08DEAB33E9D2,d1123909-9ea0-46ac-b6bc-cd79543a0267,2026-05-17,2
11F395F9-9D4D-4B22-3BA4-08DEAB33E9D2,95bf29ca-f6b4-4fbb-88b1-46de45dcf625,2026-05-15,2
AE3E9E67-E5AE-4F87-3BA5-08DEAB33E9D2,95bf29ca-f6b4-4fbb-88b1-46de45dcf625,2026-05-16,2
80C90FE6-BB79-4342-9E1A-08DEAC008D8B,9964c775-c7f7-42d2-9d2c-a75cb68487d1,2026-06-08,2
3E6FEA67-E6D6-423C-9E1B-08DEAC008D8B,f03ea971-0ec2-4be7-aae9-364f3922b741,2026-05-09,1
A40E5FBB-3CDE-45C5-9E1C-08DEAC008D8B,f03ea971-0ec2-4be7-aae9-364f3922b741,2026-05-10,1
F358FC35-7EC8-4A3F-9E1D-08DEAC008D8B,f03ea971-0ec2-4be7-aae9-364f3922b741,2026-05-11,1
1B330E48-9499-4576-9E1E-08DEAC008D8B,f03ea971-0ec2-4be7-aae9-364f3922b741,2026-05-12,1
BBEF28A7-61AC-47F3-9E1F-08DEAC008D8B,f03ea971-0ec2-4be7-aae9-364f3922b741,2026-05-13,1
1D0E9911-4A4D-45A8-9E20-08DEAC008D8B,f03ea971-0ec2-4be7-aae9-364f3922b741,2026-05-14,1
767F7D84-88E4-4D0D-9E21-08DEAC008D8B,f03ea971-0ec2-4be7-aae9-364f3922b741,2026-05-15,1
1E105FB2-D7DD-466C-9E22-08DEAC008D8B,f03ea971-0ec2-4be7-aae9-364f3922b741,2026-05-16,1
8E7E6FC4-AFC3-40E2-9E23-08DEAC008D8B,f03ea971-0ec2-4be7-aae9-364f3922b741,2026-05-18,1
FF8BA224-4026-4D21-9E24-08DEAC008D8B,f03ea971-0ec2-4be7-aae9-364f3922b741,2026-05-19,1
1CFD8FE5-752D-49BF-9E25-08DEAC008D8B,f03ea971-0ec2-4be7-aae9-364f3922b741,2026-05-20,1
073363C6-5C07-4FDA-9E26-08DEAC008D8B,f03ea971-0ec2-4be7-aae9-364f3922b741,2026-05-21,1
121CDD04-BA1D-4DFA-9E27-08DEAC008D8B,f03ea971-0ec2-4be7-aae9-364f3922b741,2026-05-22,1
EAF94DCF-3A36-4630-9E28-08DEAC008D8B,f03ea971-0ec2-4be7-aae9-364f3922b741,2026-05-23,1
1600E165-F5D6-40F6-9E29-08DEAC008D8B,f03ea971-0ec2-4be7-aae9-364f3922b741,2026-05-25,1
7E64EC70-EAC7-441F-9E2A-08DEAC008D8B,f03ea971-0ec2-4be7-aae9-364f3922b741,2026-05-26,1
353D95A5-682E-454B-9E2B-08DEAC008D8B,f03ea971-0ec2-4be7-aae9-364f3922b741,2026-05-27,1
6430F0B7-9FB3-47DD-9E2C-08DEAC008D8B,f03ea971-0ec2-4be7-aae9-364f3922b741,2026-05-28,1
34A6E819-12E1-45AA-9E2D-08DEAC008D8B,f03ea971-0ec2-4be7-aae9-364f3922b741,2026-05-29,1
B7187730-035A-4660-9E2E-08DEAC008D8B,f03ea971-0ec2-4be7-aae9-364f3922b741,2026-05-30,1
C352105D-9733-4CCB-9E2F-08DEAC008D8B,f03ea971-0ec2-4be7-aae9-364f3922b741,2026-06-01,1
385B3D1A-A563-40AA-9E30-08DEAC008D8B,f03ea971-0ec2-4be7-aae9-364f3922b741,2026-06-02,1
F79E2364-B03C-474A-9E31-08DEAC008D8B,f03ea971-0ec2-4be7-aae9-364f3922b741,2026-06-03,1
12F80D01-276E-4DAE-9E32-08DEAC008D8B,f03ea971-0ec2-4be7-aae9-364f3922b741,2026-06-04,1
3FD12F7C-3B5A-4F74-9E33-08DEAC008D8B,f03ea971-0ec2-4be7-aae9-364f3922b741,2026-06-05,1
431903E5-76C1-458B-9E34-08DEAC008D8B,f03ea971-0ec2-4be7-aae9-364f3922b741,2026-06-06,1
4FAD981C-6DEB-42D2-9E35-08DEAC008D8B,f03ea971-0ec2-4be7-aae9-364f3922b741,2026-06-08,1
E4BD4D04-6EE7-418A-9E36-08DEAC008D8B,f03ea971-0ec2-4be7-aae9-364f3922b741,2026-06-09,1
170B8BBD-5F89-4ED9-9E37-08DEAC008D8B,f03ea971-0ec2-4be7-aae9-364f3922b741,2026-06-10,1
D81D8FCD-C3C7-46D9-9E38-08DEAC008D8B,f03ea971-0ec2-4be7-aae9-364f3922b741,2026-06-11,1
5AB0DDD2-032A-4F49-9E39-08DEAC008D8B,f03ea971-0ec2-4be7-aae9-364f3922b741,2026-06-12,1
054B989C-3EED-431D-9E3A-08DEAC008D8B,f03ea971-0ec2-4be7-aae9-364f3922b741,2026-06-13,1
814B4F44-B381-4C87-9E3B-08DEAC008D8B,f03ea971-0ec2-4be7-aae9-364f3922b741,2026-06-15,1
0DD349D7-AF5E-4BC1-9E3C-08DEAC008D8B,8b9bd17e-0e24-43f0-81f3-854b0464555f,2026-05-09,1
F03B1612-AF25-4C3C-9E3D-08DEAC008D8B,8b9bd17e-0e24-43f0-81f3-854b0464555f,2026-05-11,1
3617FBD4-9418-45A8-9E3E-08DEAC008D8B,8b9bd17e-0e24-43f0-81f3-854b0464555f,2026-05-12,1
D6516356-EB62-4DF4-9E3F-08DEAC008D8B,8b9bd17e-0e24-43f0-81f3-854b0464555f,2026-05-13,1
427CE8AE-680D-44AF-9E40-08DEAC008D8B,8b9bd17e-0e24-43f0-81f3-854b0464555f,2026-05-14,1
E431C4B7-E9C8-4F8B-9E41-08DEAC008D8B,8b9bd17e-0e24-43f0-81f3-854b0464555f,2026-05-15,1
B13C6847-2EC2-4826-9E42-08DEAC008D8B,8b9bd17e-0e24-43f0-81f3-854b0464555f,2026-05-16,1
D66F5522-A176-4355-9E43-08DEAC008D8B,8b9bd17e-0e24-43f0-81f3-854b0464555f,2026-05-18,1
029C0C06-1D1F-4E09-9E44-08DEAC008D8B,8b9bd17e-0e24-43f0-81f3-854b0464555f,2026-05-19,1
FE68D7DA-22B3-4A4B-9E45-08DEAC008D8B,8b9bd17e-0e24-43f0-81f3-854b0464555f,2026-05-20,1
EFEA5E75-40AC-411C-9E46-08DEAC008D8B,8b9bd17e-0e24-43f0-81f3-854b0464555f,2026-05-21,1
70D64D53-AB82-4F1A-9E47-08DEAC008D8B,8b9bd17e-0e24-43f0-81f3-854b0464555f,2026-05-22,1
BD394F13-447F-4B4D-9E48-08DEAC008D8B,8b9bd17e-0e24-43f0-81f3-854b0464555f,2026-05-23,1
091C0DBF-3D1D-4DAD-9E49-08DEAC008D8B,8b9bd17e-0e24-43f0-81f3-854b0464555f,2026-05-25,1
49BEDBF6-2CB7-49C4-9E4A-08DEAC008D8B,8b9bd17e-0e24-43f0-81f3-854b0464555f,2026-05-26,1
0888759F-8E00-4681-9E4B-08DEAC008D8B,8b9bd17e-0e24-43f0-81f3-854b0464555f,2026-05-27,1
72EEC509-07A8-45DC-9E4C-08DEAC008D8B,8b9bd17e-0e24-43f0-81f3-854b0464555f,2026-05-28,1
54D19B4E-C812-4FFE-9E4D-08DEAC008D8B,8b9bd17e-0e24-43f0-81f3-854b0464555f,2026-05-29,1
A9A51661-C56B-4FC2-9E4E-08DEAC008D8B,8b9bd17e-0e24-43f0-81f3-854b0464555f,2026-05-30,1
5FB5FF65-60A2-45B2-9E4F-08DEAC008D8B,8b9bd17e-0e24-43f0-81f3-854b0464555f,2026-06-01,1
C0D4CEB8-F64C-4832-9E50-08DEAC008D8B,8b9bd17e-0e24-43f0-81f3-854b0464555f,2026-06-02,1
7751D4FD-9585-49AB-9E51-08DEAC008D8B,8b9bd17e-0e24-43f0-81f3-854b0464555f,2026-06-03,1
B99CAC01-6614-48E3-9E52-08DEAC008D8B,8b9bd17e-0e24-43f0-81f3-854b0464555f,2026-06-04,1
70F85641-9E11-491A-9E53-08DEAC008D8B,8b9bd17e-0e24-43f0-81f3-854b0464555f,2026-06-05,1
A94F9AAD-6118-49B2-9E54-08DEAC008D8B,b8eaaef1-8890-4d24-8c6c-3db23f8812a0,2026-06-13,1
1F317E8D-8368-4DC5-9E55-08DEAC008D8B,b8eaaef1-8890-4d24-8c6c-3db23f8812a0,2026-06-14,1
FC2CC4AB-A057-43D7-9E56-08DEAC008D8B,b8eaaef1-8890-4d24-8c6c-3db23f8812a0,2026-06-15,1
5384C3AF-12F3-4874-9E57-08DEAC008D8B,b8eaaef1-8890-4d24-8c6c-3db23f8812a0,2026-06-16,1
46686C53-DC52-4D49-9E58-08DEAC008D8B,b8eaaef1-8890-4d24-8c6c-3db23f8812a0,2026-06-17,1
3001E326-564C-445B-9E59-08DEAC008D8B,b8eaaef1-8890-4d24-8c6c-3db23f8812a0,2026-06-18,1
2D34F940-516E-45E7-9E5A-08DEAC008D8B,b8eaaef1-8890-4d24-8c6c-3db23f8812a0,2026-06-19,1
D18474A8-4087-42CA-9E5B-08DEAC008D8B,b8eaaef1-8890-4d24-8c6c-3db23f8812a0,2026-06-20,1
153B35DB-0CB4-45EE-9E5C-08DEAC008D8B,b8eaaef1-8890-4d24-8c6c-3db23f8812a0,2026-06-21,1
65D45AFE-63E8-4448-9E5D-08DEAC008D8B,b8eaaef1-8890-4d24-8c6c-3db23f8812a0,2026-06-22,1
C2982CC7-0071-4198-9E5E-08DEAC008D8B,b8eaaef1-8890-4d24-8c6c-3db23f8812a0,2026-07-24,1
FCDC20FA-F32E-4A2B-9E5F-08DEAC008D8B,b8eaaef1-8890-4d24-8c6c-3db23f8812a0,2026-07-25,1
3A4D08CA-4281-4457-9E60-08DEAC008D8B,b8eaaef1-8890-4d24-8c6c-3db23f8812a0,2026-07-26,1
40E26BFB-20EF-4036-9E61-08DEAC008D8B,b8eaaef1-8890-4d24-8c6c-3db23f8812a0,2026-07-27,1
7D1195FC-BCBC-4298-9E62-08DEAC008D8B,b8eaaef1-8890-4d24-8c6c-3db23f8812a0,2026-07-28,1
1CC9750A-C4A6-4245-9E63-08DEAC008D8B,b8eaaef1-8890-4d24-8c6c-3db23f8812a0,2026-07-29,1
0E77017D-60DD-4E4E-9E64-08DEAC008D8B,b8eaaef1-8890-4d24-8c6c-3db23f8812a0,2026-07-30,1
AB5EEE44-B83B-456F-9E65-08DEAC008D8B,b8eaaef1-8890-4d24-8c6c-3db23f8812a0,2026-07-31,1
92A01B90-5094-415D-9E66-08DEAC008D8B,b8eaaef1-8890-4d24-8c6c-3db23f8812a0,2026-08-01,1
EEA0157D-F62E-4346-9E67-08DEAC008D8B,b8eaaef1-8890-4d24-8c6c-3db23f8812a0,2026-08-02,1
663EB5A8-EF7C-4E9C-9E68-08DEAC008D8B,144bc00f-b27f-49a9-8664-9bcd79ea6975,2026-06-15,2
940AFEEC-D086-43A1-9E69-08DEAC008D8B,ff7cc517-15bb-4dc9-a941-2902d92fc311,2026-05-25,2
ACA89EB9-32FA-4657-86F6-08DEACD6B76B,f488e272-24db-42ce-9d36-80a013657223,2026-05-18,2
BDC51DAC-9CD3-4D1E-86F7-08DEACD6B76B,6663d684-ce88-47ff-a4f7-e40d3b82a13f,2026-05-13,1
E2BC8A7B-469D-4733-86F8-08DEACD6B76B,c720feeb-93e1-4d88-b275-525f95f377ee,2026-05-30,1
DFFE9BF0-66A3-471D-86F9-08DEACD6B76B,c720feeb-93e1-4d88-b275-525f95f377ee,2026-05-31,1
3C9EB5CD-DAAB-43EB-86FA-08DEACD6B76B,c720feeb-93e1-4d88-b275-525f95f377ee,2026-06-01,1
64072006-751A-435F-86FB-08DEACD6B76B,c720feeb-93e1-4d88-b275-525f95f377ee,2026-06-02,1
F022A8B6-3BB2-4E49-86FC-08DEACD6B76B,477951d3-95b8-4933-ad3b-ae6f86eafc55,2026-05-30,1
CB1A92BA-57BA-46DF-86FD-08DEACD6B76B,477951d3-95b8-4933-ad3b-ae6f86eafc55,2026-05-31,1
03197862-B861-4B8E-86FE-08DEACD6B76B,477951d3-95b8-4933-ad3b-ae6f86eafc55,2026-06-01,1
AF142634-AA28-400B-86FF-08DEACD6B76B,477951d3-95b8-4933-ad3b-ae6f86eafc55,2026-06-02,1
4A0536D7-CF0F-4CDC-8700-08DEACD6B76B,23585a8f-5bb9-44d7-a5f9-d7498c60ab2c,2026-07-03,2
A193D342-542B-417F-8701-08DEACD6B76B,f538e494-84f3-4ea8-ae3b-f0f142294fbe,2026-05-20,2
04AEE46B-34FA-4B35-8702-08DEACD6B76B,f538e494-84f3-4ea8-ae3b-f0f142294fbe,2026-05-22,2
27860D06-0F92-4177-8703-08DEACD6B76B,f538e494-84f3-4ea8-ae3b-f0f142294fbe,2026-05-19,2
41E8E8C8-0F83-4C40-8704-08DEACD6B76B,fafe9819-8c58-4398-a1cc-77584270b6ed,2026-05-23,2
751E4D2E-14B7-420E-8705-08DEACD6B76B,fafe9819-8c58-4398-a1cc-77584270b6ed,2026-05-24,2
0E5500D7-FBCA-4817-6D28-08DEAD8E2E18,43072b87-23d4-4ad6-88f8-7999ef3c86ca,2026-05-18,2
94CEEAB1-FDD5-441A-6D29-08DEAD8E2E18,43072b87-23d4-4ad6-88f8-7999ef3c86ca,2026-05-20,2
491A1BB2-076A-40F4-6D2A-08DEAD8E2E18,b8eaaef1-8890-4d24-8c6c-3db23f8812a0,2026-05-21,2
0A806E7C-55C4-4A75-6D2B-08DEAD8E2E18,b8eaaef1-8890-4d24-8c6c-3db23f8812a0,2026-06-05,2
D632FE03-D129-4EC3-6D2C-08DEAD8E2E18,f538e494-84f3-4ea8-ae3b-f0f142294fbe,2026-05-24,1
250C6759-47A2-4F71-6D2D-08DEAD8E2E18,78732633-0af4-4912-9602-d3923d7c10d0,2026-06-24,1
BBB19DC1-9FBB-4E25-6D2E-08DEAD8E2E18,78732633-0af4-4912-9602-d3923d7c10d0,2026-06-25,1
7ED56FCE-9645-4D02-6D2F-08DEAD8E2E18,78732633-0af4-4912-9602-d3923d7c10d0,2026-06-26,1
CB04161B-77EE-45B0-6D30-08DEAD8E2E18,78732633-0af4-4912-9602-d3923d7c10d0,2026-06-27,1
0CE22738-42BB-49B3-6D31-08DEAD8E2E18,78732633-0af4-4912-9602-d3923d7c10d0,2026-09-07,1
71B520D5-4E67-41C5-6D32-08DEAD8E2E18,78732633-0af4-4912-9602-d3923d7c10d0,2026-09-08,1
5FFF6B35-D664-48BD-6D33-08DEAD8E2E18,78732633-0af4-4912-9602-d3923d7c10d0,2026-09-09,1
6D0D8EDF-E8F1-49B9-6D34-08DEAD8E2E18,78732633-0af4-4912-9602-d3923d7c10d0,2026-09-10,1
4B892950-0BC8-4D7A-6D35-08DEAD8E2E18,78732633-0af4-4912-9602-d3923d7c10d0,2026-09-11,1
4B8F8E54-F657-4CC3-6D36-08DEAD8E2E18,78732633-0af4-4912-9602-d3923d7c10d0,2026-09-12,1
63402357-7C5B-4083-6D37-08DEAD8E2E18,78732633-0af4-4912-9602-d3923d7c10d0,2026-09-13,1
53AE8025-F58A-4AAD-6D38-08DEAD8E2E18,78732633-0af4-4912-9602-d3923d7c10d0,2026-09-14,1
45F829BF-E714-4722-6D39-08DEAD8E2E18,78732633-0af4-4912-9602-d3923d7c10d0,2026-09-15,1
4EB02507-191C-4D63-6D3A-08DEAD8E2E18,78732633-0af4-4912-9602-d3923d7c10d0,2026-09-16,1
FAA9DFE8-92AD-4F6A-6D3B-08DEAD8E2E18,78732633-0af4-4912-9602-d3923d7c10d0,2026-09-17,1
99ACC6FD-97F5-4110-6D3C-08DEAD8E2E18,78732633-0af4-4912-9602-d3923d7c10d0,2026-09-18,1
D53F39E6-3A69-4E3C-6D3D-08DEAD8E2E18,78732633-0af4-4912-9602-d3923d7c10d0,2026-09-19,1
26C146C5-3864-45D1-6D3E-08DEAD8E2E18,78732633-0af4-4912-9602-d3923d7c10d0,2026-09-20,1
B22B3E14-1AA7-4D74-0B2B-08DEADADE59F,925fe8e4-a2de-433d-8c9d-b07fd34a8c36,2026-05-18,2
E46B7AF5-4330-4E41-0B2C-08DEADADE59F,2320cb1b-d64f-4486-aabe-9754c12a1d06,2026-05-18,2
75D578B0-31B6-4AF0-0B2D-08DEADADE59F,925fe8e4-a2de-433d-8c9d-b07fd34a8c36,2026-05-20,2
F941D9EF-6308-4BD8-0B2E-08DEADADE59F,2320cb1b-d64f-4486-aabe-9754c12a1d06,2026-05-20,2
49095B83-8321-4530-0B2F-08DEADADE59F,925fe8e4-a2de-433d-8c9d-b07fd34a8c36,2026-05-24,2
8458AA64-DEE1-4D22-0B30-08DEADADE59F,2320cb1b-d64f-4486-aabe-9754c12a1d06,2026-05-24,2
B9E08E78-4970-4000-0B31-08DEADADE59F,ab577efb-8d05-4666-a51a-6b95edc5ec45,2026-06-21,1
8E09F4FE-ED56-4027-0B32-08DEADADE59F,ab577efb-8d05-4666-a51a-6b95edc5ec45,2026-06-22,1
E1A367FE-3C01-4536-0B33-08DEADADE59F,ab577efb-8d05-4666-a51a-6b95edc5ec45,2026-06-23,1
28CD3C77-52F2-49E8-0B34-08DEADADE59F,ab577efb-8d05-4666-a51a-6b95edc5ec45,2026-06-24,1
8DFD4724-8BA2-4A1B-0B35-08DEADADE59F,ab577efb-8d05-4666-a51a-6b95edc5ec45,2026-06-25,1
8E480175-8DB0-44CA-0B36-08DEADADE59F,ab577efb-8d05-4666-a51a-6b95edc5ec45,2026-06-26,1
D08509DB-2870-4B00-0B37-08DEADADE59F,ab577efb-8d05-4666-a51a-6b95edc5ec45,2026-06-27,1
C1F62028-844F-45B1-0B38-08DEADADE59F,ab577efb-8d05-4666-a51a-6b95edc5ec45,2026-06-28,1
8EFA723C-2DEF-471D-0B39-08DEADADE59F,ab577efb-8d05-4666-a51a-6b95edc5ec45,2026-06-29,1
F0C26BD3-7A63-4BD7-0B3A-08DEADADE59F,ab577efb-8d05-4666-a51a-6b95edc5ec45,2026-06-30,1
7D4715FF-9D83-44B9-0B3B-08DEADADE59F,ab577efb-8d05-4666-a51a-6b95edc5ec45,2026-07-01,1
347756EC-F7C0-4EC2-0B3C-08DEADADE59F,ab577efb-8d05-4666-a51a-6b95edc5ec45,2026-08-16,1
B80E9AEE-A6E3-453C-0B3D-08DEADADE59F,ab577efb-8d05-4666-a51a-6b95edc5ec45,2026-08-17,1
06911532-3812-4E4B-0B3E-08DEADADE59F,ab577efb-8d05-4666-a51a-6b95edc5ec45,2026-08-18,1
5A19B38E-4657-4229-0B3F-08DEADADE59F,ab577efb-8d05-4666-a51a-6b95edc5ec45,2026-08-19,1
845DC650-D7F4-4975-0B40-08DEADADE59F,ab577efb-8d05-4666-a51a-6b95edc5ec45,2026-08-20,1
ACF9A34F-4ADD-4D23-0B41-08DEADADE59F,ab577efb-8d05-4666-a51a-6b95edc5ec45,2026-08-21,1
50A5EF8F-BA5A-4C0F-0B42-08DEADADE59F,ab577efb-8d05-4666-a51a-6b95edc5ec45,2026-08-22,1
A6A12A53-2F0C-4546-0B43-08DEADADE59F,ab577efb-8d05-4666-a51a-6b95edc5ec45,2026-08-23,1
1D1CCDAA-7CB0-41E9-0B44-08DEADADE59F,f538e494-84f3-4ea8-ae3b-f0f142294fbe,2026-06-12,1
5D0BEFA6-45AC-4D16-0B45-08DEADADE59F,f538e494-84f3-4ea8-ae3b-f0f142294fbe,2026-06-13,1
DF3B7CD3-5368-452F-0B46-08DEADADE59F,f538e494-84f3-4ea8-ae3b-f0f142294fbe,2026-06-14,1
852E8652-6BA4-4412-0B47-08DEADADE59F,f538e494-84f3-4ea8-ae3b-f0f142294fbe,2026-06-15,1
D21C0BDC-96E2-4FC6-0B48-08DEADADE59F,f538e494-84f3-4ea8-ae3b-f0f142294fbe,2026-06-16,1
E9432D2A-00F8-4BAD-0B49-08DEADADE59F,f538e494-84f3-4ea8-ae3b-f0f142294fbe,2026-06-17,1
68B497F7-142D-4BFA-0B4A-08DEADADE59F,f538e494-84f3-4ea8-ae3b-f0f142294fbe,2026-06-18,1
A2C111B4-93DC-498A-0B4B-08DEADADE59F,f538e494-84f3-4ea8-ae3b-f0f142294fbe,2026-06-19,1
44FDB402-D195-4C99-0B4C-08DEADADE59F,f538e494-84f3-4ea8-ae3b-f0f142294fbe,2026-06-20,1
3ED87224-BC63-4101-0B4D-08DEADADE59F,f538e494-84f3-4ea8-ae3b-f0f142294fbe,2026-06-21,1
3DFC649E-4E81-4444-0B4E-08DEADADE59F,f538e494-84f3-4ea8-ae3b-f0f142294fbe,2026-06-22,1
A89F92AD-5510-4652-0B4F-08DEADADE59F,f538e494-84f3-4ea8-ae3b-f0f142294fbe,2026-06-23,1
8E140CF1-4E4E-4EC3-0B50-08DEADADE59F,f538e494-84f3-4ea8-ae3b-f0f142294fbe,2026-06-24,1
FA3FEF1A-1AF2-427D-0B51-08DEADADE59F,f538e494-84f3-4ea8-ae3b-f0f142294fbe,2026-06-25,1
F212FA59-5FAF-4D09-0B52-08DEADADE59F,4d71f5cd-5e03-4e0e-b17d-593586b88b99,2026-05-19,2
07114204-6073-44F6-0B53-08DEADADE59F,4d71f5cd-5e03-4e0e-b17d-593586b88b99,2026-05-22,2
FA0F1190-C56E-4882-0B54-08DEADADE59F,4d71f5cd-5e03-4e0e-b17d-593586b88b99,2026-05-20,2
A32A2F87-0A58-4CF8-8027-08DEADDB0433,299503c0-1a91-43dd-8b64-b2b35f44afd6,2026-07-01,1
61C05ACA-88E8-4489-8028-08DEADDB0433,299503c0-1a91-43dd-8b64-b2b35f44afd6,2026-07-02,1
810A0CED-33D6-4100-8029-08DEADDB0433,299503c0-1a91-43dd-8b64-b2b35f44afd6,2026-07-03,1
66F54E4D-7F06-459A-802A-08DEADDB0433,299503c0-1a91-43dd-8b64-b2b35f44afd6,2026-07-04,1
CC43AE12-87AE-43E7-802B-08DEADDB0433,299503c0-1a91-43dd-8b64-b2b35f44afd6,2026-07-05,1
8D827D35-73E9-4A57-802C-08DEADDB0433,299503c0-1a91-43dd-8b64-b2b35f44afd6,2026-07-06,1
E391713E-FF92-473C-802D-08DEADDB0433,299503c0-1a91-43dd-8b64-b2b35f44afd6,2026-07-07,1
CB5AAE74-46E1-4329-802E-08DEADDB0433,299503c0-1a91-43dd-8b64-b2b35f44afd6,2026-07-08,1
A2578A21-6F61-4880-802F-08DEADDB0433,299503c0-1a91-43dd-8b64-b2b35f44afd6,2026-07-09,1
3C34ADB6-4C56-44BA-8030-08DEADDB0433,299503c0-1a91-43dd-8b64-b2b35f44afd6,2026-07-10,1
C59049D2-0549-41BD-8031-08DEADDB0433,299503c0-1a91-43dd-8b64-b2b35f44afd6,2026-07-11,1
66AFDB94-04C1-4467-8032-08DEADDB0433,299503c0-1a91-43dd-8b64-b2b35f44afd6,2026-07-12,1
F271F812-6953-4DFD-8033-08DEADDB0433,299503c0-1a91-43dd-8b64-b2b35f44afd6,2026-07-13,1
5CEF46EB-7A99-4867-8034-08DEADDB0433,299503c0-1a91-43dd-8b64-b2b35f44afd6,2026-07-14,1
AB270036-B7BA-4AB1-8035-08DEADDB0433,299503c0-1a91-43dd-8b64-b2b35f44afd6,2026-07-15,1
730A1665-A8E9-41F7-E4DC-08DEAE5325D8,0fac737b-0e61-46db-a27a-52730d65cb9a,2026-07-11,1
55A3510A-8E4F-42CA-E4DD-08DEAE5325D8,0fac737b-0e61-46db-a27a-52730d65cb9a,2026-07-12,1
BEED2D1D-8C2B-4E88-E4DE-08DEAE5325D8,0fac737b-0e61-46db-a27a-52730d65cb9a,2026-07-13,1
A21853D6-4630-44DC-E4DF-08DEAE5325D8,0fac737b-0e61-46db-a27a-52730d65cb9a,2026-07-14,1
032EBDE3-7D83-4480-E4E0-08DEAE5325D8,0fac737b-0e61-46db-a27a-52730d65cb9a,2026-07-15,1
3E9A863D-1DA9-46AC-E4E1-08DEAE5325D8,0fac737b-0e61-46db-a27a-52730d65cb9a,2026-07-16,1
83C8AE27-EB0C-4CD9-E4E2-08DEAE5325D8,0fac737b-0e61-46db-a27a-52730d65cb9a,2026-07-17,1
CEDD2224-ACEC-4C90-E4E3-08DEAE5325D8,0fac737b-0e61-46db-a27a-52730d65cb9a,2026-07-18,1
7160864E-E972-41BF-E4E4-08DEAE5325D8,0fac737b-0e61-46db-a27a-52730d65cb9a,2026-07-19,1
8272DAD0-4175-4EFB-E4E5-08DEAE5325D8,0fac737b-0e61-46db-a27a-52730d65cb9a,2026-07-20,1
1B34DEA7-F08F-4964-E4E6-08DEAE5325D8,0fac737b-0e61-46db-a27a-52730d65cb9a,2026-07-21,1
CD298FD1-4CE4-4848-E4E7-08DEAE5325D8,0fac737b-0e61-46db-a27a-52730d65cb9a,2026-07-22,1
E60E0BA6-2D8F-4BF4-E4E8-08DEAE5325D8,0fac737b-0e61-46db-a27a-52730d65cb9a,2026-07-23,1
0ADD0DF7-9ADB-484D-E4E9-08DEAE5325D8,0fac737b-0e61-46db-a27a-52730d65cb9a,2026-07-24,1
E3648FA2-A181-42A7-E4EA-08DEAE5325D8,0fac737b-0e61-46db-a27a-52730d65cb9a,2026-07-25,1
F272E761-921A-4107-E4EB-08DEAE5325D8,0fac737b-0e61-46db-a27a-52730d65cb9a,2026-09-04,1
3E898C05-AE97-4487-E4EC-08DEAE5325D8,0fac737b-0e61-46db-a27a-52730d65cb9a,2026-09-05,1
06350AE6-3137-4B98-E4ED-08DEAE5325D8,0fac737b-0e61-46db-a27a-52730d65cb9a,2026-09-06,1
D89A9BF7-5A05-49AE-E4EE-08DEAE5325D8,0fac737b-0e61-46db-a27a-52730d65cb9a,2026-09-07,1
C51956DF-0CEC-43D3-E4EF-08DEAE5325D8,0fac737b-0e61-46db-a27a-52730d65cb9a,2026-09-08,1
AB250190-E40A-4D89-E4F0-08DEAE5325D8,0fac737b-0e61-46db-a27a-52730d65cb9a,2026-09-09,1
AE1E4048-3E43-49AA-E4F1-08DEAE5325D8,0fac737b-0e61-46db-a27a-52730d65cb9a,2026-09-10,1
F65EC636-B789-4FB2-E4F2-08DEAE5325D8,0fac737b-0e61-46db-a27a-52730d65cb9a,2026-09-11,1
FB294847-DD49-4C18-E4F3-08DEAE5325D8,0fac737b-0e61-46db-a27a-52730d65cb9a,2026-09-12,1
0FDEC304-1524-416D-E4F4-08DEAE5325D8,d71b50b4-750e-4644-9786-becc6520c6d7,2026-05-19,2
B39F854F-E4EC-43B3-E4F5-08DEAE5325D8,d71b50b4-750e-4644-9786-becc6520c6d7,2026-05-20,2
1504363D-A5A2-43E8-E4F6-08DEAE5325D8,d71b50b4-750e-4644-9786-becc6520c6d7,2026-05-23,2
30F65CEC-247A-4607-E4F7-08DEAE5325D8,d71b50b4-750e-4644-9786-becc6520c6d7,2026-06-19,1
E36356FD-3969-42A2-E4F8-08DEAE5325D8,d71b50b4-750e-4644-9786-becc6520c6d7,2026-06-20,1
FB137ACA-B797-4880-E4F9-08DEAE5325D8,d71b50b4-750e-4644-9786-becc6520c6d7,2026-06-21,1
4ED3A34F-7993-4728-E4FA-08DEAE5325D8,d71b50b4-750e-4644-9786-becc6520c6d7,2026-06-29,1
E68A976A-401A-4B02-E4FB-08DEAE5325D8,d71b50b4-750e-4644-9786-becc6520c6d7,2026-06-30,1
235E00A3-4D2C-4E7B-E4FC-08DEAE5325D8,d71b50b4-750e-4644-9786-becc6520c6d7,2026-07-01,1
6AE21B13-AF08-4FFE-E4FD-08DEAE5325D8,d71b50b4-750e-4644-9786-becc6520c6d7,2026-07-02,1
1A44AA63-76FB-4937-E4FE-08DEAE5325D8,d71b50b4-750e-4644-9786-becc6520c6d7,2026-07-03,1
92EFF27C-3B4E-4CCA-E4FF-08DEAE5325D8,d71b50b4-750e-4644-9786-becc6520c6d7,2026-07-04,1
761A4B73-C9FB-47C2-E500-08DEAE5325D8,d71b50b4-750e-4644-9786-becc6520c6d7,2026-07-05,1
46BCDCFE-51B0-49F7-E501-08DEAE5325D8,d71b50b4-750e-4644-9786-becc6520c6d7,2026-08-25,1
BB49A9A7-A351-4836-E502-08DEAE5325D8,d71b50b4-750e-4644-9786-becc6520c6d7,2026-08-26,1
792D2D7A-D2BE-4C31-E503-08DEAE5325D8,d71b50b4-750e-4644-9786-becc6520c6d7,2026-08-27,1
DF17A773-C3F0-4684-E504-08DEAE5325D8,d71b50b4-750e-4644-9786-becc6520c6d7,2026-08-28,1
891EECFF-88B0-4AEC-E505-08DEAE5325D8,d71b50b4-750e-4644-9786-becc6520c6d7,2026-08-29,1
B6679256-35AF-4991-E506-08DEAE5325D8,d71b50b4-750e-4644-9786-becc6520c6d7,2026-08-30,1
E6B68E6B-E398-4F83-E507-08DEAE5325D8,b5ca6829-6ac9-4e18-96d7-3282ff6f3250,2026-06-20,1
D988237A-B6BB-450B-E508-08DEAE5325D8,b5ca6829-6ac9-4e18-96d7-3282ff6f3250,2026-06-21,1
EED4CF2F-D5ED-4867-E509-08DEAE5325D8,b5ca6829-6ac9-4e18-96d7-3282ff6f3250,2026-06-22,1
5A63FEA3-F86B-4409-E50A-08DEAE5325D8,b5ca6829-6ac9-4e18-96d7-3282ff6f3250,2026-06-23,1
6F513A28-628E-4876-E50B-08DEAE5325D8,b5ca6829-6ac9-4e18-96d7-3282ff6f3250,2026-06-24,1
C798E92D-A423-4FFF-E50C-08DEAE5325D8,b5ca6829-6ac9-4e18-96d7-3282ff6f3250,2026-06-25,1
8F4C9429-9B95-45F4-E50D-08DEAE5325D8,b5ca6829-6ac9-4e18-96d7-3282ff6f3250,2026-06-26,1
3739731A-74BF-4AF7-E50E-08DEAE5325D8,b5ca6829-6ac9-4e18-96d7-3282ff6f3250,2026-06-27,1
74475CA7-051B-49D6-E50F-08DEAE5325D8,b5ca6829-6ac9-4e18-96d7-3282ff6f3250,2026-06-28,1
16345C27-36BE-42C8-E510-08DEAE5325D8,b5ca6829-6ac9-4e18-96d7-3282ff6f3250,2026-07-19,1
0FD43830-82FE-44F9-E511-08DEAE5325D8,b5ca6829-6ac9-4e18-96d7-3282ff6f3250,2026-07-20,1
04AC6AF6-76AB-433D-E512-08DEAE5325D8,b5ca6829-6ac9-4e18-96d7-3282ff6f3250,2026-07-21,1
882E2FAF-3643-4D09-E513-08DEAE5325D8,b5ca6829-6ac9-4e18-96d7-3282ff6f3250,2026-07-22,1
C7667E54-341E-4209-E514-08DEAE5325D8,b5ca6829-6ac9-4e18-96d7-3282ff6f3250,2026-07-23,1
FD6505E2-5FF3-4425-E515-08DEAE5325D8,b5ca6829-6ac9-4e18-96d7-3282ff6f3250,2026-07-24,1
83D45BF7-2B74-412E-E516-08DEAE5325D8,b5ca6829-6ac9-4e18-96d7-3282ff6f3250,2026-07-25,1
28E77A34-84EA-4DB1-E517-08DEAE5325D8,b5ca6829-6ac9-4e18-96d7-3282ff6f3250,2026-07-26,1
ED1903DC-FA84-41F7-E518-08DEAE5325D8,b5ca6829-6ac9-4e18-96d7-3282ff6f3250,2026-08-15,1
5E60292E-7F03-47EB-E519-08DEAE5325D8,b5ca6829-6ac9-4e18-96d7-3282ff6f3250,2026-08-16,1
0B472BA7-F809-4139-E51A-08DEAE5325D8,b5ca6829-6ac9-4e18-96d7-3282ff6f3250,2026-08-17,1
76FF7CC6-3C8E-4BC9-E51B-08DEAE5325D8,b5ca6829-6ac9-4e18-96d7-3282ff6f3250,2026-08-18,1
355BAEBE-2F00-4463-E51C-08DEAE5325D8,b5ca6829-6ac9-4e18-96d7-3282ff6f3250,2026-08-19,1
CF284AB1-D22F-42E3-E51D-08DEAE5325D8,b5ca6829-6ac9-4e18-96d7-3282ff6f3250,2026-08-20,1
47FA67CB-14B7-4B77-E51E-08DEAE5325D8,b5ca6829-6ac9-4e18-96d7-3282ff6f3250,2026-08-21,1
9CB79195-9486-4E3B-E51F-08DEAE5325D8,b5ca6829-6ac9-4e18-96d7-3282ff6f3250,2026-08-22,1
32AE0A26-38C5-43FF-E520-08DEAE5325D8,b5ca6829-6ac9-4e18-96d7-3282ff6f3250,2026-06-04,2
2CA1C4E5-2FBF-431B-E521-08DEAE5325D8,b5ca6829-6ac9-4e18-96d7-3282ff6f3250,2026-07-02,2
5D4E91EF-C219-4257-E522-08DEAE5325D8,b5ca6829-6ac9-4e18-96d7-3282ff6f3250,2026-07-03,2
63F97257-1893-4685-E523-08DEAE5325D8,c720feeb-93e1-4d88-b275-525f95f377ee,2026-06-20,1
4A6EC8A2-A263-4FD9-E524-08DEAE5325D8,c720feeb-93e1-4d88-b275-525f95f377ee,2026-06-21,1
6F3B97B9-9091-4F6F-E525-08DEAE5325D8,c720feeb-93e1-4d88-b275-525f95f377ee,2026-06-22,1
4242B2FD-5A88-4F67-E526-08DEAE5325D8,c720feeb-93e1-4d88-b275-525f95f377ee,2026-06-23,1
59643D5B-77F2-4094-E527-08DEAE5325D8,c720feeb-93e1-4d88-b275-525f95f377ee,2026-06-24,1
70A936DC-0132-4A2C-E528-08DEAE5325D8,c720feeb-93e1-4d88-b275-525f95f377ee,2026-06-25,1
84137DD3-56B7-4922-E529-08DEAE5325D8,c720feeb-93e1-4d88-b275-525f95f377ee,2026-06-26,1
A92FDEFA-8E09-4C8F-E52A-08DEAE5325D8,c720feeb-93e1-4d88-b275-525f95f377ee,2026-06-27,1
EEF07E5C-516E-4191-E52B-08DEAE5325D8,b5ca6829-6ac9-4e18-96d7-3282ff6f3250,2026-07-29,2
4778BE8F-3E12-4075-E52C-08DEAE5325D8,c720feeb-93e1-4d88-b275-525f95f377ee,2026-08-01,1
92CBDE28-9012-4BB1-E52D-08DEAE5325D8,c720feeb-93e1-4d88-b275-525f95f377ee,2026-08-02,1
FF5E1F54-896C-4E3B-E52E-08DEAE5325D8,c720feeb-93e1-4d88-b275-525f95f377ee,2026-08-03,1
234817B0-58E8-4649-E52F-08DEAE5325D8,c720feeb-93e1-4d88-b275-525f95f377ee,2026-08-04,1
59A51A8B-93DD-40C1-E530-08DEAE5325D8,c720feeb-93e1-4d88-b275-525f95f377ee,2026-08-05,1
EC1A10BC-5203-4223-E531-08DEAE5325D8,c720feeb-93e1-4d88-b275-525f95f377ee,2026-08-06,1
91698E2D-6BA2-4710-E532-08DEAE5325D8,c720feeb-93e1-4d88-b275-525f95f377ee,2026-08-07,1
4276FB85-A89D-456F-E533-08DEAE5325D8,c720feeb-93e1-4d88-b275-525f95f377ee,2026-08-08,1
EBF78600-BF4F-4FCA-E534-08DEAE5325D8,c720feeb-93e1-4d88-b275-525f95f377ee,2026-08-09,1
1BDA01E3-2142-426C-E535-08DEAE5325D8,c720feeb-93e1-4d88-b275-525f95f377ee,2026-08-10,1
5516DA86-D182-4457-E536-08DEAE5325D8,c720feeb-93e1-4d88-b275-525f95f377ee,2026-08-11,1
E2A3BD14-0150-4207-E537-08DEAE5325D8,c720feeb-93e1-4d88-b275-525f95f377ee,2026-08-12,1
F6C5D46B-7666-4428-E538-08DEAE5325D8,c720feeb-93e1-4d88-b275-525f95f377ee,2026-08-13,1
16EBEC96-BCB4-441C-E539-08DEAE5325D8,c720feeb-93e1-4d88-b275-525f95f377ee,2026-08-14,1
FC719E27-7531-4526-E53A-08DEAE5325D8,c720feeb-93e1-4d88-b275-525f95f377ee,2026-08-15,1
60198334-EFDA-482D-E53B-08DEAE5325D8,b5ca6829-6ac9-4e18-96d7-3282ff6f3250,2026-08-25,2
82182909-2C82-449B-E53C-08DEAE5325D8,c720feeb-93e1-4d88-b275-525f95f377ee,2026-06-03,2
FD76A750-35AA-47CD-E53D-08DEAE5325D8,b5ca6829-6ac9-4e18-96d7-3282ff6f3250,2026-08-26,2
4F1C5389-FB8D-4109-E53E-08DEAE5325D8,c720feeb-93e1-4d88-b275-525f95f377ee,2026-06-07,2
CD03283E-17AA-4C05-E53F-08DEAE5325D8,c720feeb-93e1-4d88-b275-525f95f377ee,2026-05-27,2
D58A073B-7421-4DDF-E540-08DEAE5325D8,c720feeb-93e1-4d88-b275-525f95f377ee,2026-06-06,2
CB3E8244-2706-48FD-3706-08DEAE7BC3DB,c5ce5a45-2b0a-40ff-a82f-ea5df6501805,2026-05-23,2
571AE079-8D06-491F-3707-08DEAE7BC3DB,c5ce5a45-2b0a-40ff-a82f-ea5df6501805,2026-05-24,2
5A2E1A1A-7F9A-49E2-3708-08DEAE7BC3DB,10005f55-8589-4836-800d-4b8bba0bf675,2026-05-24,2
03D36DEF-2A85-496D-19A2-08DEAE91BD07,c71ec1ec-5e2b-4c33-8c89-de5897a207a6,2026-05-18,2
AE383A79-CC2A-42E9-02F0-08DEAE9F7048,6663d684-ce88-47ff-a4f7-e40d3b82a13f,2026-05-18,2
760BA22D-B550-434A-02F1-08DEAE9F7048,6663d684-ce88-47ff-a4f7-e40d3b82a13f,2026-05-19,2
E5DF98B4-842B-4EF6-02F2-08DEAE9F7048,6663d684-ce88-47ff-a4f7-e40d3b82a13f,2026-05-26,2
965CE376-BC5D-401D-02F3-08DEAE9F7048,6663d684-ce88-47ff-a4f7-e40d3b82a13f,2026-05-29,2
C0FCDED2-4486-47D7-02F4-08DEAE9F7048,1a75df7a-e558-47c6-8af0-033582318b99,2026-06-05,2
C848F8A2-BAC1-486A-02F5-08DEAE9F7048,1a75df7a-e558-47c6-8af0-033582318b99,2026-06-06,2
1050D0AC-EDF9-4836-02F6-08DEAE9F7048,1a75df7a-e558-47c6-8af0-033582318b99,2026-06-07,2
6D5C8C7B-9D35-45B8-02F7-08DEAE9F7048,1a75df7a-e558-47c6-8af0-033582318b99,2026-06-14,2
DEE34540-C914-4C8F-02F8-08DEAE9F7048,1a75df7a-e558-47c6-8af0-033582318b99,2026-05-18,2
1C0DE1C9-CCCD-4489-02F9-08DEAE9F7048,1a75df7a-e558-47c6-8af0-033582318b99,2026-06-09,2
B0B14732-56E0-4E0B-02FA-08DEAE9F7048,1a75df7a-e558-47c6-8af0-033582318b99,2026-06-11,2
CE624D21-9848-41D9-0300-08DEAE9F7048,6663d684-ce88-47ff-a4f7-e40d3b82a13f,2026-05-30,2
71A88E02-0769-48A0-0301-08DEAE9F7048,1a75df7a-e558-47c6-8af0-033582318b99,2026-06-15,1
2F45F613-A9BB-4A8A-0302-08DEAE9F7048,1a75df7a-e558-47c6-8af0-033582318b99,2026-06-16,1
E263804B-E568-40A1-0303-08DEAE9F7048,1a75df7a-e558-47c6-8af0-033582318b99,2026-06-17,1
3A3D0B62-AB87-46DB-0304-08DEAE9F7048,1a75df7a-e558-47c6-8af0-033582318b99,2026-06-18,1
94D1A6F3-B59A-426D-0305-08DEAE9F7048,1a75df7a-e558-47c6-8af0-033582318b99,2026-07-11,1
1FDF29CD-0802-4D60-0306-08DEAE9F7048,1a75df7a-e558-47c6-8af0-033582318b99,2026-07-12,1
16A4566E-791C-4B63-0307-08DEAE9F7048,1a75df7a-e558-47c6-8af0-033582318b99,2026-07-13,1
14F4ADB2-D99D-4D52-0308-08DEAE9F7048,1a75df7a-e558-47c6-8af0-033582318b99,2026-07-14,1
8F8630B3-244C-42C1-0309-08DEAE9F7048,1a75df7a-e558-47c6-8af0-033582318b99,2026-07-15,1
CFE94131-C8F2-46E9-030A-08DEAE9F7048,1a75df7a-e558-47c6-8af0-033582318b99,2026-07-16,1
5911A3E2-007C-4C13-030B-08DEAE9F7048,1a75df7a-e558-47c6-8af0-033582318b99,2026-07-17,1
59957955-CBEA-4BDE-030C-08DEAE9F7048,1a75df7a-e558-47c6-8af0-033582318b99,2026-07-18,1
77E53B2E-F097-4821-030D-08DEAE9F7048,1a75df7a-e558-47c6-8af0-033582318b99,2026-07-19,1
C27B8987-1842-4F21-030E-08DEAE9F7048,1a75df7a-e558-47c6-8af0-033582318b99,2026-09-09,1
28F85458-3E21-42A3-030F-08DEAE9F7048,1a75df7a-e558-47c6-8af0-033582318b99,2026-09-10,1
2E481ED7-51B9-4AC0-0310-08DEAE9F7048,1a75df7a-e558-47c6-8af0-033582318b99,2026-09-11,1
C38E5058-B1D5-46A3-0311-08DEAE9F7048,1a75df7a-e558-47c6-8af0-033582318b99,2026-09-12,1
21AF32A7-EC1E-4D5D-0312-08DEAE9F7048,1a75df7a-e558-47c6-8af0-033582318b99,2026-06-26,2
7919F592-E23F-4A35-0313-08DEAE9F7048,d6bb32c2-721c-4e93-b32d-96b031accd42,2026-07-01,1
210E2E98-4C5A-40A0-0314-08DEAE9F7048,d6bb32c2-721c-4e93-b32d-96b031accd42,2026-07-02,1
55A25F24-0535-4133-0315-08DEAE9F7048,d6bb32c2-721c-4e93-b32d-96b031accd42,2026-07-03,1
40F7A33B-17CC-41D7-0316-08DEAE9F7048,d6bb32c2-721c-4e93-b32d-96b031accd42,2026-07-04,1
200F4452-7714-45F1-0317-08DEAE9F7048,d6bb32c2-721c-4e93-b32d-96b031accd42,2026-07-05,1
8D7D3589-EC16-43C1-0318-08DEAE9F7048,d6bb32c2-721c-4e93-b32d-96b031accd42,2026-07-06,1
99EC5BBA-7C26-45FA-0319-08DEAE9F7048,d6bb32c2-721c-4e93-b32d-96b031accd42,2026-07-07,1
ED7920AE-43FC-4332-031A-08DEAE9F7048,d6bb32c2-721c-4e93-b32d-96b031accd42,2026-07-08,1
E2C01267-DCCF-4483-031B-08DEAE9F7048,d6bb32c2-721c-4e93-b32d-96b031accd42,2026-07-09,1
E3BFF3D8-94B2-48FE-031C-08DEAE9F7048,d6bb32c2-721c-4e93-b32d-96b031accd42,2026-07-10,1
B5F6D35F-52F5-4623-031D-08DEAE9F7048,d6bb32c2-721c-4e93-b32d-96b031accd42,2026-07-11,1
F80DD74D-CDC3-4D05-031E-08DEAE9F7048,d6bb32c2-721c-4e93-b32d-96b031accd42,2026-07-12,1
0459713F-1254-4A6F-031F-08DEAE9F7048,d6bb32c2-721c-4e93-b32d-96b031accd42,2026-07-13,1
C042ABA0-F4B0-480C-0320-08DEAE9F7048,d6bb32c2-721c-4e93-b32d-96b031accd42,2026-07-14,1
035ECA96-2679-499F-0321-08DEAE9F7048,c71ec1ec-5e2b-4c33-8c89-de5897a207a6,2026-05-19,2
9E4F3E06-CC3B-4080-7DA3-08DEAEB57D5E,2c075776-4fd8-49f3-b781-7842bd8156de,2026-05-18,2
50C3E48A-15B5-4F94-7DA4-08DEAEB57D5E,2c075776-4fd8-49f3-b781-7842bd8156de,2026-05-23,2
BBAD34F1-9677-4331-96C1-08DEAEC8EDAA,413e6437-7712-4672-8d5f-80a6c94ef119,2026-05-22,2
C2A87544-FC6B-45C1-A864-08DEAF1AF011,57f57d9a-735a-4bcc-afb6-f2799bd738a4,2026-05-18,2
5B5B0C49-D3F3-4E4C-A865-08DEAF1AF011,57f57d9a-735a-4bcc-afb6-f2799bd738a4,2026-05-20,2
87722235-96CF-40FB-A866-08DEAF1AF011,57f57d9a-735a-4bcc-afb6-f2799bd738a4,2026-05-24,2
7AA3960A-6445-4992-A867-08DEAF1AF011,1641a578-00b2-4973-955d-095bc254d709,2026-05-25,1
2BACCB50-4C11-4BFD-A868-08DEAF1AF011,1641a578-00b2-4973-955d-095bc254d709,2026-09-17,1
BAC8465B-4C20-463A-A869-08DEAF1AF011,1641a578-00b2-4973-955d-095bc254d709,2026-09-18,1
B2A7AD60-2727-43A6-A86A-08DEAF1AF011,1641a578-00b2-4973-955d-095bc254d709,2026-09-19,1
8CB26B0D-D440-49EC-A86B-08DEAF1AF011,1641a578-00b2-4973-955d-095bc254d709,2026-09-20,1
DE8E371B-1FE1-431E-A86C-08DEAF1AF011,1641a578-00b2-4973-955d-095bc254d709,2026-07-01,1
472F2142-33F4-4C05-A86D-08DEAF1AF011,1641a578-00b2-4973-955d-095bc254d709,2026-07-02,1
C630815B-33B1-404A-A86E-08DEAF1AF011,1641a578-00b2-4973-955d-095bc254d709,2026-07-03,1
302F1E30-46A4-4F5C-A86F-08DEAF1AF011,1641a578-00b2-4973-955d-095bc254d709,2026-07-04,1
1CAED0E5-E8E7-4244-A870-08DEAF1AF011,1641a578-00b2-4973-955d-095bc254d709,2026-07-05,1
8E3E08B9-2B29-4EB5-A871-08DEAF1AF011,1641a578-00b2-4973-955d-095bc254d709,2026-07-06,1
61692688-71E0-4705-A872-08DEAF1AF011,1641a578-00b2-4973-955d-095bc254d709,2026-07-07,1
AE0B047E-7B82-48D8-A873-08DEAF1AF011,1641a578-00b2-4973-955d-095bc254d709,2026-07-08,1
5AB1E2D4-F8C3-4ED3-A874-08DEAF1AF011,1641a578-00b2-4973-955d-095bc254d709,2026-07-09,1
501E30D9-EC17-48F5-A875-08DEAF1AF011,1641a578-00b2-4973-955d-095bc254d709,2026-07-10,1
BA6E7F24-DE43-4BD0-A876-08DEAF1AF011,1641a578-00b2-4973-955d-095bc254d709,2026-07-11,1
3E0645F6-1344-49A8-A877-08DEAF1AF011,1641a578-00b2-4973-955d-095bc254d709,2026-07-12,1
22A38A56-18AF-4184-A878-08DEAF1AF011,1641a578-00b2-4973-955d-095bc254d709,2026-07-13,1
2660E0F2-B8E1-4E96-A879-08DEAF1AF011,1641a578-00b2-4973-955d-095bc254d709,2026-07-14,1
CF1A3105-52FB-438F-A87A-08DEAF1AF011,1641a578-00b2-4973-955d-095bc254d709,2026-06-01,1
6D379509-E93F-4071-A87B-08DEAF1AF011,1641a578-00b2-4973-955d-095bc254d709,2026-06-02,1
ED7EB265-1688-43F5-A87C-08DEAF1AF011,1641a578-00b2-4973-955d-095bc254d709,2026-06-03,1
D3041B5A-821D-46E3-A87D-08DEAF1AF011,1641a578-00b2-4973-955d-095bc254d709,2026-06-04,1
42BCF92D-4A32-4850-A87E-08DEAF1AF011,1641a578-00b2-4973-955d-095bc254d709,2026-06-05,1
F60FE8C3-BE84-4C56-A87F-08DEAF1AF011,1641a578-00b2-4973-955d-095bc254d709,2026-06-06,1
8832B188-87A4-4106-A880-08DEAF1AF011,1641a578-00b2-4973-955d-095bc254d709,2026-06-07,1
13760CCD-4ABA-486F-A881-08DEAF1AF011,38b41087-0565-4dea-8ddf-e3b522a14368,2026-07-05,1
CAB81A3A-BE0A-45F1-A882-08DEAF1AF011,38b41087-0565-4dea-8ddf-e3b522a14368,2026-07-06,1
495C70BC-2012-4A82-A883-08DEAF1AF011,38b41087-0565-4dea-8ddf-e3b522a14368,2026-07-07,1
CD0D63BB-ED87-428E-A884-08DEAF1AF011,38b41087-0565-4dea-8ddf-e3b522a14368,2026-07-08,1
6DC373F2-3324-483C-A885-08DEAF1AF011,38b41087-0565-4dea-8ddf-e3b522a14368,2026-07-09,1
F7DF1038-DDEF-48B3-A886-08DEAF1AF011,38b41087-0565-4dea-8ddf-e3b522a14368,2026-07-10,1
576D3775-63BA-4972-A887-08DEAF1AF011,38b41087-0565-4dea-8ddf-e3b522a14368,2026-07-11,1
2653EA82-C86B-4FD3-A888-08DEAF1AF011,38b41087-0565-4dea-8ddf-e3b522a14368,2026-07-12,1
C49B9C36-26F8-44C6-A889-08DEAF1AF011,38b41087-0565-4dea-8ddf-e3b522a14368,2026-08-23,1
15944B08-524A-4929-A88A-08DEAF1AF011,38b41087-0565-4dea-8ddf-e3b522a14368,2026-08-24,1
D3C60A37-8E21-4928-A88B-08DEAF1AF011,38b41087-0565-4dea-8ddf-e3b522a14368,2026-08-25,1
6896A76F-5B74-4EE0-A88C-08DEAF1AF011,38b41087-0565-4dea-8ddf-e3b522a14368,2026-08-26,1
18A2E6A0-F8AB-4EA6-A88D-08DEAF1AF011,38b41087-0565-4dea-8ddf-e3b522a14368,2026-08-27,1
D0E46E99-0191-48F1-A88E-08DEAF1AF011,38b41087-0565-4dea-8ddf-e3b522a14368,2026-08-28,1
89BDDC27-F183-4FE4-A88F-08DEAF1AF011,38b41087-0565-4dea-8ddf-e3b522a14368,2026-08-29,1
80C50296-A80B-4BAB-A890-08DEAF1AF011,38b41087-0565-4dea-8ddf-e3b522a14368,2026-08-30,1
B59824D3-241E-4F64-A891-08DEAF1AF011,d1123909-9ea0-46ac-b6bc-cd79543a0267,2026-05-21,2
9C384C8A-ECED-4398-A892-08DEAF1AF011,a4ad082b-fd58-4e76-9864-5a0339b700be,2026-05-18,2
F336423D-B248-49F6-A893-08DEAF1AF011,a4ad082b-fd58-4e76-9864-5a0339b700be,2026-05-20,2
3BB1712D-1805-4366-A894-08DEAF1AF011,a4ad082b-fd58-4e76-9864-5a0339b700be,2026-05-23,2
94D6BAE6-C2E5-4C29-A896-08DEAF1AF011,4da65404-40f7-408c-8831-dec60d86d60b,2026-05-20,2
2A5A7F40-B22E-40E6-A897-08DEAF1AF011,27e0791f-5767-4877-b1e4-c80aceb86623,2026-05-18,2
87DF4722-3FE5-4D5D-A898-08DEAF1AF011,27e0791f-5767-4877-b1e4-c80aceb86623,2026-06-22,1
5D9BC130-5446-4690-A899-08DEAF1AF011,27e0791f-5767-4877-b1e4-c80aceb86623,2026-06-23,1
3D210BAD-1826-4931-A89A-08DEAF1AF011,27e0791f-5767-4877-b1e4-c80aceb86623,2026-06-24,1
A493D070-8DFF-4D11-A89B-08DEAF1AF011,27e0791f-5767-4877-b1e4-c80aceb86623,2026-06-25,1
9BF844CD-75EF-4BB1-A89C-08DEAF1AF011,27e0791f-5767-4877-b1e4-c80aceb86623,2026-06-26,1
158A4B54-C507-498E-A89D-08DEAF1AF011,27e0791f-5767-4877-b1e4-c80aceb86623,2026-06-27,1
469A39D6-6618-4A32-A89E-08DEAF1AF011,27e0791f-5767-4877-b1e4-c80aceb86623,2026-06-28,1
40955CE7-182F-4298-A89F-08DEAF1AF011,27e0791f-5767-4877-b1e4-c80aceb86623,2026-08-06,1
946BFF83-A487-4B48-A8A0-08DEAF1AF011,27e0791f-5767-4877-b1e4-c80aceb86623,2026-08-07,1
0F4DFAA1-7F87-49DB-A8A1-08DEAF1AF011,27e0791f-5767-4877-b1e4-c80aceb86623,2026-08-08,1
D5D608A0-E6B9-45DF-A8A2-08DEAF1AF011,27e0791f-5767-4877-b1e4-c80aceb86623,2026-08-09,1
AEE66478-0B01-4A39-A8A3-08DEAF1AF011,27e0791f-5767-4877-b1e4-c80aceb86623,2026-08-10,1
6306F138-00F7-4956-A8A4-08DEAF1AF011,27e0791f-5767-4877-b1e4-c80aceb86623,2026-08-11,1
685EC4C4-2578-4D45-A8A5-08DEAF1AF011,27e0791f-5767-4877-b1e4-c80aceb86623,2026-08-12,1
41D9EDD3-13AE-4F5E-A8A6-08DEAF1AF011,27e0791f-5767-4877-b1e4-c80aceb86623,2026-08-13,1
2064582C-519B-4980-A8A7-08DEAF1AF011,27e0791f-5767-4877-b1e4-c80aceb86623,2026-08-14,1
0D5CB06E-922E-4AEE-A8A8-08DEAF1AF011,27e0791f-5767-4877-b1e4-c80aceb86623,2026-08-15,1
50D71F85-7568-4775-A8A9-08DEAF1AF011,27e0791f-5767-4877-b1e4-c80aceb86623,2026-08-16,1
4420FB7E-9383-451C-A8AA-08DEAF1AF011,27e0791f-5767-4877-b1e4-c80aceb86623,2026-08-17,1
7D139C88-BD2E-4F91-A8AB-08DEAF1AF011,27e0791f-5767-4877-b1e4-c80aceb86623,2026-08-18,1
6DBAC96A-F356-4F6F-A8AC-08DEAF1AF011,27e0791f-5767-4877-b1e4-c80aceb86623,2026-08-19,1
F066EBC0-1DE2-4D64-A8AD-08DEAF1AF011,27e0791f-5767-4877-b1e4-c80aceb86623,2026-08-20,1
EDE98702-F8DB-4B66-A8AE-08DEAF1AF011,27e0791f-5767-4877-b1e4-c80aceb86623,2026-06-08,2
DA2FDBB6-3C3B-4A84-A8AF-08DEAF1AF011,27e0791f-5767-4877-b1e4-c80aceb86623,2026-06-17,2
931AD93F-06A7-4EEA-A8B0-08DEAF1AF011,27e0791f-5767-4877-b1e4-c80aceb86623,2026-06-18,2
93E3D5E3-8C2B-4849-A8B1-08DEAF1AF011,d5900ef2-17fd-42da-b9ea-b20a194fec05,2026-05-25,2
B5F5C405-8798-4EB8-A8B2-08DEAF1AF011,d5900ef2-17fd-42da-b9ea-b20a194fec05,2026-05-30,2
7B2813D1-BB3A-46CF-A8B3-08DEAF1AF011,1ddcffe7-c2ad-4836-a35b-75b12da1d336,2026-05-21,2
EC6C58F2-E891-448C-A8B4-08DEAF1AF011,1ddcffe7-c2ad-4836-a35b-75b12da1d336,2026-05-18,2
455050E5-B9FA-441D-A8B5-08DEAF1AF011,1ddcffe7-c2ad-4836-a35b-75b12da1d336,2026-05-23,2
5E0B59E1-7B87-42CE-A8B6-08DEAF1AF011,9b1e36ac-7e99-4109-b4c6-9a85c1bf7719,2026-05-24,2
AA176C21-3961-4CB9-A8B7-08DEAF1AF011,c280d18d-86b9-4bba-85e6-2c00472efd9d,2026-05-22,2
ADAC4AC6-AE27-40A5-A8B8-08DEAF1AF011,c280d18d-86b9-4bba-85e6-2c00472efd9d,2026-05-23,2
EAE4AF71-1738-43B8-A8B9-08DEAF1AF011,c280d18d-86b9-4bba-85e6-2c00472efd9d,2026-05-24,2
21861921-144A-4A3E-5622-08DEAF79E012,9964c775-c7f7-42d2-9d2c-a75cb68487d1,2026-05-23,2
26C58DE8-345D-472A-5623-08DEAF79E012,7afecb62-aa18-4106-a82b-a906fa7e488d,2026-05-18,2
FA2B1962-1BE5-4F8B-5624-08DEAF79E012,ff7cc517-15bb-4dc9-a941-2902d92fc311,2026-06-22,1
1C1E971F-22F8-4385-5625-08DEAF79E012,ff7cc517-15bb-4dc9-a941-2902d92fc311,2026-06-23,1
06D55062-0840-4F4C-5626-08DEAF79E012,ff7cc517-15bb-4dc9-a941-2902d92fc311,2026-06-24,1
9993BEFF-5E60-4816-5627-08DEAF79E012,ff7cc517-15bb-4dc9-a941-2902d92fc311,2026-06-25,1
C6260173-9AE2-4140-5628-08DEAF79E012,ff7cc517-15bb-4dc9-a941-2902d92fc311,2026-06-26,1
7CE1DAB4-ABD5-4268-5629-08DEAF79E012,ff7cc517-15bb-4dc9-a941-2902d92fc311,2026-06-27,1
24E933E4-6231-40D5-562A-08DEAF79E012,ff7cc517-15bb-4dc9-a941-2902d92fc311,2026-06-28,1
18D6C956-FB20-4B97-562B-08DEAF79E012,ff7cc517-15bb-4dc9-a941-2902d92fc311,2026-08-31,1
9537AC96-9E6F-4462-562C-08DEAF79E012,ff7cc517-15bb-4dc9-a941-2902d92fc311,2026-09-01,1
268AF999-5ED9-4697-562D-08DEAF79E012,ff7cc517-15bb-4dc9-a941-2902d92fc311,2026-09-02,1
D429C94A-0BCB-48DB-562E-08DEAF79E012,ff7cc517-15bb-4dc9-a941-2902d92fc311,2026-09-03,1
F085F589-2CD6-4176-562F-08DEAF79E012,ff7cc517-15bb-4dc9-a941-2902d92fc311,2026-09-04,1
E3173A9B-9420-4569-5630-08DEAF79E012,ff7cc517-15bb-4dc9-a941-2902d92fc311,2026-09-05,1
C2FAED2A-0F30-4CD3-5631-08DEAF79E012,ff7cc517-15bb-4dc9-a941-2902d92fc311,2026-09-06,1
02E88322-FB3C-4D51-5632-08DEAF79E012,ff7cc517-15bb-4dc9-a941-2902d92fc311,2026-09-07,1
A590569E-C734-4E4D-5633-08DEAF79E012,ff7cc517-15bb-4dc9-a941-2902d92fc311,2026-09-08,1
7BA866DA-B2DF-422E-5634-08DEAF79E012,ff7cc517-15bb-4dc9-a941-2902d92fc311,2026-09-09,1
DBE4645F-6C92-4EE1-5635-08DEAF79E012,ff7cc517-15bb-4dc9-a941-2902d92fc311,2026-09-10,1
FED1D50A-0444-4897-5636-08DEAF79E012,ff7cc517-15bb-4dc9-a941-2902d92fc311,2026-09-11,1
27F711C7-1654-42EA-5637-08DEAF79E012,ff7cc517-15bb-4dc9-a941-2902d92fc311,2026-09-12,1
1126AD33-91A0-4D0D-5638-08DEAF79E012,ff7cc517-15bb-4dc9-a941-2902d92fc311,2026-09-13,1
47092485-6C65-4349-5639-08DEAF79E012,ff7cc517-15bb-4dc9-a941-2902d92fc311,2026-09-17,1
30A62C53-37E8-4565-563A-08DEAF79E012,ff7cc517-15bb-4dc9-a941-2902d92fc311,2026-09-18,1
89C819A0-8D1F-4A51-563B-08DEAF79E012,ff7cc517-15bb-4dc9-a941-2902d92fc311,2026-09-19,1
5D28BE32-A2AD-4619-563C-08DEAF79E012,ff7cc517-15bb-4dc9-a941-2902d92fc311,2026-09-20,1
07CBEAC6-214B-4457-563D-08DEAF79E012,ff7cc517-15bb-4dc9-a941-2902d92fc311,2026-09-21,1
EB9B1270-1DFC-4752-907C-08DEAFF49AA2,144bc00f-b27f-49a9-8664-9bcd79ea6975,2026-05-18,2
335FF32F-136D-44F0-907D-08DEAFF49AA2,144bc00f-b27f-49a9-8664-9bcd79ea6975,2026-05-24,2
237A06AB-3D0F-4E37-907F-08DEAFF49AA2,95bf29ca-f6b4-4fbb-88b1-46de45dcf625,2026-05-27,1
624C2B7C-53AF-49EF-9080-08DEAFF49AA2,95bf29ca-f6b4-4fbb-88b1-46de45dcf625,2026-06-26,1
B469EB00-4A46-40AF-9081-08DEAFF49AA2,95bf29ca-f6b4-4fbb-88b1-46de45dcf625,2026-06-27,1
72C7CDF1-090B-4361-9082-08DEAFF49AA2,95bf29ca-f6b4-4fbb-88b1-46de45dcf625,2026-06-28,1
C7226BB0-5937-43BE-9083-08DEAFF49AA2,95bf29ca-f6b4-4fbb-88b1-46de45dcf625,2026-08-10,1
1AFDC1AC-9611-47EA-9084-08DEAFF49AA2,95bf29ca-f6b4-4fbb-88b1-46de45dcf625,2026-08-11,1
DEBB4148-05E1-4E52-9085-08DEAFF49AA2,95bf29ca-f6b4-4fbb-88b1-46de45dcf625,2026-08-12,1
81209AC1-BD06-4768-9086-08DEAFF49AA2,95bf29ca-f6b4-4fbb-88b1-46de45dcf625,2026-08-13,1
563FB70B-2AFD-4B5B-9087-08DEAFF49AA2,95bf29ca-f6b4-4fbb-88b1-46de45dcf625,2026-08-14,1
FB7876BB-52B4-4250-9088-08DEAFF49AA2,95bf29ca-f6b4-4fbb-88b1-46de45dcf625,2026-08-15,1
8D2AA1AB-CE56-4D45-9089-08DEAFF49AA2,95bf29ca-f6b4-4fbb-88b1-46de45dcf625,2026-08-16,1
B468D349-C3F2-4954-908A-08DEAFF49AA2,95bf29ca-f6b4-4fbb-88b1-46de45dcf625,2026-08-17,1
4D6E9A02-E04F-4D1B-908B-08DEAFF49AA2,95bf29ca-f6b4-4fbb-88b1-46de45dcf625,2026-08-18,1
0C43B82B-4FB0-4F02-908C-08DEAFF49AA2,95bf29ca-f6b4-4fbb-88b1-46de45dcf625,2026-08-19,1
4BFFC219-A33D-4884-908D-08DEAFF49AA2,95bf29ca-f6b4-4fbb-88b1-46de45dcf625,2026-08-20,1
FD4AC547-40D8-4099-908E-08DEAFF49AA2,95bf29ca-f6b4-4fbb-88b1-46de45dcf625,2026-08-21,1
0975DC62-D60C-4F3F-908F-08DEAFF49AA2,95bf29ca-f6b4-4fbb-88b1-46de45dcf625,2026-08-22,1
703B689E-0AE3-4230-9090-08DEAFF49AA2,95bf29ca-f6b4-4fbb-88b1-46de45dcf625,2026-08-23,1
B71CB956-5C6E-4837-9091-08DEAFF49AA2,95bf29ca-f6b4-4fbb-88b1-46de45dcf625,2026-08-24,1
9F9A7E1C-680E-4847-9092-08DEAFF49AA2,f488e272-24db-42ce-9d36-80a013657223,2026-05-16,1
AC4DF08E-85FA-4D66-9093-08DEAFF49AA2,57f57d9a-735a-4bcc-afb6-f2799bd738a4,2026-07-18,1
589287AD-1EA6-473D-9094-08DEAFF49AA2,57f57d9a-735a-4bcc-afb6-f2799bd738a4,2026-07-19,1
C4AF5A67-6BF0-45CE-9095-08DEAFF49AA2,57f57d9a-735a-4bcc-afb6-f2799bd738a4,2026-07-20,1
3AAD5FA9-9760-4920-9096-08DEAFF49AA2,57f57d9a-735a-4bcc-afb6-f2799bd738a4,2026-07-21,1
098C892F-CF84-45D9-9097-08DEAFF49AA2,57f57d9a-735a-4bcc-afb6-f2799bd738a4,2026-07-22,1
C921241F-EA6D-4C92-9098-08DEAFF49AA2,57f57d9a-735a-4bcc-afb6-f2799bd738a4,2026-07-23,1
5E8969A1-9C93-4BAC-9099-08DEAFF49AA2,57f57d9a-735a-4bcc-afb6-f2799bd738a4,2026-07-24,1
79843133-0D67-4395-909A-08DEAFF49AA2,57f57d9a-735a-4bcc-afb6-f2799bd738a4,2026-07-25,1
E4588059-D392-4EBA-909B-08DEAFF49AA2,57f57d9a-735a-4bcc-afb6-f2799bd738a4,2026-07-26,1
FFB3385B-4C49-4A18-909C-08DEAFF49AA2,57f57d9a-735a-4bcc-afb6-f2799bd738a4,2026-09-07,1
984869FF-BA68-4D05-909D-08DEAFF49AA2,57f57d9a-735a-4bcc-afb6-f2799bd738a4,2026-09-08,1
E60C474B-BF32-45FD-909E-08DEAFF49AA2,57f57d9a-735a-4bcc-afb6-f2799bd738a4,2026-09-09,1
CD6AC5EE-06F0-4D0E-909F-08DEAFF49AA2,57f57d9a-735a-4bcc-afb6-f2799bd738a4,2026-09-10,1
45A8DFCC-3D3B-492D-90A0-08DEAFF49AA2,57f57d9a-735a-4bcc-afb6-f2799bd738a4,2026-09-11,1
B8C57ED6-A20C-4412-90A1-08DEAFF49AA2,57f57d9a-735a-4bcc-afb6-f2799bd738a4,2026-09-12,1
17523093-6B13-416B-90A2-08DEAFF49AA2,57f57d9a-735a-4bcc-afb6-f2799bd738a4,2026-09-13,1
F7535275-9C2E-4729-90A3-08DEAFF49AA2,1b96029f-d249-4657-97e1-ce4086f265fc,2026-08-10,1
CC80B675-E086-40ED-90A4-08DEAFF49AA2,1b96029f-d249-4657-97e1-ce4086f265fc,2026-08-11,1
6E758178-B5DD-4744-90A5-08DEAFF49AA2,1b96029f-d249-4657-97e1-ce4086f265fc,2026-08-12,1
08254A19-1BF8-4D0B-90A6-08DEAFF49AA2,1b96029f-d249-4657-97e1-ce4086f265fc,2026-08-13,1
20EB0E1A-CEF0-469D-90A7-08DEAFF49AA2,1b96029f-d249-4657-97e1-ce4086f265fc,2026-08-14,1
45961A1B-3280-439D-90A8-08DEAFF49AA2,1b96029f-d249-4657-97e1-ce4086f265fc,2026-08-15,1
36E952C3-7754-458B-90A9-08DEAFF49AA2,1b96029f-d249-4657-97e1-ce4086f265fc,2026-08-16,1
FD308BB9-264B-4A93-90AA-08DEAFF49AA2,1b96029f-d249-4657-97e1-ce4086f265fc,2026-08-17,1
FCC9E2CC-274A-4FAF-90AB-08DEAFF49AA2,1b96029f-d249-4657-97e1-ce4086f265fc,2026-08-18,1
A2B0A386-E5E1-4317-90AC-08DEAFF49AA2,1b96029f-d249-4657-97e1-ce4086f265fc,2026-08-19,1
A74802E2-0A3B-45B4-90AD-08DEAFF49AA2,1b96029f-d249-4657-97e1-ce4086f265fc,2026-08-20,1
9ADAC9BD-3638-4780-90AE-08DEAFF49AA2,1b96029f-d249-4657-97e1-ce4086f265fc,2026-08-21,1
CEE069F4-0AA8-4400-90AF-08DEAFF49AA2,1b96029f-d249-4657-97e1-ce4086f265fc,2026-08-22,1
CC878981-32AE-4753-90B0-08DEAFF49AA2,1b96029f-d249-4657-97e1-ce4086f265fc,2026-08-23,1
C8212A55-4873-41BE-90B1-08DEAFF49AA2,1916bf76-0235-4795-91ba-407148f8a703,2026-06-29,1
4707DFE2-2C2C-4D35-90B2-08DEAFF49AA2,1916bf76-0235-4795-91ba-407148f8a703,2026-06-30,1
3DB326A3-E82A-446D-90B3-08DEAFF49AA2,1916bf76-0235-4795-91ba-407148f8a703,2026-07-01,1
296840AB-0C94-4C7B-90B4-08DEAFF49AA2,1916bf76-0235-4795-91ba-407148f8a703,2026-07-02,1
C8A7D205-5370-4FD9-90B5-08DEAFF49AA2,1916bf76-0235-4795-91ba-407148f8a703,2026-07-03,1
0F995947-DF12-4D78-90B6-08DEAFF49AA2,1916bf76-0235-4795-91ba-407148f8a703,2026-07-04,1
0ADF033D-82BC-428E-90B7-08DEAFF49AA2,1916bf76-0235-4795-91ba-407148f8a703,2026-07-05,1
B7DF3B78-C3D6-4378-90B8-08DEAFF49AA2,1916bf76-0235-4795-91ba-407148f8a703,2026-07-06,1
E3E9A5D1-0B1E-4B87-90B9-08DEAFF49AA2,1916bf76-0235-4795-91ba-407148f8a703,2026-07-07,1
DD5C9204-24B4-4E46-90BA-08DEAFF49AA2,1916bf76-0235-4795-91ba-407148f8a703,2026-07-08,1
980AB783-30CC-4779-90BB-08DEAFF49AA2,1916bf76-0235-4795-91ba-407148f8a703,2026-07-09,1
63656918-9F31-4F63-90BC-08DEAFF49AA2,1916bf76-0235-4795-91ba-407148f8a703,2026-07-10,1
945EDE7C-6D5E-4A92-90BD-08DEAFF49AA2,1916bf76-0235-4795-91ba-407148f8a703,2026-07-11,1
0152F641-32C9-44A4-90BE-08DEAFF49AA2,1916bf76-0235-4795-91ba-407148f8a703,2026-07-12,1
269A98BC-A27D-4D18-90BF-08DEAFF49AA2,23585a8f-5bb9-44d7-a5f9-d7498c60ab2c,2026-06-04,1
05FDE20A-6E20-438D-90C0-08DEAFF49AA2,23585a8f-5bb9-44d7-a5f9-d7498c60ab2c,2026-06-05,1
24E4EAB9-70A1-4C8E-90C1-08DEAFF49AA2,23585a8f-5bb9-44d7-a5f9-d7498c60ab2c,2026-06-06,1
596E467B-7B1D-40F0-90C2-08DEAFF49AA2,23585a8f-5bb9-44d7-a5f9-d7498c60ab2c,2026-06-07,1
61FDEE2B-AA1B-4AE5-90C3-08DEAFF49AA2,23585a8f-5bb9-44d7-a5f9-d7498c60ab2c,2026-08-08,1
2180239E-8E6E-463D-90C4-08DEAFF49AA2,23585a8f-5bb9-44d7-a5f9-d7498c60ab2c,2026-08-09,1
51DB2CC5-AE11-469D-90C5-08DEAFF49AA2,23585a8f-5bb9-44d7-a5f9-d7498c60ab2c,2026-08-10,1
A6F74C54-55BC-473C-90C6-08DEAFF49AA2,23585a8f-5bb9-44d7-a5f9-d7498c60ab2c,2026-08-11,1
60BAB63B-1845-43CD-90C7-08DEAFF49AA2,23585a8f-5bb9-44d7-a5f9-d7498c60ab2c,2026-08-12,1
F29EDF25-74DF-45E7-90C8-08DEAFF49AA2,23585a8f-5bb9-44d7-a5f9-d7498c60ab2c,2026-08-13,1
55F9137E-CA79-4147-90C9-08DEAFF49AA2,23585a8f-5bb9-44d7-a5f9-d7498c60ab2c,2026-08-14,1
D7DB0520-5DC2-428C-90CA-08DEAFF49AA2,23585a8f-5bb9-44d7-a5f9-d7498c60ab2c,2026-08-15,1
3F4F31A8-9100-4930-90CB-08DEAFF49AA2,23585a8f-5bb9-44d7-a5f9-d7498c60ab2c,2026-08-16,1
EB763E90-B050-46E4-90CC-08DEAFF49AA2,23585a8f-5bb9-44d7-a5f9-d7498c60ab2c,2026-08-17,1
E9866AA8-3252-4E60-90CD-08DEAFF49AA2,23585a8f-5bb9-44d7-a5f9-d7498c60ab2c,2026-08-18,1
1A4213E3-A484-468E-90CE-08DEAFF49AA2,23585a8f-5bb9-44d7-a5f9-d7498c60ab2c,2026-08-19,1
1101D091-1528-4876-90CF-08DEAFF49AA2,23585a8f-5bb9-44d7-a5f9-d7498c60ab2c,2026-08-20,1
940E279E-4291-44FA-90D0-08DEAFF49AA2,23585a8f-5bb9-44d7-a5f9-d7498c60ab2c,2026-08-21,1
A66DAB53-AE9B-43CC-90D1-08DEAFF49AA2,23585a8f-5bb9-44d7-a5f9-d7498c60ab2c,2026-08-22,1
DA957ACA-4BA9-4E1F-90D2-08DEAFF49AA2,23585a8f-5bb9-44d7-a5f9-d7498c60ab2c,2026-08-23,1
D71E9E44-7BCB-4E34-90D3-08DEAFF49AA2,23585a8f-5bb9-44d7-a5f9-d7498c60ab2c,2026-06-28,2
994E65A8-D8A0-4EC2-90D4-08DEAFF49AA2,23585a8f-5bb9-44d7-a5f9-d7498c60ab2c,2026-07-23,2
5763869D-B5FB-4064-90D5-08DEAFF49AA2,23585a8f-5bb9-44d7-a5f9-d7498c60ab2c,2026-07-25,2
7BE81068-B1DA-470F-90D6-08DEAFF49AA2,4afd5d07-d782-4b98-92cb-eea7ca0104bf,2026-07-27,1
26026753-D37D-49AC-90D7-08DEAFF49AA2,4afd5d07-d782-4b98-92cb-eea7ca0104bf,2026-07-28,1
77D41A35-5AEA-4F4D-90D8-08DEAFF49AA2,4afd5d07-d782-4b98-92cb-eea7ca0104bf,2026-07-29,1
7B524E05-D12C-42DC-90D9-08DEAFF49AA2,4afd5d07-d782-4b98-92cb-eea7ca0104bf,2026-07-30,1
7CC8CD9E-3E23-4CD9-90DA-08DEAFF49AA2,4afd5d07-d782-4b98-92cb-eea7ca0104bf,2026-07-31,1
56D6ACE6-8041-4AB6-90DB-08DEAFF49AA2,4afd5d07-d782-4b98-92cb-eea7ca0104bf,2026-08-01,1
560F83D9-684E-40F7-90DC-08DEAFF49AA2,4afd5d07-d782-4b98-92cb-eea7ca0104bf,2026-08-02,1
64AF0CFC-92BF-4030-90DD-08DEAFF49AA2,4afd5d07-d782-4b98-92cb-eea7ca0104bf,2026-08-03,1
F9D1BE49-7541-4648-90DE-08DEAFF49AA2,4afd5d07-d782-4b98-92cb-eea7ca0104bf,2026-08-04,1
8CAE51A5-847A-4101-90DF-08DEAFF49AA2,4afd5d07-d782-4b98-92cb-eea7ca0104bf,2026-08-05,1
675BD2E7-1420-450A-90E0-08DEAFF49AA2,4afd5d07-d782-4b98-92cb-eea7ca0104bf,2026-08-06,1
35724ED1-5FF7-444C-90E1-08DEAFF49AA2,4afd5d07-d782-4b98-92cb-eea7ca0104bf,2026-08-07,1
2D4D9B8B-3619-434F-90E2-08DEAFF49AA2,4afd5d07-d782-4b98-92cb-eea7ca0104bf,2026-08-08,1
6DAD6AA8-27A4-4839-90E3-08DEAFF49AA2,4afd5d07-d782-4b98-92cb-eea7ca0104bf,2026-08-09,1
BE188ABC-6B00-4014-B708-08DEB0A8A2C5,f488e272-24db-42ce-9d36-80a013657223,2026-08-03,1
93D32439-7E89-4243-B709-08DEB0A8A2C5,f488e272-24db-42ce-9d36-80a013657223,2026-08-04,1
F5376F2F-6DE4-4451-B70A-08DEB0A8A2C5,f488e272-24db-42ce-9d36-80a013657223,2026-08-05,1
B2B7F258-4859-467E-B70B-08DEB0A8A2C5,f488e272-24db-42ce-9d36-80a013657223,2026-08-06,1
7C7FC26C-52E3-472D-B70C-08DEB0A8A2C5,f488e272-24db-42ce-9d36-80a013657223,2026-08-07,1
B728B49D-829F-456A-B70D-08DEB0A8A2C5,f488e272-24db-42ce-9d36-80a013657223,2026-08-08,1
E978C6CE-841B-4D20-B70E-08DEB0A8A2C5,f488e272-24db-42ce-9d36-80a013657223,2026-08-09,1
56B9BF72-642A-4FEA-B70F-08DEB0A8A2C5,f488e272-24db-42ce-9d36-80a013657223,2026-08-10,1
801D40DF-D976-437F-B710-08DEB0A8A2C5,f488e272-24db-42ce-9d36-80a013657223,2026-08-11,1
47783E57-41F9-4226-B711-08DEB0A8A2C5,f488e272-24db-42ce-9d36-80a013657223,2026-08-12,1
15C6F102-3040-4C31-B712-08DEB0A8A2C5,f488e272-24db-42ce-9d36-80a013657223,2026-08-13,1
33FCDCB6-CCE1-4A77-B713-08DEB0A8A2C5,f488e272-24db-42ce-9d36-80a013657223,2026-08-14,1
860CED75-9C59-4127-B714-08DEB0A8A2C5,f488e272-24db-42ce-9d36-80a013657223,2026-08-15,1
5747B443-495A-4649-B715-08DEB0A8A2C5,f488e272-24db-42ce-9d36-80a013657223,2026-08-16,1
298D2A7E-F497-4C58-B716-08DEB0A8A2C5,f488e272-24db-42ce-9d36-80a013657223,2026-08-25,1
123DCDDA-0EE7-4CE3-B717-08DEB0A8A2C5,f488e272-24db-42ce-9d36-80a013657223,2026-08-26,1
49C95CD0-E869-4701-B718-08DEB0A8A2C5,f488e272-24db-42ce-9d36-80a013657223,2026-08-27,1
1759A62E-5261-4152-B719-08DEB0A8A2C5,f488e272-24db-42ce-9d36-80a013657223,2026-08-28,1
21922527-C505-46B2-B71A-08DEB0A8A2C5,f488e272-24db-42ce-9d36-80a013657223,2026-06-07,2
6A7D2B86-DD13-4331-B71C-08DEB0A8A2C5,57f57d9a-735a-4bcc-afb6-f2799bd738a4,2026-05-26,2
116CF88F-6283-442E-B71D-08DEB0A8A2C5,1ddcffe7-c2ad-4836-a35b-75b12da1d336,2026-07-15,1
9EFAA77F-24C8-422C-B71E-08DEB0A8A2C5,1ddcffe7-c2ad-4836-a35b-75b12da1d336,2026-07-16,1
737F62A0-3EAE-4DF0-B71F-08DEB0A8A2C5,1ddcffe7-c2ad-4836-a35b-75b12da1d336,2026-07-17,1
2CF3A38B-FF09-486F-B720-08DEB0A8A2C5,1ddcffe7-c2ad-4836-a35b-75b12da1d336,2026-07-18,1
0E5F6C22-229C-4D30-B721-08DEB0A8A2C5,1ddcffe7-c2ad-4836-a35b-75b12da1d336,2026-07-19,1
FC6B6652-9B41-419D-B722-08DEB0A8A2C5,1ddcffe7-c2ad-4836-a35b-75b12da1d336,2026-07-20,1
323DA1EC-94C7-46B0-B723-08DEB0A8A2C5,1ddcffe7-c2ad-4836-a35b-75b12da1d336,2026-07-21,1
EFD38A09-0015-48F5-B724-08DEB0A8A2C5,1ddcffe7-c2ad-4836-a35b-75b12da1d336,2026-07-22,1
95D307B3-38A7-4926-B725-08DEB0A8A2C5,1ddcffe7-c2ad-4836-a35b-75b12da1d336,2026-07-23,1
912543D4-2273-4E0C-B726-08DEB0A8A2C5,1ddcffe7-c2ad-4836-a35b-75b12da1d336,2026-07-24,1
F2AD007C-CB0F-43FB-B727-08DEB0A8A2C5,1ddcffe7-c2ad-4836-a35b-75b12da1d336,2026-07-25,1
DBB47A88-F5C0-45E8-B728-08DEB0A8A2C5,1ddcffe7-c2ad-4836-a35b-75b12da1d336,2026-07-26,1
6378B855-6F4D-4649-B729-08DEB0A8A2C5,1ddcffe7-c2ad-4836-a35b-75b12da1d336,2026-08-16,1
C2466307-3314-4FB6-B72A-08DEB0A8A2C5,1ddcffe7-c2ad-4836-a35b-75b12da1d336,2026-08-17,1
7A2EDE8E-2301-46FF-B72B-08DEB0A8A2C5,1ddcffe7-c2ad-4836-a35b-75b12da1d336,2026-08-18,1
B5C5E28E-4674-4F14-B72C-08DEB0A8A2C5,1ddcffe7-c2ad-4836-a35b-75b12da1d336,2026-08-19,1
586E8C51-27F9-4F1D-B72D-08DEB0A8A2C5,1ddcffe7-c2ad-4836-a35b-75b12da1d336,2026-08-20,1
BA13842D-BB79-46C5-B72E-08DEB0A8A2C5,1ddcffe7-c2ad-4836-a35b-75b12da1d336,2026-08-21,1
00E83106-40F0-4C78-B72F-08DEB0A8A2C5,1ddcffe7-c2ad-4836-a35b-75b12da1d336,2026-08-22,1
D4CAE860-D3EE-4F33-B730-08DEB0A8A2C5,1ddcffe7-c2ad-4836-a35b-75b12da1d336,2026-08-23,1
EFA3ED02-DCD3-403E-B731-08DEB0A8A2C5,1ddcffe7-c2ad-4836-a35b-75b12da1d336,2026-08-24,1
E27BE364-EDB6-4356-B732-08DEB0A8A2C5,1ddcffe7-c2ad-4836-a35b-75b12da1d336,2026-08-25,1
6F8D4DEC-0146-4931-B733-08DEB0A8A2C5,1ddcffe7-c2ad-4836-a35b-75b12da1d336,2026-08-26,1
38B45FCA-89F1-4A94-7509-08DEB0C3C377,9249db54-a23a-48e5-847d-cae130c90544,2026-06-26,1
788B647F-7D39-4836-750A-08DEB0C3C377,9249db54-a23a-48e5-847d-cae130c90544,2026-06-27,1
0CFF12CC-FCAD-487B-750B-08DEB0C3C377,9249db54-a23a-48e5-847d-cae130c90544,2026-06-28,1
94B2B7DB-4F3A-44C0-750C-08DEB0C3C377,9249db54-a23a-48e5-847d-cae130c90544,2026-07-23,1
24DC50CA-8E7D-42D6-750D-08DEB0C3C377,9249db54-a23a-48e5-847d-cae130c90544,2026-07-24,1
B7A4D2BE-5DB8-46D1-750E-08DEB0C3C377,9249db54-a23a-48e5-847d-cae130c90544,2026-07-25,1
03975D1E-09F8-428E-750F-08DEB0C3C377,9249db54-a23a-48e5-847d-cae130c90544,2026-07-26,1
7DC72949-C123-41E8-7510-08DEB0C3C377,9249db54-a23a-48e5-847d-cae130c90544,2026-07-27,1
C18E6000-2CC7-48BD-7511-08DEB0C3C377,9249db54-a23a-48e5-847d-cae130c90544,2026-07-28,1
71338FC2-B628-426C-7512-08DEB0C3C377,9249db54-a23a-48e5-847d-cae130c90544,2026-07-29,1
31FA568C-AF1B-43D7-7513-08DEB0C3C377,9249db54-a23a-48e5-847d-cae130c90544,2026-07-30,1
30E5FE7A-6CC2-4089-7514-08DEB0C3C377,9249db54-a23a-48e5-847d-cae130c90544,2026-07-31,1
CE44C3B1-160C-4FA1-7515-08DEB0C3C377,9249db54-a23a-48e5-847d-cae130c90544,2026-08-01,1
BE91D2C3-2319-403D-7516-08DEB0C3C377,9249db54-a23a-48e5-847d-cae130c90544,2026-08-02,1
32539E7A-DABD-4572-7517-08DEB0C3C377,8d97501c-e7a6-46e6-9882-10ee0dea5a69,2026-05-18,2
F993EEF6-8BAB-4DDC-7518-08DEB0C3C377,c71ec1ec-5e2b-4c33-8c89-de5897a207a6,2026-07-27,1
7012CC99-DBF0-4934-7519-08DEB0C3C377,c71ec1ec-5e2b-4c33-8c89-de5897a207a6,2026-07-28,1
B0678F61-FCE1-4441-751A-08DEB0C3C377,c71ec1ec-5e2b-4c33-8c89-de5897a207a6,2026-07-29,1
6D6492B9-73D2-4A29-751B-08DEB0C3C377,c71ec1ec-5e2b-4c33-8c89-de5897a207a6,2026-07-30,1
3DC682CE-7C83-4B95-751C-08DEB0C3C377,c71ec1ec-5e2b-4c33-8c89-de5897a207a6,2026-07-31,1
3A947573-7D2A-4F6E-751D-08DEB0C3C377,c71ec1ec-5e2b-4c33-8c89-de5897a207a6,2026-08-01,1
DEC7DFCC-BF5D-4281-751E-08DEB0C3C377,c71ec1ec-5e2b-4c33-8c89-de5897a207a6,2026-08-02,1
2AA018AF-82A0-4472-751F-08DEB0C3C377,c71ec1ec-5e2b-4c33-8c89-de5897a207a6,2026-08-03,1
C358B563-9765-4A10-7520-08DEB0C3C377,c71ec1ec-5e2b-4c33-8c89-de5897a207a6,2026-08-04,1
CD0D0A6A-B4B6-424F-7521-08DEB0C3C377,c71ec1ec-5e2b-4c33-8c89-de5897a207a6,2026-08-05,1
F9D4F501-7F09-4F96-7522-08DEB0C3C377,c71ec1ec-5e2b-4c33-8c89-de5897a207a6,2026-08-06,1
0C035001-6031-4E39-7523-08DEB0C3C377,c71ec1ec-5e2b-4c33-8c89-de5897a207a6,2026-08-07,1
84CD3960-804F-4750-7524-08DEB0C3C377,c71ec1ec-5e2b-4c33-8c89-de5897a207a6,2026-08-08,1
00E02BB3-822B-4AD0-7525-08DEB0C3C377,c71ec1ec-5e2b-4c33-8c89-de5897a207a6,2026-08-09,1
2FAEB3A3-9A15-4907-EB84-08DEB0F0CBA1,f17d430a-5b83-47c8-ac20-77c5fe7864f7,2026-05-21,2
1C2711BE-FC88-4C3E-EB85-08DEB0F0CBA1,d6bb32c2-721c-4e93-b32d-96b031accd42,2026-05-30,2
FE0AE88F-39D7-436E-01D3-08DEB10C22D8,fa431862-6ab2-46f0-91f3-97ae1452fc85,2026-08-10,1
C4D236A7-14ED-42BA-01D4-08DEB10C22D8,fa431862-6ab2-46f0-91f3-97ae1452fc85,2026-08-11,1
6C4896AC-7E17-4959-01D5-08DEB10C22D8,fa431862-6ab2-46f0-91f3-97ae1452fc85,2026-08-12,1
F68E6AF7-5E90-46D5-01D6-08DEB10C22D8,fa431862-6ab2-46f0-91f3-97ae1452fc85,2026-08-13,1
C5E82565-694D-4948-01D7-08DEB10C22D8,fa431862-6ab2-46f0-91f3-97ae1452fc85,2026-08-14,1
D14D4F7C-0D91-4B92-01D8-08DEB10C22D8,fa431862-6ab2-46f0-91f3-97ae1452fc85,2026-08-15,1
0D791929-2B38-4973-01D9-08DEB10C22D8,fa431862-6ab2-46f0-91f3-97ae1452fc85,2026-08-16,1
E4394A1D-BA8C-4023-01DA-08DEB10C22D8,fa431862-6ab2-46f0-91f3-97ae1452fc85,2026-08-17,1
34E2C1A2-A0AD-4B88-01DB-08DEB10C22D8,fa431862-6ab2-46f0-91f3-97ae1452fc85,2026-08-18,1
AC9BDC25-76A6-4479-01DC-08DEB10C22D8,fa431862-6ab2-46f0-91f3-97ae1452fc85,2026-08-19,1
9140E633-44E1-473D-01DD-08DEB10C22D8,fa431862-6ab2-46f0-91f3-97ae1452fc85,2026-08-20,1
58FC02D0-9B1B-4795-01DE-08DEB10C22D8,fa431862-6ab2-46f0-91f3-97ae1452fc85,2026-08-21,1
E1E4DA88-E102-4D5C-01DF-08DEB10C22D8,fa431862-6ab2-46f0-91f3-97ae1452fc85,2026-08-22,1
6E331859-FD23-4CAE-01E0-08DEB10C22D8,fa431862-6ab2-46f0-91f3-97ae1452fc85,2026-08-23,1
EAFAC2A2-EB09-4CCB-A54D-08DEB184EC2C,9b1e36ac-7e99-4109-b4c6-9a85c1bf7719,2026-05-20,2
53C274BA-D651-4B86-A54E-08DEB184EC2C,f488e272-24db-42ce-9d36-80a013657223,2026-06-13,2
4D74C8C8-AFDD-4377-5C1A-08DEB1A0E3D1,b8eaaef1-8890-4d24-8c6c-3db23f8812a0,2026-06-07,2
40129401-44FB-4E0A-5C1B-08DEB1A0E3D1,7afecb62-aa18-4106-a82b-a906fa7e488d,2026-08-02,1
62DF03A0-B00A-419A-5C1C-08DEB1A0E3D1,7afecb62-aa18-4106-a82b-a906fa7e488d,2026-08-03,1
33733A92-2747-490C-5C1D-08DEB1A0E3D1,7afecb62-aa18-4106-a82b-a906fa7e488d,2026-08-04,1
29499BD2-DDD3-4CAC-5C1E-08DEB1A0E3D1,7afecb62-aa18-4106-a82b-a906fa7e488d,2026-08-05,1
95B9066E-3F79-42E9-5C1F-08DEB1A0E3D1,7afecb62-aa18-4106-a82b-a906fa7e488d,2026-08-06,1
21681E88-F4B6-45A4-5C20-08DEB1A0E3D1,7afecb62-aa18-4106-a82b-a906fa7e488d,2026-08-07,1
9B94880B-8055-4272-5C21-08DEB1A0E3D1,7afecb62-aa18-4106-a82b-a906fa7e488d,2026-08-08,1
CAA0864F-AA50-4AC5-5C22-08DEB1A0E3D1,7afecb62-aa18-4106-a82b-a906fa7e488d,2026-08-09,1
BAAF5245-DC38-4A42-5C23-08DEB1A0E3D1,7afecb62-aa18-4106-a82b-a906fa7e488d,2026-08-10,1
72745A0C-4AC0-44FD-5C24-08DEB1A0E3D1,7afecb62-aa18-4106-a82b-a906fa7e488d,2026-08-11,1
467A0E2B-521D-44EE-5C25-08DEB1A0E3D1,7afecb62-aa18-4106-a82b-a906fa7e488d,2026-08-12,1
CB5F8962-DD06-4EDB-5C26-08DEB1A0E3D1,7afecb62-aa18-4106-a82b-a906fa7e488d,2026-08-13,1
2511327F-9773-406D-5C27-08DEB1A0E3D1,7afecb62-aa18-4106-a82b-a906fa7e488d,2026-08-14,1
A38E1AE2-0D2E-4423-5C28-08DEB1A0E3D1,7afecb62-aa18-4106-a82b-a906fa7e488d,2026-08-15,1
0F2FCE4E-4506-44D0-5C29-08DEB1A0E3D1,7afecb62-aa18-4106-a82b-a906fa7e488d,2026-08-19,1
9523276E-B354-4D30-5C2A-08DEB1A0E3D1,7afecb62-aa18-4106-a82b-a906fa7e488d,2026-08-20,1
93345306-E7A2-48BC-5C2B-08DEB1A0E3D1,7afecb62-aa18-4106-a82b-a906fa7e488d,2026-08-21,1
5A8C7798-E399-4948-5C2C-08DEB1A0E3D1,7afecb62-aa18-4106-a82b-a906fa7e488d,2026-08-22,1
284422A5-3194-4BED-5C2D-08DEB1A0E3D1,7afecb62-aa18-4106-a82b-a906fa7e488d,2026-08-01,2
263DE589-7560-4F09-5C2E-08DEB1A0E3D1,d6bb32c2-721c-4e93-b32d-96b031accd42,2026-05-31,2
B5F458DE-8947-453A-5C2F-08DEB1A0E3D1,ff7cc517-15bb-4dc9-a941-2902d92fc311,2026-05-25,2
3974530E-7189-4219-5C30-08DEB1A0E3D1,10005f55-8589-4836-800d-4b8bba0bf675,2026-07-05,1
B5DFBB2B-F0F0-489E-5C31-08DEB1A0E3D1,10005f55-8589-4836-800d-4b8bba0bf675,2026-07-06,1
483BF717-53CF-49BD-5C32-08DEB1A0E3D1,10005f55-8589-4836-800d-4b8bba0bf675,2026-07-07,1
3153A5F3-2A2D-40ED-5C33-08DEB1A0E3D1,10005f55-8589-4836-800d-4b8bba0bf675,2026-07-08,1
7794217F-2B43-4088-5C34-08DEB1A0E3D1,10005f55-8589-4836-800d-4b8bba0bf675,2026-07-09,1
19528FF3-C55C-4C61-5C35-08DEB1A0E3D1,10005f55-8589-4836-800d-4b8bba0bf675,2026-07-10,1
5C2F2940-650A-416B-5C36-08DEB1A0E3D1,10005f55-8589-4836-800d-4b8bba0bf675,2026-07-11,1
F657654E-E3B3-4EB6-5C37-08DEB1A0E3D1,10005f55-8589-4836-800d-4b8bba0bf675,2026-07-12,1
A4A943C0-743A-4CAC-5C38-08DEB1A0E3D1,10005f55-8589-4836-800d-4b8bba0bf675,2026-07-29,1
A9D2E844-9963-4B40-5C39-08DEB1A0E3D1,10005f55-8589-4836-800d-4b8bba0bf675,2026-07-30,1
C930F74E-4EF1-4850-5C3A-08DEB1A0E3D1,10005f55-8589-4836-800d-4b8bba0bf675,2026-07-31,1
2FA5AF24-16AA-4DCF-5C3B-08DEB1A0E3D1,10005f55-8589-4836-800d-4b8bba0bf675,2026-08-01,1
892CC2D6-2173-4556-5C3C-08DEB1A0E3D1,10005f55-8589-4836-800d-4b8bba0bf675,2026-08-02,1
0772213D-C8E7-433C-5C3D-08DEB1A0E3D1,10005f55-8589-4836-800d-4b8bba0bf675,2026-08-03,1
E24FE504-3B44-4458-5C3E-08DEB1A0E3D1,10005f55-8589-4836-800d-4b8bba0bf675,2026-08-04,1
B4A59D91-347B-40F1-5C3F-08DEB1A0E3D1,10005f55-8589-4836-800d-4b8bba0bf675,2026-08-05,1
05D41280-24BD-4931-7ADD-08DEB1D1C4CB,0d2b5c5a-8a41-4997-ad20-a604731bb160,2026-08-14,1
8FEFA268-DF29-49E6-7ADE-08DEB1D1C4CB,0d2b5c5a-8a41-4997-ad20-a604731bb160,2026-08-15,1
D0489FFA-1B75-4061-7ADF-08DEB1D1C4CB,0d2b5c5a-8a41-4997-ad20-a604731bb160,2026-08-16,1
ACA173A2-0139-476E-7AE0-08DEB1D1C4CB,0d2b5c5a-8a41-4997-ad20-a604731bb160,2026-08-17,1
7F7ECFEC-32D6-44AA-7AE1-08DEB1D1C4CB,0d2b5c5a-8a41-4997-ad20-a604731bb160,2026-08-18,1
0D2FF58E-F10B-4BEA-7AE2-08DEB1D1C4CB,0d2b5c5a-8a41-4997-ad20-a604731bb160,2026-08-19,1
252D9AB1-B7E2-4758-7AE3-08DEB1D1C4CB,0d2b5c5a-8a41-4997-ad20-a604731bb160,2026-08-20,1
EFA7C4FC-C5FF-441D-7AE4-08DEB1D1C4CB,0d2b5c5a-8a41-4997-ad20-a604731bb160,2026-08-21,1
DE41E4CB-95FA-49A9-7AE5-08DEB1D1C4CB,0d2b5c5a-8a41-4997-ad20-a604731bb160,2026-08-22,1
42002495-252E-4E3C-7AE6-08DEB1D1C4CB,0d2b5c5a-8a41-4997-ad20-a604731bb160,2026-08-23,1
AB5CCA58-509D-47B1-7AE7-08DEB1D1C4CB,0d2b5c5a-8a41-4997-ad20-a604731bb160,2026-08-24,1
3AAB7C73-5088-421E-7AE8-08DEB1D1C4CB,0d2b5c5a-8a41-4997-ad20-a604731bb160,2026-08-25,1
B9354164-9A00-4433-7AE9-08DEB1D1C4CB,0d2b5c5a-8a41-4997-ad20-a604731bb160,2026-08-26,1
A59F7DC7-A083-454E-7AEA-08DEB1D1C4CB,0d2b5c5a-8a41-4997-ad20-a604731bb160,2026-08-27,1
109FAF69-E1FA-47CB-7AEB-08DEB1D1C4CB,0d2b5c5a-8a41-4997-ad20-a604731bb160,2026-08-28,1
36D200D4-26F3-49E2-7AEC-08DEB1D1C4CB,0d2b5c5a-8a41-4997-ad20-a604731bb160,2026-08-29,1
C5D6FCA0-76EE-456E-7AED-08DEB1D1C4CB,0d2b5c5a-8a41-4997-ad20-a604731bb160,2026-08-30,1
B569DE0D-61BC-4CD7-7AEE-08DEB1D1C4CB,fafe9819-8c58-4398-a1cc-77584270b6ed,2026-08-10,1
0534FD9C-744F-452C-7AEF-08DEB1D1C4CB,fafe9819-8c58-4398-a1cc-77584270b6ed,2026-08-11,1
2D594D50-6963-44B0-7AF0-08DEB1D1C4CB,fafe9819-8c58-4398-a1cc-77584270b6ed,2026-08-12,1
705C996B-64C2-4873-7AF1-08DEB1D1C4CB,fafe9819-8c58-4398-a1cc-77584270b6ed,2026-08-13,1
7AC01B3F-61F6-4965-7AF2-08DEB1D1C4CB,fafe9819-8c58-4398-a1cc-77584270b6ed,2026-08-14,1
1821CB31-005E-41E6-7AF3-08DEB1D1C4CB,fafe9819-8c58-4398-a1cc-77584270b6ed,2026-08-15,1
08676235-4B70-4228-7AF4-08DEB1D1C4CB,fafe9819-8c58-4398-a1cc-77584270b6ed,2026-08-16,1
E15B0501-BED2-4D0B-7AF5-08DEB1D1C4CB,fafe9819-8c58-4398-a1cc-77584270b6ed,2026-10-19,1
3A5A9358-A2C1-48DE-7AF6-08DEB1D1C4CB,fafe9819-8c58-4398-a1cc-77584270b6ed,2026-10-20,1
33C2E5EA-45AB-449A-7AF7-08DEB1D1C4CB,fafe9819-8c58-4398-a1cc-77584270b6ed,2026-10-21,1
C7B32BD5-852E-431F-7AF8-08DEB1D1C4CB,fafe9819-8c58-4398-a1cc-77584270b6ed,2026-10-22,1
117CFDE3-7548-458F-7AF9-08DEB1D1C4CB,fafe9819-8c58-4398-a1cc-77584270b6ed,2026-10-23,1
25274E3D-3630-44C1-7AFA-08DEB1D1C4CB,fafe9819-8c58-4398-a1cc-77584270b6ed,2026-10-24,1
9D01A00B-D8C6-4D14-7AFB-08DEB1D1C4CB,fafe9819-8c58-4398-a1cc-77584270b6ed,2026-10-25,1
BA502CCB-4E92-41B2-7AFC-08DEB1D1C4CB,fafe9819-8c58-4398-a1cc-77584270b6ed,2026-10-26,1
561BA244-32F2-4899-7AFD-08DEB1D1C4CB,fafe9819-8c58-4398-a1cc-77584270b6ed,2026-10-27,1
6B9D75B4-E1DB-45F5-7AFE-08DEB1D1C4CB,fafe9819-8c58-4398-a1cc-77584270b6ed,2026-10-28,1
12C15D07-7C9C-409C-7AFF-08DEB1D1C4CB,fafe9819-8c58-4398-a1cc-77584270b6ed,2026-10-29,1
C12DAEDE-C354-47E4-7B00-08DEB1D1C4CB,fafe9819-8c58-4398-a1cc-77584270b6ed,2026-10-30,1
DA777CC7-2C39-4DB1-7B01-08DEB1D1C4CB,fafe9819-8c58-4398-a1cc-77584270b6ed,2026-10-31,1
A7F9D4BC-09F3-4413-7B02-08DEB1D1C4CB,fafe9819-8c58-4398-a1cc-77584270b6ed,2026-11-01,1
5DBE8C00-60ED-4CB6-7594-08DEB246DBC4,57f57d9a-735a-4bcc-afb6-f2799bd738a4,2026-06-03,2
C8DA523B-E8B4-4435-7595-08DEB246DBC4,57f57d9a-735a-4bcc-afb6-f2799bd738a4,2026-06-04,2
5580A2CC-B35A-4185-7596-08DEB246DBC4,c280d18d-86b9-4bba-85e6-2c00472efd9d,2026-06-27,1
1594BB16-A61C-455F-7597-08DEB246DBC4,c280d18d-86b9-4bba-85e6-2c00472efd9d,2026-06-28,1
976EF503-BCD5-41BC-7598-08DEB246DBC4,c280d18d-86b9-4bba-85e6-2c00472efd9d,2026-06-29,1
3CD4D00F-93C3-4438-7599-08DEB246DBC4,c280d18d-86b9-4bba-85e6-2c00472efd9d,2026-07-13,1
EBEA7B4E-DB0F-4E62-759A-08DEB246DBC4,c280d18d-86b9-4bba-85e6-2c00472efd9d,2026-07-14,1
74918DDD-2117-495D-759B-08DEB246DBC4,c280d18d-86b9-4bba-85e6-2c00472efd9d,2026-07-15,1
07AB1E3F-86C9-4A53-759C-08DEB246DBC4,c280d18d-86b9-4bba-85e6-2c00472efd9d,2026-07-16,1
6489B864-B4DE-4FD9-759D-08DEB246DBC4,c280d18d-86b9-4bba-85e6-2c00472efd9d,2026-07-17,1
0C2FB9A3-EB1E-49DA-759E-08DEB246DBC4,c280d18d-86b9-4bba-85e6-2c00472efd9d,2026-07-18,1
119C45B2-681C-4FDF-759F-08DEB246DBC4,c280d18d-86b9-4bba-85e6-2c00472efd9d,2026-07-19,1
E56BB709-72C2-434C-75A0-08DEB246DBC4,c280d18d-86b9-4bba-85e6-2c00472efd9d,2026-07-20,1
5C24771F-33A3-41D5-75A1-08DEB246DBC4,c280d18d-86b9-4bba-85e6-2c00472efd9d,2026-07-21,1
E4454549-E4B3-451B-75A2-08DEB246DBC4,c280d18d-86b9-4bba-85e6-2c00472efd9d,2026-07-22,1
408FD11C-6310-41E0-75A3-08DEB246DBC4,c280d18d-86b9-4bba-85e6-2c00472efd9d,2026-07-23,1
A20910A8-CFE6-4D5F-75A4-08DEB246DBC4,c280d18d-86b9-4bba-85e6-2c00472efd9d,2026-08-24,1
2EFD35E5-AA5A-45AE-75A5-08DEB246DBC4,c280d18d-86b9-4bba-85e6-2c00472efd9d,2026-08-25,1
A2300454-58E4-40F8-75A6-08DEB246DBC4,c280d18d-86b9-4bba-85e6-2c00472efd9d,2026-08-26,1
F9BE936C-65D8-418A-75A7-08DEB246DBC4,c280d18d-86b9-4bba-85e6-2c00472efd9d,2026-08-27,1
53028EDF-081D-4D6E-75A8-08DEB246DBC4,c280d18d-86b9-4bba-85e6-2c00472efd9d,2026-08-28,1
88E8AF6A-D677-4D03-75A9-08DEB246DBC4,c280d18d-86b9-4bba-85e6-2c00472efd9d,2026-08-29,1
A8D81CF8-7118-4668-75AA-08DEB246DBC4,c280d18d-86b9-4bba-85e6-2c00472efd9d,2026-08-30,1
52246134-13AA-4656-75AB-08DEB246DBC4,d5900ef2-17fd-42da-b9ea-b20a194fec05,2026-06-22,1
3E90413D-E7AE-44A9-75AC-08DEB246DBC4,d5900ef2-17fd-42da-b9ea-b20a194fec05,2026-06-23,1
ED51C016-1E50-49F9-75AD-08DEB246DBC4,d5900ef2-17fd-42da-b9ea-b20a194fec05,2026-06-24,1
E9039723-CAFC-4F58-75AE-08DEB246DBC4,d5900ef2-17fd-42da-b9ea-b20a194fec05,2026-06-25,1
58CDD947-3B11-47F2-75AF-08DEB246DBC4,d5900ef2-17fd-42da-b9ea-b20a194fec05,2026-06-26,1
833E2B2F-9E12-4BF1-75B0-08DEB246DBC4,d5900ef2-17fd-42da-b9ea-b20a194fec05,2026-06-27,1
86711A15-3DC9-41F6-75B1-08DEB246DBC4,d5900ef2-17fd-42da-b9ea-b20a194fec05,2026-06-28,1
AD99A753-CBE0-42AD-75B2-08DEB246DBC4,d5900ef2-17fd-42da-b9ea-b20a194fec05,2026-07-13,1
DE16BAE6-96DE-440C-75B3-08DEB246DBC4,d5900ef2-17fd-42da-b9ea-b20a194fec05,2026-07-14,1
FABDC632-2A21-483D-75B4-08DEB246DBC4,d5900ef2-17fd-42da-b9ea-b20a194fec05,2026-07-15,1
F63FAF86-1BDF-4424-75B5-08DEB246DBC4,d5900ef2-17fd-42da-b9ea-b20a194fec05,2026-07-16,1
5F93531F-E2A0-414A-75B6-08DEB246DBC4,d5900ef2-17fd-42da-b9ea-b20a194fec05,2026-07-17,1
29A17D13-C20E-4DE0-75B7-08DEB246DBC4,d5900ef2-17fd-42da-b9ea-b20a194fec05,2026-07-18,1
B9CA462A-4725-4147-75B8-08DEB246DBC4,d5900ef2-17fd-42da-b9ea-b20a194fec05,2026-07-19,1
64D11312-C2BF-4B91-75B9-08DEB246DBC4,2320cb1b-d64f-4486-aabe-9754c12a1d06,2026-05-30,1
1BF285DD-7A51-48CC-75BA-08DEB246DBC4,2320cb1b-d64f-4486-aabe-9754c12a1d06,2026-05-31,2
3E5C7507-0121-4891-75BB-08DEB246DBC4,6548dfd4-e2fb-4d11-8745-1f62d8dd322c,2026-05-30,2
2A00829A-4A26-4F67-75BC-08DEB246DBC4,6548dfd4-e2fb-4d11-8745-1f62d8dd322c,2026-05-31,2
2F2722BD-E1A3-4800-75BD-08DEB246DBC4,157e4c9d-980e-4897-ad5f-f4c5c301f195,2026-05-22,1
C4EBCAA2-869A-4360-75BE-08DEB246DBC4,4da65404-40f7-408c-8831-dec60d86d60b,2026-05-22,2
008A0C22-3722-4C99-75C1-08DEB246DBC4,477951d3-95b8-4933-ad3b-ae6f86eafc55,2026-07-26,1
820F1258-ED27-4B6B-75C2-08DEB246DBC4,477951d3-95b8-4933-ad3b-ae6f86eafc55,2026-07-27,1
323ECEFE-AC2F-4D13-75C3-08DEB246DBC4,477951d3-95b8-4933-ad3b-ae6f86eafc55,2026-07-28,1
68845850-5053-40D8-75C4-08DEB246DBC4,477951d3-95b8-4933-ad3b-ae6f86eafc55,2026-07-29,1
A32B3748-C97E-42D4-75C5-08DEB246DBC4,477951d3-95b8-4933-ad3b-ae6f86eafc55,2026-07-30,1
320B2E51-6B4D-49DE-75C6-08DEB246DBC4,477951d3-95b8-4933-ad3b-ae6f86eafc55,2026-07-31,1
57651B1C-F0CA-4005-75C7-08DEB246DBC4,477951d3-95b8-4933-ad3b-ae6f86eafc55,2026-08-01,1
CD0F9815-9528-4208-75C8-08DEB246DBC4,477951d3-95b8-4933-ad3b-ae6f86eafc55,2026-08-02,1
77720C5F-6919-4422-75C9-08DEB246DBC4,477951d3-95b8-4933-ad3b-ae6f86eafc55,2026-08-03,1
A61060FE-9FFB-4C2A-75CA-08DEB246DBC4,477951d3-95b8-4933-ad3b-ae6f86eafc55,2026-08-04,1
FAFC8EB4-7CB4-47D2-75CB-08DEB246DBC4,477951d3-95b8-4933-ad3b-ae6f86eafc55,2026-08-05,1
CA5CDD5E-1C80-48CF-75CC-08DEB246DBC4,477951d3-95b8-4933-ad3b-ae6f86eafc55,2026-08-06,1
12A7AFEC-63B8-4DE9-75CD-08DEB246DBC4,477951d3-95b8-4933-ad3b-ae6f86eafc55,2026-08-07,1
04B6A780-C560-4FA1-75CE-08DEB246DBC4,477951d3-95b8-4933-ad3b-ae6f86eafc55,2026-08-08,1
006D9A4C-4CD9-4838-75CF-08DEB246DBC4,477951d3-95b8-4933-ad3b-ae6f86eafc55,2026-07-05,1
F83A2B6D-DC66-4E21-75D0-08DEB246DBC4,477951d3-95b8-4933-ad3b-ae6f86eafc55,2026-07-06,1
5877E36E-2245-41A7-75D1-08DEB246DBC4,477951d3-95b8-4933-ad3b-ae6f86eafc55,2026-07-07,1
B936CD51-AB7F-4384-75D2-08DEB246DBC4,477951d3-95b8-4933-ad3b-ae6f86eafc55,2026-07-08,1
76C72B21-22EE-4F3E-75D3-08DEB246DBC4,477951d3-95b8-4933-ad3b-ae6f86eafc55,2026-07-09,1
95AFEE78-D9F4-403C-75D4-08DEB246DBC4,477951d3-95b8-4933-ad3b-ae6f86eafc55,2026-08-26,1
2FF48CDD-2D5B-4D17-75D5-08DEB246DBC4,477951d3-95b8-4933-ad3b-ae6f86eafc55,2026-08-27,1
041FE2F3-7C87-43A9-75D6-08DEB246DBC4,477951d3-95b8-4933-ad3b-ae6f86eafc55,2026-08-28,1
3C8DF2C1-C056-4690-75D7-08DEB246DBC4,477951d3-95b8-4933-ad3b-ae6f86eafc55,2026-08-29,1
2B76D5A1-C7CC-4A41-75D8-08DEB246DBC4,477951d3-95b8-4933-ad3b-ae6f86eafc55,2026-08-30,1
1D70E36C-72F7-4AED-75D9-08DEB246DBC4,477951d3-95b8-4933-ad3b-ae6f86eafc55,2026-05-28,2
44BF0C5E-0D5B-4F45-75DA-08DEB246DBC4,925fe8e4-a2de-433d-8c9d-b07fd34a8c36,2026-08-01,1
395CA78D-50E9-4D99-75DB-08DEB246DBC4,925fe8e4-a2de-433d-8c9d-b07fd34a8c36,2026-08-02,1
AD88E59B-89A1-4623-75DC-08DEB246DBC4,925fe8e4-a2de-433d-8c9d-b07fd34a8c36,2026-08-03,1
5E491290-38AD-4133-75DD-08DEB246DBC4,925fe8e4-a2de-433d-8c9d-b07fd34a8c36,2026-08-04,1
BBF69CC4-B9A2-41C5-75DE-08DEB246DBC4,925fe8e4-a2de-433d-8c9d-b07fd34a8c36,2026-08-05,1
49C898E0-50F6-4B5C-75DF-08DEB246DBC4,925fe8e4-a2de-433d-8c9d-b07fd34a8c36,2026-08-06,1
165977E3-0894-42A0-75E0-08DEB246DBC4,925fe8e4-a2de-433d-8c9d-b07fd34a8c36,2026-08-07,1
A0738ADE-7215-44E4-75E1-08DEB246DBC4,925fe8e4-a2de-433d-8c9d-b07fd34a8c36,2026-08-08,1
C03F4D71-FE68-4D10-75E2-08DEB246DBC4,925fe8e4-a2de-433d-8c9d-b07fd34a8c36,2026-08-09,1
99A44634-E25B-48D0-75E3-08DEB246DBC4,925fe8e4-a2de-433d-8c9d-b07fd34a8c36,2026-09-05,1
92B9CD09-A877-4F6B-75E4-08DEB246DBC4,925fe8e4-a2de-433d-8c9d-b07fd34a8c36,2026-09-06,1
3DA3F280-306F-4A29-75E5-08DEB246DBC4,925fe8e4-a2de-433d-8c9d-b07fd34a8c36,2026-09-07,1
6035AAAA-2376-4752-75E6-08DEB246DBC4,925fe8e4-a2de-433d-8c9d-b07fd34a8c36,2026-09-08,1
44723FE1-B4C7-48B6-75E7-08DEB246DBC4,925fe8e4-a2de-433d-8c9d-b07fd34a8c36,2026-09-09,1
5D4C3944-138B-40BF-75E8-08DEB246DBC4,925fe8e4-a2de-433d-8c9d-b07fd34a8c36,2026-09-10,1
83572AD1-C611-45E9-75E9-08DEB246DBC4,925fe8e4-a2de-433d-8c9d-b07fd34a8c36,2026-09-11,1
BE189828-590E-49CE-75EA-08DEB246DBC4,925fe8e4-a2de-433d-8c9d-b07fd34a8c36,2026-09-12,1
99CB673E-BC78-4195-75EB-08DEB246DBC4,925fe8e4-a2de-433d-8c9d-b07fd34a8c36,2026-09-13,1
316686F2-4261-4A57-B330-08DEB30D4412,1641a578-00b2-4973-955d-095bc254d709,2026-05-26,2
CB6B0D72-23E0-438C-B331-08DEB30D4412,1641a578-00b2-4973-955d-095bc254d709,2026-05-29,2
CFE8AA96-7A1F-4D5C-B332-08DEB30D4412,9964c775-c7f7-42d2-9d2c-a75cb68487d1,2026-07-23,1
8A97A34D-85A7-4A06-B333-08DEB30D4412,9964c775-c7f7-42d2-9d2c-a75cb68487d1,2026-07-24,1
8537C6F4-9DA1-4A74-B334-08DEB30D4412,9964c775-c7f7-42d2-9d2c-a75cb68487d1,2026-07-25,1
D7CE8A6A-143E-475D-B335-08DEB30D4412,9964c775-c7f7-42d2-9d2c-a75cb68487d1,2026-07-26,1
45D54A6D-4B06-4697-B336-08DEB30D4412,9964c775-c7f7-42d2-9d2c-a75cb68487d1,2026-07-27,1
FE434A88-3671-4C5F-B337-08DEB30D4412,9964c775-c7f7-42d2-9d2c-a75cb68487d1,2026-07-28,1
2C863FCE-EE2F-45AA-B338-08DEB30D4412,9964c775-c7f7-42d2-9d2c-a75cb68487d1,2026-07-29,1
D88A09A7-B42A-4374-B339-08DEB30D4412,9964c775-c7f7-42d2-9d2c-a75cb68487d1,2026-07-30,1
70FC3DFF-4F7B-43DB-B33A-08DEB30D4412,9964c775-c7f7-42d2-9d2c-a75cb68487d1,2026-07-31,1
6A13D53F-827A-4483-B33B-08DEB30D4412,9964c775-c7f7-42d2-9d2c-a75cb68487d1,2026-08-01,1
7E4D8EE7-5CA9-4B89-B33C-08DEB30D4412,9964c775-c7f7-42d2-9d2c-a75cb68487d1,2026-08-02,1
A3771678-3B85-4B00-B33D-08DEB30D4412,9964c775-c7f7-42d2-9d2c-a75cb68487d1,2026-08-31,1
7EB4A047-F18D-40F7-B33E-08DEB30D4412,9964c775-c7f7-42d2-9d2c-a75cb68487d1,2026-09-01,1
C25A3470-1FE7-4CE4-B33F-08DEB30D4412,9964c775-c7f7-42d2-9d2c-a75cb68487d1,2026-09-02,1
AAA0B4D1-F724-4493-B340-08DEB30D4412,9964c775-c7f7-42d2-9d2c-a75cb68487d1,2026-09-03,1
8B8AA169-DABF-48FC-B341-08DEB30D4412,9964c775-c7f7-42d2-9d2c-a75cb68487d1,2026-09-04,1
567A29E8-BFD1-4E2E-B342-08DEB30D4412,9964c775-c7f7-42d2-9d2c-a75cb68487d1,2026-09-05,1
EC444B2D-19F2-4860-B343-08DEB30D4412,9964c775-c7f7-42d2-9d2c-a75cb68487d1,2026-09-06,1
F34A9DE3-40F5-4E2B-B344-08DEB30D4412,9964c775-c7f7-42d2-9d2c-a75cb68487d1,2026-09-07,1
1AF19054-3A62-4CFB-B345-08DEB30D4412,9964c775-c7f7-42d2-9d2c-a75cb68487d1,2026-09-08,1
FA7E7BB6-4D58-43AE-B346-08DEB30D4412,9964c775-c7f7-42d2-9d2c-a75cb68487d1,2026-09-09,1
39D1E375-3DB0-44E7-B347-08DEB30D4412,d5900ef2-17fd-42da-b9ea-b20a194fec05,2026-06-21,2
47796B49-5BEF-4D01-B348-08DEB30D4412,d5900ef2-17fd-42da-b9ea-b20a194fec05,2026-07-12,2
6916122C-E434-4695-7A7C-08DEB34E1B00,413e6437-7712-4672-8d5f-80a6c94ef119,2026-05-30,2
42CFED02-076F-4B80-7A7D-08DEB34E1B00,413e6437-7712-4672-8d5f-80a6c94ef119,2026-05-31,2
893AA5C8-347C-4AAD-CD05-08DEB362D21F,299503c0-1a91-43dd-8b64-b2b35f44afd6,2026-05-26,2
EB218768-2974-4D09-CD06-08DEB362D21F,299503c0-1a91-43dd-8b64-b2b35f44afd6,2026-05-27,2
DBD82906-A490-465D-CD07-08DEB362D21F,f538e494-84f3-4ea8-ae3b-f0f142294fbe,2026-05-27,2
01FB0697-0B98-48B5-CD08-08DEB362D21F,f538e494-84f3-4ea8-ae3b-f0f142294fbe,2026-05-29,2
212C3688-40B2-4BD0-CD09-08DEB362D21F,6663d684-ce88-47ff-a4f7-e40d3b82a13f,2026-05-31,1
7EBD2F64-E74D-44B1-CD0A-08DEB362D21F,6663d684-ce88-47ff-a4f7-e40d3b82a13f,2026-06-01,1
D76B66FF-0087-42AE-CD0B-08DEB362D21F,6663d684-ce88-47ff-a4f7-e40d3b82a13f,2026-06-02,1
6B3EB63B-BD90-4108-CD0C-08DEB362D21F,6663d684-ce88-47ff-a4f7-e40d3b82a13f,2026-07-26,1
8E85BBDF-BFFF-444D-CD0D-08DEB362D21F,6663d684-ce88-47ff-a4f7-e40d3b82a13f,2026-07-27,1
BCAA28F1-5734-451A-CD0E-08DEB362D21F,6663d684-ce88-47ff-a4f7-e40d3b82a13f,2026-07-28,1
D117DDA0-CCB0-4E61-CD0F-08DEB362D21F,6663d684-ce88-47ff-a4f7-e40d3b82a13f,2026-07-29,1
46D68240-8F76-4E28-CD10-08DEB362D21F,6663d684-ce88-47ff-a4f7-e40d3b82a13f,2026-07-30,1
D01841B0-11CF-4DFE-CD11-08DEB362D21F,6663d684-ce88-47ff-a4f7-e40d3b82a13f,2026-07-31,1
3EEF742C-B636-448A-CD12-08DEB362D21F,6663d684-ce88-47ff-a4f7-e40d3b82a13f,2026-08-01,1
E54B64F2-17FA-4D36-CD13-08DEB362D21F,6663d684-ce88-47ff-a4f7-e40d3b82a13f,2026-08-02,1
89606724-11F8-4271-CD14-08DEB362D21F,6663d684-ce88-47ff-a4f7-e40d3b82a13f,2026-08-03,1
B9FBF8E2-8D6F-4F15-CD15-08DEB362D21F,6663d684-ce88-47ff-a4f7-e40d3b82a13f,2026-08-04,1
89727959-393A-4F4A-CD16-08DEB362D21F,6663d684-ce88-47ff-a4f7-e40d3b82a13f,2026-08-05,1
A7688B43-77CB-4A76-CD17-08DEB362D21F,6663d684-ce88-47ff-a4f7-e40d3b82a13f,2026-08-06,1
73224807-969D-4F99-CD18-08DEB362D21F,6663d684-ce88-47ff-a4f7-e40d3b82a13f,2026-08-07,1
06ED3130-79BA-4D47-CD19-08DEB362D21F,6663d684-ce88-47ff-a4f7-e40d3b82a13f,2026-08-08,1
8B5F049D-29B8-4D41-CD1A-08DEB362D21F,6663d684-ce88-47ff-a4f7-e40d3b82a13f,2026-08-09,1
1A085701-5869-4BC2-CD1B-08DEB362D21F,6663d684-ce88-47ff-a4f7-e40d3b82a13f,2026-08-10,1
F63B71AF-E9A2-48CA-CD1C-08DEB362D21F,6663d684-ce88-47ff-a4f7-e40d3b82a13f,2026-08-11,1
16E72BB5-4B56-4E2C-CD1D-08DEB362D21F,6663d684-ce88-47ff-a4f7-e40d3b82a13f,2026-09-07,1
34229B63-2C34-4B26-CD1E-08DEB362D21F,6663d684-ce88-47ff-a4f7-e40d3b82a13f,2026-09-08,1
04DF0BD7-ACD4-4801-CD1F-08DEB362D21F,6663d684-ce88-47ff-a4f7-e40d3b82a13f,2026-09-09,1
DB004CEB-F132-40A7-CD20-08DEB362D21F,6663d684-ce88-47ff-a4f7-e40d3b82a13f,2026-09-10,1
5746898C-87B0-426E-CD21-08DEB362D21F,6663d684-ce88-47ff-a4f7-e40d3b82a13f,2026-09-11,1
2EF4B25E-18EF-4879-CD22-08DEB362D21F,6663d684-ce88-47ff-a4f7-e40d3b82a13f,2026-09-12,1
46542387-B362-4824-CD23-08DEB362D21F,6663d684-ce88-47ff-a4f7-e40d3b82a13f,2026-09-13,1
761B79CD-7F86-4C75-5CEB-08DEB38B9FEC,1ddcffe7-c2ad-4836-a35b-75b12da1d336,2026-05-29,2
86DCAF68-4169-404C-286F-08DEB4115C83,fa431862-6ab2-46f0-91f3-97ae1452fc85,2026-05-31,2
D1B0E73E-1222-4402-2871-08DEB4115C83,57f57d9a-735a-4bcc-afb6-f2799bd738a4,2026-06-01,2
CB72EB54-327C-48F0-2872-08DEB4115C83,57f57d9a-735a-4bcc-afb6-f2799bd738a4,2026-05-30,2
CE3CC087-A678-48DC-2873-08DEB4115C83,57f57d9a-735a-4bcc-afb6-f2799bd738a4,2026-06-05,2
B84C3F0B-C525-44A2-2874-08DEB4115C83,57f57d9a-735a-4bcc-afb6-f2799bd738a4,2026-06-06,2
3D87AB52-9F2F-4BAC-2875-08DEB4115C83,2c075776-4fd8-49f3-b781-7842bd8156de,2026-05-25,2
743C15B7-CF1C-4ED1-2876-08DEB4115C83,2c075776-4fd8-49f3-b781-7842bd8156de,2026-05-30,2
2DF0B612-A410-4B4C-E543-08DEB45C4E1A,d71b50b4-750e-4644-9786-becc6520c6d7,2026-05-26,2
9E9860FF-0F1B-4536-E544-08DEB45C4E1A,d71b50b4-750e-4644-9786-becc6520c6d7,2026-05-30,2
CDD57F4F-3ADE-439A-E545-08DEB45C4E1A,d71b50b4-750e-4644-9786-becc6520c6d7,2026-05-27,2
28971A37-47DE-48EA-75EF-08DEB48BF278,f538e494-84f3-4ea8-ae3b-f0f142294fbe,2026-05-28,2
FCD73421-2C8A-4BFE-CBCA-08DEB4A4ED3C,d5900ef2-17fd-42da-b9ea-b20a194fec05,2026-05-27,2
4DE61F73-B42E-48A1-CBCC-08DEB4A4ED3C,38b41087-0565-4dea-8ddf-e3b522a14368,2026-05-25,2
C88B0294-7B1C-4178-CBCD-08DEB4A4ED3C,38b41087-0565-4dea-8ddf-e3b522a14368,2026-05-26,2
9255492F-029E-4A0C-CBCE-08DEB4A4ED3C,a4ad082b-fd58-4e76-9864-5a0339b700be,2026-05-26,1
9AE61699-D635-4893-CBCF-08DEB4A4ED3C,a4ad082b-fd58-4e76-9864-5a0339b700be,2026-05-25,2
1122F9B6-EF87-4307-CBD0-08DEB4A4ED3C,a4ad082b-fd58-4e76-9864-5a0339b700be,2026-05-30,2
9152803C-9811-4B42-CBD1-08DEB4A4ED3C,a4ad082b-fd58-4e76-9864-5a0339b700be,2026-05-31,2
5E1AF359-135B-4603-CBD2-08DEB4A4ED3C,144bc00f-b27f-49a9-8664-9bcd79ea6975,2026-05-29,2
749B25FC-A5A6-47EA-CBD3-08DEB4A4ED3C,144bc00f-b27f-49a9-8664-9bcd79ea6975,2026-05-27,2
090B7C2E-EDB1-44B8-CBD5-08DEB4A4ED3C,4d71f5cd-5e03-4e0e-b17d-593586b88b99,2026-05-26,2
12836202-664D-4A77-CBD6-08DEB4A4ED3C,4d71f5cd-5e03-4e0e-b17d-593586b88b99,2026-05-27,2
47D1A6B1-534D-4BFB-CBD7-08DEB4A4ED3C,4d71f5cd-5e03-4e0e-b17d-593586b88b99,2026-05-29,2
6C14C484-B728-424D-CBD8-08DEB4A4ED3C,144bc00f-b27f-49a9-8664-9bcd79ea6975,2026-05-30,2
422ABCAC-04D0-43CB-CBD9-08DEB4A4ED3C,144bc00f-b27f-49a9-8664-9bcd79ea6975,2026-05-30,2
2ADD0E18-F678-4A22-CBDB-08DEB4A4ED3C,fafe9819-8c58-4398-a1cc-77584270b6ed,2026-05-30,2
696448F1-F98C-4E81-CBDC-08DEB4A4ED3C,ff7cc517-15bb-4dc9-a941-2902d92fc311,2026-05-27,2
078F6AEF-85CD-45C5-CBDD-08DEB4A4ED3C,4da65404-40f7-408c-8831-dec60d86d60b,2026-05-26,2
1D962F4C-1858-42FA-CBDE-08DEB4A4ED3C,4da65404-40f7-408c-8831-dec60d86d60b,2026-05-28,2
19881D84-408F-4A12-CBDF-08DEB4A4ED3C,4da65404-40f7-408c-8831-dec60d86d60b,2026-05-30,2
81C397E5-1B1C-4AFB-58E8-08DEB5208E77,0fac737b-0e61-46db-a27a-52730d65cb9a,2026-05-27,2
86BECF10-2522-4CE4-58E9-08DEB5208E77,0fac737b-0e61-46db-a27a-52730d65cb9a,2026-05-25,2
FC48AA55-D9D3-4E40-58EA-08DEB5208E77,0fac737b-0e61-46db-a27a-52730d65cb9a,2026-05-30,2
7F30B6D5-34B0-4A45-0732-08DEB5733F2B,1a75df7a-e558-47c6-8af0-033582318b99,2026-07-06,2
64852947-2156-40AE-0733-08DEB5733F2B,43072b87-23d4-4ad6-88f8-7999ef3c86ca,2026-05-31,2
8CF05786-5AB4-433D-0734-08DEB5733F2B,43072b87-23d4-4ad6-88f8-7999ef3c86ca,2026-05-25,2
1852A919-883B-43F2-36EC-08DEB57E4071,1916bf76-0235-4795-91ba-407148f8a703,2026-05-30,2
D6956D56-978A-4F82-36ED-08DEB57E4071,1916bf76-0235-4795-91ba-407148f8a703,2026-05-31,2
